,0,1,2,3,4,5,6,7,8,9,10,11,12,13,14,15,16,17,18,19,20,21,22,23,24,25,26,27,28,29,30,31,32,33,34,35,36,37,38,39,40,41,42,43,44,45,46,47,48,49
0,0.03131699562072754,0.045632123947143555,0.008136272430419922,0.034873247146606445,0.1142582893371582,0.023530960083007812,0.05707907676696777,0.08847594261169434,0.05200624465942383,0.030696868896484375,0.13026714324951172,0.015459060668945312,0.04083681106567383,0.08883190155029297,0.008453130722045898,0.044196128845214844,0.09632396697998047,0.005959987640380859,0.5119030475616455,0.039739131927490234,0.0915980339050293,0.05069708824157715,0.03815507888793945,0.02753925323486328,0.05431485176086426,0.036210060119628906,0.004538774490356445,0.04177713394165039,0.033438920974731445,0.057472944259643555,0.0846409797668457,0.04448580741882324,0.05093193054199219,0.044554948806762695,0.05391216278076172,0.03452801704406738,0.09344005584716797,0.006606101989746094,0.004289865493774414,0.09751605987548828,0.018842220306396484,0.02653217315673828,0.029062986373901367,0.026394128799438477,0.03218507766723633,0.06702899932861328,0.009634971618652344,0.006323099136352539,0.03371071815490723,0.09257006645202637
1,0.5955839157104492,0.0929269790649414,0.025507688522338867,0.027771949768066406,0.04711723327636719,0.04818010330200195,0.044096946716308594,0.08503293991088867,0.04183340072631836,0.061712026596069336,0.04772019386291504,0.023874998092651367,0.03070688247680664,0.043010711669921875,0.03010106086730957,0.04338407516479492,0.0537106990814209,0.046228885650634766,0.2312760353088379,0.024013757705688477,0.04616808891296387,0.10431218147277832,0.025983810424804688,0.05633211135864258,0.05188775062561035,0.08897185325622559,0.02938103675842285,0.02769184112548828,0.025764942169189453,0.02244400978088379,0.16892504692077637,0.04606890678405762,0.04697012901306152,0.04463386535644531,0.041799068450927734,0.0632939338684082,0.04215502738952637,0.041947126388549805,0.09827685356140137,0.03769278526306152,0.02964615821838379,0.4270310401916504,0.03116297721862793,0.050058841705322266,0.08122611045837402,0.022137880325317383,0.06312799453735352,0.03394818305969238,0.04028511047363281,0.0839240550994873
2,0.11078619956970215,0.5229213237762451,0.04542803764343262,0.04568910598754883,0.11154007911682129,0.049169301986694336,0.2397599220275879,0.1776130199432373,0.039223670959472656,0.026444196701049805,0.19722890853881836,0.03149008750915527,0.08777499198913574,0.037840843200683594,0.02593708038330078,0.030443906784057617,0.15527915954589844,0.04255986213684082,0.22029781341552734,0.0890343189239502,0.03558707237243652,0.02708888053894043,0.06104683876037598,0.02382802963256836,0.15363788604736328,0.1291201114654541,0.06268692016601562,0.029346942901611328,0.02298760414123535,0.2551870346069336,0.20646882057189941,0.038253068923950195,0.039318084716796875,0.041176795959472656,0.04205322265625,0.026958703994750977,0.2083439826965332,0.09404706954956055,0.04115486145019531,0.2762129306793213,0.0272369384765625,0.22504591941833496,0.026196002960205078,0.07607007026672363,0.05052685737609863,0.1884610652923584,0.02786707878112793,0.044153690338134766,0.024562835693359375,0.4240880012512207
3,0.42920708656311035,0.22433996200561523,0.02699422836303711,0.04700970649719238,0.22812700271606445,0.030859947204589844,0.20517516136169434,0.4751579761505127,0.02925586700439453,0.17043590545654297,0.4976949691772461,0.10697221755981445,0.1757068634033203,0.16038799285888672,0.030565977096557617,0.03727388381958008,0.2389059066772461,0.0471949577331543,0.24353575706481934,0.16895318031311035,0.13842105865478516,0.17333602905273438,0.1613311767578125,0.7845251560211182,0.24310302734375,0.24811315536499023,0.03714299201965332,0.2684338092803955,0.02673506736755371,0.24767112731933594,0.2304089069366455,0.04987382888793945,0.041723012924194336,0.039849042892456055,0.18615293502807617,0.15509676933288574,0.21454596519470215,0.04148387908935547,0.0395352840423584,0.20946383476257324,0.021957874298095703,0.23651790618896484,0.0214691162109375,0.06369996070861816,0.11162281036376953,0.2374107837677002,0.06291508674621582,0.038159847259521484,0.05802607536315918,0.20817303657531738
4,0.2289721965789795,0.23269009590148926,0.15163803100585938,0.1344587802886963,0.22426700592041016,0.36226892471313477,0.5208609104156494,0.2519209384918213,0.22776412963867188,0.23681259155273438,0.24271512031555176,0.5001332759857178,0.22859406471252441,0.21810102462768555,0.029305219650268555,0.11014389991760254,0.23226308822631836,0.24881887435913086,0.2068169116973877,0.21572232246398926,0.20714783668518066,0.21314501762390137,0.22595810890197754,0.2158489227294922,0.24676799774169922,0.2426469326019287,0.20788121223449707,0.23105597496032715,0.13431096076965332,0.209611177444458,0.22063326835632324,0.11179089546203613,0.18377399444580078,0.12033510208129883,0.22951173782348633,0.2289888858795166,0.21154570579528809,0.3747739791870117,0.21350502967834473,0.21779108047485352,0.3186507225036621,0.23546433448791504,0.13362693786621094,0.23699688911437988,0.21759796142578125,0.21875,0.2268679141998291,0.048197031021118164,0.34929895401000977,0.2067263126373291
5,0.20897603034973145,0.20463323593139648,0.2088172435760498,0.23525714874267578,0.21337437629699707,0.21876096725463867,0.2095019817352295,0.22934198379516602,0.27263593673706055,0.229172945022583,0.21043682098388672,0.21366310119628906,0.2360858917236328,0.2311251163482666,0.40043091773986816,0.21158504486083984,0.3633840084075928,0.22494888305664062,0.2322540283203125,0.2377018928527832,0.2222428321838379,0.5513651371002197,0.22823715209960938,0.21866893768310547,0.24040436744689941,0.23745989799499512,0.22519588470458984,0.20361804962158203,0.23657894134521484,0.21031713485717773,0.2425239086151123,0.23567605018615723,0.4053828716278076,0.21551203727722168,0.228193998336792,0.22779107093811035,0.22553491592407227,0.21316027641296387,0.20561599731445312,0.2389209270477295,0.22773003578186035,0.2311100959777832,0.3658928871154785,0.48766636848449707,0.2147839069366455,0.2208571434020996,0.837623119354248,0.24275493621826172,0.22004389762878418,0.23981690406799316
6,0.22243189811706543,0.20382165908813477,0.22949576377868652,0.20531916618347168,0.2060549259185791,0.20464587211608887,0.2372269630432129,0.2153761386871338,0.20543313026428223,0.2158820629119873,0.22308683395385742,0.22860002517700195,0.24022817611694336,0.2062971591949463,0.24628686904907227,0.23389792442321777,0.23486995697021484,0.20173096656799316,0.21424102783203125,0.23364806175231934,0.21422481536865234,0.23293685913085938,0.20932412147521973,0.23365235328674316,0.22250866889953613,0.22802996635437012,0.205153226852417,0.23769283294677734,0.23786020278930664,0.20935916900634766,0.21547794342041016,0.20847320556640625,0.23174786567687988,0.2230679988861084,0.23252511024475098,0.21022605895996094,0.22557902336120605,0.2320859432220459,0.22029805183410645,0.2135908603668213,0.2245790958404541,0.5054631233215332,0.23121905326843262,0.23891282081604004,0.24912095069885254,0.20303606986999512,0.23036623001098633,0.22592401504516602,0.23141765594482422,0.2172989845275879
7,0.22401833534240723,0.23194670677185059,0.20677685737609863,0.2328958511352539,0.24130487442016602,0.2320082187652588,0.22607088088989258,0.23040199279785156,0.21046876907348633,0.24293303489685059,0.23426008224487305,0.20338988304138184,0.20902585983276367,0.23702692985534668,0.23513293266296387,0.20581889152526855,0.2328650951385498,0.2267920970916748,0.20360875129699707,0.22908306121826172,0.2371819019317627,0.20260906219482422,0.25361108779907227,0.21870112419128418,0.20304107666015625,0.20917415618896484,0.22271203994750977,0.24001312255859375,0.2360379695892334,0.22725605964660645,0.23091793060302734,0.23054790496826172,0.518150806427002,0.21877813339233398,0.2368612289428711,0.24437713623046875,0.22631001472473145,0.20760416984558105,0.2170701026916504,0.22336912155151367,0.23465967178344727,0.21375298500061035,0.2037510871887207,0.2509889602661133,0.22920966148376465,0.21247076988220215,0.21037793159484863,0.4571402072906494,0.2428600788116455,0.21893095970153809
8,0.21210217475891113,0.22457098960876465,0.2069399356842041,0.22150087356567383,0.20569086074829102,0.21746182441711426,0.2122819423675537,0.235795259475708,0.2227342128753662,0.21105265617370605,0.24739599227905273,0.20937800407409668,0.20507216453552246,0.23362016677856445,0.23507094383239746,0.24712610244750977,0.2100830078125,0.2197868824005127,0.23293590545654297,0.2082653045654297,0.23211312294006348,0.21085882186889648,0.23385214805603027,0.29480886459350586,0.2199258804321289,0.24593281745910645,0.24017119407653809,0.2492070198059082,0.23485302925109863,0.23452401161193848,0.24860692024230957,0.23056983947753906,0.21218204498291016,0.23499584197998047,0.23270606994628906,0.2436532974243164,0.20508790016174316,0.23393702507019043,0.7218079566955566,0.21739411354064941,0.23579120635986328,0.23353099822998047,0.243988037109375,0.2334280014038086,0.20983600616455078,0.24633431434631348,0.2562699317932129,0.23220396041870117,0.25362586975097656,0.22991418838500977
9,0.22468304634094238,0.2359330654144287,0.24338984489440918,0.23284411430358887,0.8695540428161621,0.22163701057434082,0.23015928268432617,0.2241971492767334,0.22763299942016602,0.21782398223876953,0.21630406379699707,0.2359330654144287,0.23348617553710938,0.2048490047454834,0.20608186721801758,0.2084369659423828,0.20657920837402344,0.22579717636108398,0.22763800621032715,0.22468185424804688,0.25301694869995117,0.2209489345550537,0.23493123054504395,0.4443049430847168,0.22748303413391113,0.2027587890625,0.22029376029968262,0.22581195831298828,0.2475910186767578,0.22709989547729492,0.2123880386352539,0.23635315895080566,0.22374987602233887,0.2130110263824463,0.2370612621307373,0.2314600944519043,0.23558926582336426,0.23584604263305664,0.22266888618469238,0.22467899322509766,0.2303450107574463,0.5239241123199463,0.24813199043273926,0.20962190628051758,0.22071194648742676,0.20833826065063477,0.23557400703430176,0.2246849536895752,0.22818994522094727,0.2337958812713623
10,0.22049283981323242,0.2362658977508545,0.2162020206451416,0.2128152847290039,0.22514915466308594,0.23128294944763184,0.20919489860534668,0.23070383071899414,0.2223680019378662,0.2295079231262207,0.226668119430542,0.23107576370239258,0.24025869369506836,0.2255690097808838,0.22782516479492188,0.20504426956176758,0.2345600128173828,0.22371673583984375,0.21032285690307617,0.21847915649414062,0.23652911186218262,0.2377309799194336,0.21045899391174316,0.30663394927978516,0.2248518466949463,0.20959877967834473,0.23146820068359375,0.20772886276245117,0.21012210845947266,0.20718884468078613,0.20603585243225098,0.23926019668579102,0.20640301704406738,0.513728141784668,0.24925899505615234,0.23044204711914062,0.25134730339050293,0.2236490249633789,0.22620487213134766,0.2228090763092041,0.2086169719696045,0.21011590957641602,0.2370131015777588,0.2289879322052002,0.22294878959655762,0.23432612419128418,0.22729086875915527,0.20270323753356934,0.21032118797302246,0.24440670013427734
11,0.21851396560668945,0.23110318183898926,0.23456501960754395,0.23022985458374023,0.22927308082580566,0.20582008361816406,0.21655797958374023,0.20242810249328613,0.23255681991577148,0.20958375930786133,0.2095937728881836,0.2068319320678711,0.246506929397583,0.23855805397033691,0.2342700958251953,0.22904491424560547,0.23081302642822266,0.230849027633667,0.22020220756530762,0.23358893394470215,0.21299004554748535,0.22777605056762695,0.22320103645324707,0.2404789924621582,0.23401808738708496,0.2217850685119629,0.2043290138244629,0.24012327194213867,0.2356429100036621,0.23284125328063965,0.21934890747070312,0.2328488826751709,0.21299409866333008,0.23071694374084473,0.21670007705688477,0.20842599868774414,0.20918869972229004,0.20895791053771973,0.2677798271179199,0.20853924751281738,0.24829697608947754,0.22899723052978516,0.2364518642425537,0.21341919898986816,0.234846830368042,0.20789790153503418,0.21603894233703613,0.22721266746520996,0.23019790649414062,0.20905280113220215
12,0.24039602279663086,0.21312689781188965,0.23238897323608398,0.21557974815368652,0.24120497703552246,0.22016501426696777,0.23351597785949707,0.210860013961792,0.2072281837463379,0.24547290802001953,0.20486903190612793,0.23427081108093262,0.2073228359222412,0.22079110145568848,0.22183799743652344,0.2108917236328125,0.22432804107666016,0.21177387237548828,0.22829794883728027,0.2039811611175537,0.21314311027526855,0.20713186264038086,0.22787785530090332,0.23727703094482422,0.23314309120178223,0.23205995559692383,0.22196102142333984,0.23440098762512207,0.5685670375823975,0.2055981159210205,0.23050403594970703,0.2453761100769043,0.2361750602722168,0.21059417724609375,0.2146449089050293,0.22997498512268066,0.21038532257080078,0.2129662036895752,0.20785021781921387,0.2262592315673828,0.21556782722473145,0.833916187286377,0.2372150421142578,0.23635315895080566,0.22342872619628906,0.2291257381439209,0.22010493278503418,0.21703481674194336,0.20594000816345215,0.21292591094970703
13,0.22208309173583984,0.22074198722839355,0.2056901454925537,0.2448108196258545,0.23606204986572266,0.23102307319641113,0.20616388320922852,0.4807159900665283,0.20646905899047852,0.20414996147155762,0.2287139892578125,0.2069859504699707,0.23554468154907227,0.22589898109436035,0.22627520561218262,0.24590396881103516,0.22794890403747559,0.20048308372497559,0.22742700576782227,0.2058858871459961,0.22315478324890137,0.23273611068725586,0.23031234741210938,0.21813607215881348,0.2253410816192627,0.2203688621520996,0.2283170223236084,0.22324800491333008,0.22642278671264648,0.25449299812316895,0.2481698989868164,0.20717525482177734,0.2304520606994629,0.254274845123291,0.22003388404846191,0.2163991928100586,0.2104041576385498,0.2430882453918457,0.23334908485412598,0.21613693237304688,0.21729111671447754,0.513667106628418,0.23196911811828613,0.21723103523254395,0.21174383163452148,0.22354602813720703,0.23772597312927246,0.22350192070007324,0.24575304985046387,0.23451900482177734
14,0.2137761116027832,0.21980905532836914,0.2192232608795166,0.2605409622192383,0.235382080078125,0.20271897315979004,0.20585393905639648,0.20776605606079102,0.22934699058532715,0.21070098876953125,0.23389482498168945,0.2161400318145752,0.2332289218902588,0.2070178985595703,0.20789718627929688,0.20850682258605957,0.21243596076965332,0.2079308032989502,0.2024240493774414,0.2449800968170166,0.2421858310699463,0.2084197998046875,0.20683598518371582,0.2283799648284912,0.22841596603393555,0.24004387855529785,0.20335626602172852,0.23167896270751953,0.230180025100708,0.23201894760131836,0.2363886833190918,0.2143869400024414,0.23397302627563477,0.2337198257446289,0.23055601119995117,0.23230600357055664,0.23084592819213867,0.2112748622894287,0.2076423168182373,0.22602200508117676,0.2279212474822998,0.5210669040679932,0.22367477416992188,0.21872806549072266,0.23394322395324707,0.214324951171875,0.20688223838806152,0.22546005249023438,0.21881699562072754,0.2332141399383545
15,0.2577810287475586,0.21869587898254395,0.2346210479736328,0.4574778079986572,0.23746204376220703,0.20917797088623047,0.22928524017333984,0.24988627433776855,0.22405362129211426,0.23239398002624512,0.20997405052185059,0.20258474349975586,0.20290780067443848,0.23136401176452637,0.23172307014465332,0.23169994354248047,0.24103093147277832,0.23892927169799805,0.22485613822937012,0.21608328819274902,0.20906805992126465,0.21949219703674316,0.23267483711242676,0.2209470272064209,0.20469999313354492,0.23378205299377441,0.4714658260345459,0.24002623558044434,0.21074509620666504,0.22916793823242188,0.20873689651489258,0.2139592170715332,0.23775982856750488,0.21001386642456055,0.24962186813354492,0.23852086067199707,0.22415399551391602,0.27541518211364746,0.22608208656311035,0.22944211959838867,0.23803997039794922,0.2363109588623047,0.2154688835144043,0.2249917984008789,0.22462701797485352,0.2110741138458252,0.21219801902770996,0.23520421981811523,0.22445011138916016,0.22408604621887207
16,0.23053598403930664,0.29993295669555664,0.23253488540649414,0.20824980735778809,0.2340381145477295,0.24660682678222656,0.2277660369873047,0.20612120628356934,0.23011088371276855,0.20689010620117188,0.23077011108398438,0.2219221591949463,0.220566987991333,0.22505593299865723,0.22723889350891113,0.21039605140686035,0.2020280361175537,0.2086184024810791,0.21476984024047852,0.2021329402923584,0.23158788681030273,0.22288179397583008,0.21230006217956543,0.2261810302734375,0.21042585372924805,0.22538208961486816,0.22078895568847656,0.23123693466186523,0.23184895515441895,0.2245011329650879,0.23213696479797363,0.2380061149597168,0.2076857089996338,0.24312901496887207,0.21022367477416992,0.23464393615722656,0.23551583290100098,0.21649885177612305,0.23443388938903809,0.21939516067504883,0.24939823150634766,0.2098550796508789,0.2380659580230713,0.2071850299835205,0.20821404457092285,0.228165864944458,0.22871088981628418,0.23449993133544922,0.2091829776763916,0.4857900142669678
17,0.22268176078796387,0.22353672981262207,0.2148418426513672,0.2498788833618164,0.22571182250976562,0.2101137638092041,0.23024988174438477,0.23191618919372559,0.2099781036376953,0.2521700859069824,0.21412420272827148,0.2190237045288086,0.2338571548461914,0.20331811904907227,0.20342111587524414,0.20600390434265137,0.21174287796020508,0.20423102378845215,0.259929895401001,0.22567176818847656,0.21359682083129883,0.2199568748474121,0.23344206809997559,0.22255992889404297,0.23223209381103516,0.2053699493408203,0.22151589393615723,0.20868921279907227,0.2090301513671875,0.2097301483154297,0.20752692222595215,0.23214101791381836,0.2412891387939453,0.21580004692077637,0.22422194480895996,0.24486398696899414,0.23655915260314941,0.22101283073425293,0.22094106674194336,0.2158341407775879,0.2082369327545166,0.2292311191558838,0.23651933670043945,0.22375893592834473,0.20937085151672363,0.21308326721191406,0.23835301399230957,0.2071988582611084,0.2047591209411621,0.23147797584533691
18,0.22819995880126953,0.23482584953308105,0.22870302200317383,0.20617413520812988,0.22069787979125977,0.22791028022766113,0.208892822265625,0.20352792739868164,0.23131489753723145,0.23338913917541504,0.2412278652191162,0.23183989524841309,0.23229694366455078,0.22606778144836426,0.22207307815551758,0.23622512817382812,0.2330319881439209,0.2325129508972168,0.2073228359222412,0.2081770896911621,0.20746803283691406,0.22757196426391602,0.20343232154846191,0.2213151454925537,0.22381901741027832,0.23282694816589355,0.2299361228942871,0.24629807472229004,0.24618315696716309,0.24800372123718262,0.24215221405029297,0.23756122589111328,0.20783782005310059,0.21581816673278809,0.20829415321350098,0.20717597007751465,0.23520708084106445,0.2225818634033203,0.29354214668273926,0.2062530517578125,0.23839116096496582,0.2484738826751709,0.2371058464050293,0.23360800743103027,0.23819589614868164,0.24415302276611328,0.25347900390625,0.23820900917053223,0.24132299423217773,0.20450425148010254
19,0.21291804313659668,0.22879695892333984,0.22511506080627441,0.23664307594299316,0.228165864944458,0.22739601135253906,0.2016148567199707,0.2084500789642334,0.20935606956481934,0.22773289680480957,0.21422290802001953,0.22286510467529297,0.20749807357788086,0.21990132331848145,0.22026586532592773,0.2281191349029541,0.2072739601135254,0.21675920486450195,0.23322510719299316,0.21823692321777344,0.22789597511291504,0.20837688446044922,0.22344136238098145,0.21607708930969238,0.23099803924560547,0.2224419116973877,0.20766401290893555,0.20716500282287598,0.20521926879882812,0.20609498023986816,0.21221017837524414,0.24988007545471191,0.20904898643493652,0.2092909812927246,0.21111488342285156,0.23878717422485352,0.20702719688415527,0.7381219863891602,0.21637320518493652,0.21936392784118652,0.2260289192199707,0.21430301666259766,0.25041794776916504,0.24009227752685547,0.23306012153625488,0.2375807762145996,0.2369687557220459,0.24321889877319336,0.21350502967834473,0.21007513999938965
20,0.2291851043701172,0.2203967571258545,0.22801995277404785,0.21927189826965332,0.2414088249206543,0.2296619415283203,0.23031973838806152,0.24505233764648438,0.24300003051757812,0.22464609146118164,0.20287013053894043,0.202866792678833,0.24455881118774414,0.22352194786071777,0.22675204277038574,0.23177289962768555,0.2460777759552002,0.23884320259094238,0.2088618278503418,0.2015979290008545,0.2277979850769043,0.248884916305542,0.22409605979919434,0.20570588111877441,0.20803594589233398,0.22556400299072266,0.23571562767028809,0.22406482696533203,0.23273277282714844,0.20717811584472656,0.23601889610290527,0.2066652774810791,0.2274930477142334,0.2165980339050293,0.24016928672790527,0.23909878730773926,0.24785900115966797,0.20627975463867188,0.20277929306030273,0.24701428413391113,0.21811890602111816,0.21898484230041504,0.23463773727416992,0.23238301277160645,0.23529505729675293,0.2304089069366455,0.2347269058227539,0.21473121643066406,0.2232067584991455,0.22179508209228516
21,0.19920921325683594,0.22128081321716309,0.2025470733642578,0.20525693893432617,0.23561978340148926,0.20950794219970703,0.22751522064208984,0.2136249542236328,0.20383715629577637,0.20559406280517578,0.21890711784362793,0.2265169620513916,0.8137831687927246,0.23302030563354492,0.22332382202148438,0.2092580795288086,0.22167086601257324,0.20043587684631348,0.20509123802185059,0.2068769931793213,0.21628999710083008,0.20849204063415527,0.2094409465789795,0.23884201049804688,0.2305920124053955,0.20541119575500488,0.24139785766601562,0.23493194580078125,0.21028470993041992,0.22005414962768555,0.23607492446899414,0.22260308265686035,0.2145688533782959,0.23569893836975098,0.2156219482421875,0.23259186744689941,0.24024200439453125,0.23114490509033203,0.22080612182617188,0.23743724822998047,0.23818016052246094,0.23073601722717285,0.22972393035888672,0.25411486625671387,0.23630785942077637,0.2094590663909912,0.20718073844909668,0.22102117538452148,0.22570276260375977,0.22631287574768066
22,0.22591400146484375,0.23105931282043457,0.20596098899841309,0.46509313583374023,0.25139808654785156,0.2045910358428955,0.230485200881958,0.22931790351867676,0.21371793746948242,0.20814299583435059,0.22580218315124512,0.20263981819152832,0.23796820640563965,0.2206127643585205,0.23212099075317383,0.2313840389251709,0.20769190788269043,0.21770787239074707,0.22071599960327148,0.23262500762939453,0.2287609577178955,0.20145416259765625,0.21968889236450195,0.21848607063293457,0.20296812057495117,0.23659491539001465,0.20370817184448242,0.23405790328979492,0.2335951328277588,0.24509906768798828,0.2368781566619873,0.23367571830749512,0.2434091567993164,0.2158050537109375,0.22679805755615234,0.2251880168914795,0.23418807983398438,0.220228910446167,0.24276137351989746,0.23094391822814941,0.21524715423583984,0.5324442386627197,0.20980191230773926,0.23436331748962402,0.2287120819091797,0.23212528228759766,0.23373126983642578,0.22080302238464355,0.20978093147277832,0.23557305335998535
23,0.23644590377807617,0.20290517807006836,0.2291278839111328,0.23816919326782227,0.23640680313110352,0.23186111450195312,0.20775890350341797,0.20779013633728027,0.2294788360595703,0.23383021354675293,0.23379015922546387,0.21771478652954102,0.2057662010192871,0.21771526336669922,0.20770502090454102,0.22521495819091797,0.22844696044921875,0.22714710235595703,0.22051787376403809,0.2010631561279297,0.2324979305267334,0.22018885612487793,0.2337968349456787,0.8289790153503418,0.22205185890197754,0.24661588668823242,0.2227489948272705,0.25044679641723633,0.25302815437316895,0.46843504905700684,0.24869489669799805,0.23052692413330078,0.21238183975219727,0.22782588005065918,0.2437741756439209,0.22432899475097656,0.23720693588256836,0.2273240089416504,0.2210860252380371,0.23376107215881348,0.2243351936340332,0.20994901657104492,0.24162888526916504,0.22835993766784668,0.22239995002746582,0.23012423515319824,0.2533590793609619,0.21676301956176758,0.2465662956237793,0.23697876930236816
24,0.20601105690002441,0.22336483001708984,0.22278904914855957,0.4992806911468506,0.22931504249572754,0.2644970417022705,0.20468902587890625,0.2318129539489746,0.21066999435424805,0.22339105606079102,0.21867585182189941,0.22655415534973145,0.23113203048706055,0.20447731018066406,0.20400285720825195,0.2040398120880127,0.20447516441345215,0.20392894744873047,0.21702980995178223,0.22168397903442383,0.23641395568847656,0.23757696151733398,0.23401808738708496,0.8558919429779053,0.23525190353393555,0.20833373069763184,0.22153282165527344,0.20593523979187012,0.2345259189605713,0.8111112117767334,0.22591900825500488,0.2298579216003418,0.21989107131958008,0.2113180160522461,0.2343299388885498,0.21494197845458984,0.236741304397583,0.22156214714050293,0.20662975311279297,0.2160639762878418,0.20224905014038086,0.2094559669494629,0.24817728996276855,0.22826409339904785,0.21209383010864258,0.22297406196594238,0.23225998878479004,0.23713994026184082,0.21058893203735352,0.231950044631958
25,0.23275399208068848,0.22684001922607422,0.23502707481384277,0.2324819564819336,0.20943498611450195,0.5166270732879639,0.22585391998291016,0.21740198135375977,0.24469208717346191,0.2311711311340332,0.22413992881774902,0.2105107307434082,0.22053289413452148,0.21734404563903809,0.22446703910827637,0.2237858772277832,0.22547292709350586,0.2214956283569336,0.2310032844543457,0.20294904708862305,0.20989608764648438,0.25124216079711914,0.21033382415771484,0.2256488800048828,0.20593523979187012,0.2243950366973877,0.20964694023132324,0.2183847427368164,0.23910093307495117,0.21106624603271484,0.2054920196533203,0.22429609298706055,0.20335817337036133,0.23253989219665527,0.244873046875,0.20919203758239746,0.25145792961120605,0.2269611358642578,0.2334451675415039,0.22166895866394043,0.20428013801574707,0.21011924743652344,0.23754596710205078,0.23694610595703125,0.22631382942199707,0.21529388427734375,0.23845624923706055,0.20778894424438477,0.20461225509643555,0.2073509693145752
26,0.20902180671691895,0.20482873916625977,0.23492670059204102,0.21254801750183105,0.23397493362426758,0.23336100578308105,0.21659231185913086,0.21417784690856934,0.20729398727416992,0.47945594787597656,0.21168303489685059,0.218048095703125,0.2077939510345459,0.23271489143371582,0.23519086837768555,0.22317099571228027,0.23189496994018555,0.23067378997802734,0.20666217803955078,0.20296883583068848,0.20458483695983887,0.23807406425476074,0.2313857078552246,0.2070603370666504,0.23363208770751953,0.2237088680267334,0.2507898807525635,0.22274422645568848,0.227586030960083,0.23047399520874023,0.2176496982574463,0.21326017379760742,0.22093892097473145,0.24870800971984863,0.23877310752868652,0.217087984085083,0.23189091682434082,0.2454841136932373,0.24454617500305176,0.21158599853515625,0.24210000038146973,0.4252309799194336,0.23639583587646484,0.22952914237976074,0.21951007843017578,0.22072124481201172,0.2446589469909668,0.21633005142211914,0.2272188663482666,0.22118401527404785
27,0.24695396423339844,0.24593210220336914,0.2154240608215332,0.24478673934936523,0.22422313690185547,0.20601105690002441,0.5175490379333496,0.20430779457092285,0.23030614852905273,0.2229926586151123,0.20252108573913574,0.23017191886901855,0.48635387420654297,0.22038507461547852,0.22581911087036133,0.2135171890258789,0.20710229873657227,0.2195720672607422,0.2196800708770752,0.20811891555786133,0.2295823097229004,0.23366904258728027,0.21946501731872559,0.2120838165283203,0.20541906356811523,0.2157440185546875,0.20499801635742188,0.23102378845214844,0.20727181434631348,0.2081589698791504,0.2303333282470703,0.22556209564208984,0.24072766304016113,0.20525789260864258,0.25391268730163574,0.21527409553527832,0.20720314979553223,0.22549223899841309,0.21801972389221191,0.234266996383667,0.20513916015625,0.23913216590881348,0.2335038185119629,0.24583911895751953,0.21891307830810547,0.2268369197845459,0.2238001823425293,0.21583890914916992,0.21123790740966797,0.2370450496673584
28,0.215684175491333,0.2243509292602539,0.2266371250152588,0.2071518898010254,0.4752960205078125,0.25003480911254883,0.2169022560119629,0.2256147861480713,0.20392918586730957,0.22316384315490723,0.2342677116394043,0.21395182609558105,0.2312791347503662,0.2292017936706543,0.21136212348937988,0.24564480781555176,0.23272109031677246,0.2023470401763916,0.22932815551757812,0.2299790382385254,0.2085859775543213,0.23562169075012207,0.23842787742614746,0.22565770149230957,0.22102093696594238,0.5238840579986572,0.23253393173217773,0.2190718650817871,0.22726893424987793,0.20626497268676758,0.25362467765808105,0.20280885696411133,0.20745515823364258,0.24772000312805176,0.23709583282470703,0.23406982421875,0.2363448143005371,0.23171401023864746,0.20283102989196777,0.23548197746276855,0.2071831226348877,0.22347521781921387,0.21011900901794434,0.23224592208862305,0.4902501106262207,0.44389986991882324,0.24654102325439453,0.23498201370239258,0.24734783172607422,0.22885990142822266
29,0.19892597198486328,0.20994305610656738,0.21994972229003906,0.23293590545654297,0.2303152084350586,0.20548200607299805,0.2162339687347412,0.22883319854736328,0.20985126495361328,0.23439884185791016,0.24316716194152832,0.20082521438598633,0.2078568935394287,0.20965814590454102,0.22977495193481445,0.20909714698791504,0.22223281860351562,0.20974993705749512,0.20178604125976562,0.23858904838562012,0.2485640048980713,0.20618200302124023,0.23517680168151855,0.22472095489501953,0.22882914543151855,0.2146918773651123,0.4683530330657959,0.20445489883422852,0.22892212867736816,0.22144389152526855,0.23581624031066895,0.22635698318481445,0.20441675186157227,0.2288813591003418,0.23625802993774414,0.24961519241333008,0.23861098289489746,0.21685385704040527,0.23191499710083008,0.20930004119873047,0.23108816146850586,0.2183833122253418,0.22412800788879395,0.25194311141967773,0.2145400047302246,0.525892972946167,0.2051072120666504,0.2469768524169922,0.20722198486328125,0.20903515815734863
30,0.4708280563354492,0.20153403282165527,0.23252415657043457,0.22506022453308105,0.20420575141906738,0.20522713661193848,0.22939586639404297,0.22291302680969238,0.2187209129333496,0.2055952548980713,0.22684907913208008,0.22724676132202148,0.48810720443725586,0.23067283630371094,0.21147489547729492,0.2310810089111328,0.2229759693145752,0.21982598304748535,0.2054762840270996,0.20612502098083496,0.20549392700195312,0.23915910720825195,0.23700284957885742,0.2302999496459961,0.20321893692016602,0.2282257080078125,0.22321629524230957,0.23765921592712402,0.2111339569091797,0.4847123622894287,0.2353353500366211,0.22962522506713867,0.20236611366271973,0.2303333282470703,0.2360682487487793,0.23702502250671387,0.25007200241088867,0.23411107063293457,0.20453095436096191,0.24389934539794922,0.21559405326843262,0.22565102577209473,0.21353697776794434,0.23487186431884766,0.20257806777954102,0.21372580528259277,0.21224403381347656,0.20967411994934082,0.23325276374816895,0.23600506782531738
31,0.30237913131713867,0.2286231517791748,0.20368099212646484,0.2044217586517334,0.2045459747314453,0.20470499992370605,0.23105716705322266,0.8415250778198242,0.2294168472290039,0.23557114601135254,0.20508217811584473,0.2275557518005371,0.2289271354675293,0.21707415580749512,0.23344206809997559,0.20788097381591797,0.40511608123779297,0.2299201488494873,0.21940207481384277,0.20278024673461914,0.2272350788116455,0.21541309356689453,0.23419785499572754,0.2070479393005371,0.20906686782836914,0.22449707984924316,0.23427486419677734,0.20393800735473633,0.232558012008667,0.24640417098999023,0.20563983917236328,0.22109007835388184,0.20755290985107422,0.20815372467041016,0.23762106895446777,0.23562002182006836,0.23851513862609863,0.23613786697387695,0.20568394660949707,0.21256589889526367,0.23772287368774414,0.490628719329834,0.23285889625549316,0.20685791969299316,0.2183690071105957,0.21907305717468262,0.22617506980895996,0.23078703880310059,0.2079329490661621,0.24885010719299316
32,0.3173518180847168,0.2255260944366455,0.2307889461517334,0.22726821899414062,0.21922779083251953,0.22475314140319824,0.22182297706604004,0.24698495864868164,0.2180321216583252,0.2055208683013916,0.2328629493713379,0.22989702224731445,0.20296597480773926,0.20825600624084473,0.20333600044250488,0.20647001266479492,0.20189404487609863,0.22333526611328125,0.23244285583496094,0.23110198974609375,0.2183082103729248,0.23630380630493164,0.22418618202209473,0.20553994178771973,0.24120211601257324,0.20239472389221191,0.20474481582641602,0.21010208129882812,0.23496484756469727,0.2359600067138672,0.20642685890197754,0.21405887603759766,0.21600890159606934,0.23161888122558594,0.24636197090148926,0.20667409896850586,0.23292183876037598,0.20726990699768066,0.23518800735473633,0.2072770595550537,0.2013099193572998,0.21091699600219727,0.23708796501159668,0.23471999168395996,0.23570013046264648,0.23025894165039062,0.2182917594909668,0.20591211318969727,0.20353388786315918,0.20950794219970703
33,0.2911360263824463,0.20211291313171387,0.21567583084106445,0.20671391487121582,0.22572016716003418,0.2731809616088867,0.22463607788085938,0.20579099655151367,0.2262260913848877,0.22038793563842773,0.23107194900512695,0.21107816696166992,0.22627806663513184,0.23076295852661133,0.22303318977355957,0.23730015754699707,0.23746681213378906,0.20673084259033203,0.23638415336608887,0.20824599266052246,0.20382905006408691,0.23195791244506836,0.22805309295654297,0.22696900367736816,0.24954509735107422,0.22666501998901367,0.23569321632385254,0.23212409019470215,0.2455759048461914,0.23731398582458496,0.2422780990600586,0.22977685928344727,0.22034192085266113,0.2096419334411621,0.2356858253479004,0.2362959384918213,0.23287701606750488,0.2241957187652588,0.2041168212890625,0.21438193321228027,0.2098560333251953,0.2694718837738037,0.23531103134155273,0.23748183250427246,0.2263169288635254,0.20734190940856934,0.23691892623901367,0.22339296340942383,0.2374861240386963,0.20765304565429688
34,0.28766679763793945,0.23099279403686523,0.2408602237701416,0.2942357063293457,0.21502089500427246,0.2460498809814453,0.20156288146972656,0.2336897850036621,0.2105562686920166,0.2282547950744629,0.2200613021850586,0.20123505592346191,0.2269599437713623,0.22466492652893066,0.2242438793182373,0.21564698219299316,0.20346713066101074,0.23152995109558105,0.2334599494934082,0.24720096588134766,0.23438382148742676,0.2214641571044922,0.2084348201751709,0.20810604095458984,0.2377300262451172,0.2175891399383545,0.23932194709777832,0.21745896339416504,0.20515680313110352,0.23618793487548828,0.2112729549407959,0.22394394874572754,0.21926069259643555,0.24192380905151367,0.2156968116760254,0.24898314476013184,0.2074110507965088,0.20856118202209473,0.23169302940368652,0.22733402252197266,0.20585918426513672,0.2155609130859375,0.22407984733581543,0.2541980743408203,0.21932697296142578,0.22876906394958496,0.21640706062316895,0.24251103401184082,0.23079299926757812,0.216094970703125
35,0.21661710739135742,0.21159815788269043,0.21546483039855957,0.41134023666381836,0.23032093048095703,0.48468923568725586,0.20665884017944336,0.20618319511413574,0.21754789352416992,0.20353484153747559,0.2044529914855957,0.20337295532226562,0.8301780223846436,0.21210694313049316,0.21409106254577637,0.2289130687713623,0.23162293434143066,0.22838091850280762,0.20885777473449707,0.217238187789917,0.23205995559692383,0.2226088047027588,0.23332619667053223,0.20586895942687988,0.23230695724487305,0.22891497611999512,0.22676897048950195,0.23237991333007812,0.21039605140686035,0.20628809928894043,0.23168706893920898,0.20148396492004395,0.2333979606628418,0.20577096939086914,0.2293071746826172,0.23650097846984863,0.2548239231109619,0.23297619819641113,0.20484089851379395,0.23195695877075195,0.24016523361206055,0.23097610473632812,0.2275099754333496,0.23502898216247559,0.2206559181213379,0.46410489082336426,0.2300889492034912,0.2109370231628418,0.23547601699829102,0.23388314247131348
36,0.20167779922485352,0.22857189178466797,0.4480109214782715,0.24754118919372559,0.2081317901611328,0.21050190925598145,0.21813297271728516,0.20187902450561523,0.22847890853881836,0.2411651611328125,0.21589207649230957,0.21674704551696777,0.2503321170806885,0.24390387535095215,0.24453210830688477,0.2105541229248047,0.21965789794921875,0.20008397102355957,0.22689318656921387,0.22050094604492188,0.23074102401733398,0.20448613166809082,0.20985913276672363,0.2451338768005371,0.2285900115966797,0.2204420566558838,0.20859289169311523,0.20332002639770508,0.2343151569366455,0.4612889289855957,0.20844697952270508,0.21983003616333008,0.20820403099060059,0.23272204399108887,0.23682522773742676,0.23870396614074707,0.23509693145751953,0.21474123001098633,0.22793221473693848,0.2218329906463623,0.2495889663696289,1.1141119003295898,0.2075340747833252,0.23938298225402832,0.22372007369995117,0.5117428302764893,0.20528888702392578,0.2310349941253662,0.20662403106689453,0.24779796600341797
37,0.23654818534851074,0.7964208126068115,0.23469901084899902,0.2122790813446045,0.2489778995513916,0.23262596130371094,0.2059028148651123,0.24758505821228027,0.20737719535827637,0.24718999862670898,0.22400188446044922,0.20296716690063477,0.3913440704345703,0.2052309513092041,0.20606184005737305,0.23271393775939941,0.20188307762145996,0.21998882293701172,0.20280909538269043,0.22305798530578613,0.21959710121154785,0.20334815979003906,0.2437891960144043,0.2120051383972168,0.2142798900604248,0.23413300514221191,0.22274017333984375,0.20516705513000488,0.23199987411499023,0.4891042709350586,0.2312479019165039,0.23204803466796875,0.24854516983032227,0.21505379676818848,0.2513539791107178,0.23404502868652344,0.23713088035583496,0.2179889678955078,0.2869119644165039,0.22299790382385254,0.23348188400268555,0.47084712982177734,0.2356250286102295,0.23154211044311523,0.2242591381072998,0.48070716857910156,0.23010516166687012,0.20885610580444336,0.2348768711090088,0.21187996864318848
38,0.2173299789428711,0.20220398902893066,0.20560622215270996,0.22131896018981934,0.2353990077972412,0.7643320560455322,0.20127105712890625,0.21033787727355957,0.20380401611328125,0.20765209197998047,0.2337799072265625,0.20192909240722656,0.24184012413024902,0.22956585884094238,0.20542502403259277,0.22341299057006836,0.22626209259033203,0.23306798934936523,0.22438406944274902,0.20156288146972656,0.21057820320129395,0.2271120548248291,0.2164301872253418,0.2267608642578125,0.23655200004577637,0.20588207244873047,0.23049306869506836,0.24712824821472168,0.22771310806274414,0.2111051082611084,0.22647500038146973,0.20455121994018555,0.23597478866577148,0.22240424156188965,0.23491501808166504,0.20815110206604004,0.2370448112487793,0.26531028747558594,0.21415090560913086,0.21135711669921875,0.2081289291381836,0.23226594924926758,0.23796916007995605,0.22542572021484375,0.20201802253723145,0.23148488998413086,0.2380237579345703,0.23298907279968262,0.2487471103668213,0.22919797897338867
39,0.2268810272216797,0.2334301471710205,0.23328423500061035,0.203599214553833,0.20566511154174805,0.23606514930725098,0.20868301391601562,0.2238621711730957,0.2321488857269287,0.23055410385131836,0.2215890884399414,0.21085095405578613,0.22301316261291504,0.20177483558654785,0.2030200958251953,0.20451688766479492,0.22286701202392578,0.2050340175628662,0.23410296440124512,0.22908425331115723,0.2503690719604492,0.21361613273620605,0.22395992279052734,0.20573997497558594,0.2192850112915039,0.20636510848999023,0.21188092231750488,0.20642471313476562,0.22934198379516602,0.23315834999084473,0.20520305633544922,0.22014403343200684,0.2054440975189209,0.23538708686828613,0.236954927444458,0.2354428768157959,0.23331880569458008,0.22034788131713867,0.22286391258239746,0.2086491584777832,0.21036005020141602,0.45995306968688965,0.25206923484802246,0.22435426712036133,0.22832703590393066,0.23432111740112305,0.21294903755187988,0.24777793884277344,0.20330286026000977,0.23613381385803223
40,0.21988606452941895,0.20190095901489258,0.22651004791259766,0.2465980052947998,0.22600412368774414,0.23530292510986328,0.2308650016784668,0.22571301460266113,0.23245811462402344,0.20796704292297363,0.22336196899414062,0.2288649082183838,0.4869518280029297,0.2113499641418457,0.23905372619628906,0.22196102142333984,0.22582411766052246,0.2209160327911377,0.20637798309326172,0.22916316986083984,0.20476508140563965,0.24681806564331055,0.20181703567504883,0.20529699325561523,0.22980594635009766,0.23586416244506836,0.23217105865478516,0.23129796981811523,0.20788812637329102,0.4593207836151123,0.21457195281982422,0.20363593101501465,0.20610690116882324,0.21718621253967285,0.2349250316619873,0.20540904998779297,0.25226306915283203,0.19980788230895996,0.21806573867797852,0.22838187217712402,0.20978116989135742,0.530081033706665,0.23712992668151855,0.21201705932617188,0.21683788299560547,0.3995978832244873,0.23126816749572754,0.20630097389221191,0.20555400848388672,0.20592999458312988
41,0.22125792503356934,0.21008801460266113,0.23266196250915527,0.2599148750305176,0.23101210594177246,0.24903011322021484,0.22552824020385742,0.2101130485534668,0.22443509101867676,0.23470377922058105,0.21312165260314941,0.22358298301696777,0.20436668395996094,0.24726200103759766,0.24404287338256836,0.2241349220275879,0.22201085090637207,0.23136687278747559,0.23453688621520996,0.20560908317565918,0.20499300956726074,0.20354890823364258,0.21669816970825195,0.2201519012451172,0.20551395416259766,0.2442779541015625,0.20732378959655762,0.20866107940673828,0.20839667320251465,0.24623608589172363,0.23062610626220703,0.2053830623626709,0.496229887008667,0.2236788272857666,0.2060377597808838,0.21735191345214844,0.20650815963745117,0.20641326904296875,0.23157596588134766,0.23952412605285645,0.2385239601135254,0.25519394874572754,0.23536419868469238,0.22455096244812012,0.25535011291503906,0.23606610298156738,0.23723387718200684,0.23601102828979492,0.23014616966247559,0.2535221576690674
42,0.23188185691833496,0.24518704414367676,0.20407819747924805,0.20308208465576172,0.2523810863494873,0.23998427391052246,0.20152497291564941,0.248276948928833,0.20301008224487305,0.22311711311340332,0.2015998363494873,0.2029566764831543,0.23255658149719238,0.2128908634185791,0.2075519561767578,0.21196699142456055,0.22031307220458984,0.21898603439331055,0.2374880313873291,0.20173215866088867,0.23067092895507812,0.20637798309326172,0.23984622955322266,0.5011959075927734,0.205003023147583,0.2157449722290039,0.2447190284729004,0.23431086540222168,0.2145709991455078,0.22005987167358398,0.21297311782836914,0.20055818557739258,0.20745086669921875,0.20494914054870605,0.2477550506591797,0.2316741943359375,0.233367919921875,0.23266816139221191,0.22318124771118164,0.22651171684265137,0.2311842441558838,0.2459559440612793,0.23664379119873047,0.23154592514038086,0.2568490505218506,0.2645261287689209,0.23557615280151367,0.20952129364013672,0.22216176986694336,0.23355698585510254
43,0.22242999076843262,0.21073412895202637,0.2049100399017334,0.26453113555908203,0.2407088279724121,0.2065887451171875,0.22791504859924316,0.20710301399230957,0.20326805114746094,0.22702503204345703,0.23731398582458496,0.23028802871704102,0.23686790466308594,0.22839903831481934,0.23098516464233398,0.2474079132080078,0.22675585746765137,0.20200800895690918,0.23167085647583008,0.20650124549865723,0.20809340476989746,0.2025158405303955,0.21869492530822754,0.22869300842285156,0.2522733211517334,0.22322583198547363,0.2018141746520996,0.22350096702575684,0.24237704277038574,0.23416900634765625,0.2387690544128418,0.229248046875,0.2346360683441162,0.21099185943603516,0.21262001991271973,0.2420039176940918,0.2319180965423584,0.22262310981750488,0.20164799690246582,0.21174407005310059,0.23709487915039062,0.5345609188079834,0.23118185997009277,0.23505425453186035,0.24769377708435059,0.4906933307647705,0.2443089485168457,0.2311689853668213,0.2303459644317627,0.20911908149719238
44,0.20039868354797363,0.23511290550231934,0.2307438850402832,0.48050904273986816,0.22763991355895996,0.22390198707580566,0.22437024116516113,0.2054579257965088,0.23151898384094238,0.20351076126098633,0.225754976272583,0.20430207252502441,0.22188997268676758,0.21050786972045898,0.21477890014648438,0.20672392845153809,0.2290642261505127,0.2124342918395996,0.20725083351135254,0.2177872657775879,0.24701428413391113,0.20586395263671875,0.2160191535949707,0.22469401359558105,0.20893311500549316,0.2112722396850586,0.2144179344177246,0.23183298110961914,0.2203052043914795,0.21030378341674805,0.21518683433532715,0.23483014106750488,0.2361469268798828,0.24632906913757324,0.22011518478393555,0.24525713920593262,0.219588041305542,0.20316100120544434,0.22903990745544434,0.22671985626220703,0.23900914192199707,0.2541067600250244,0.2247600555419922,0.2530369758605957,0.22144699096679688,0.2480781078338623,0.2079780101776123,0.2534770965576172,0.23133230209350586,0.2329542636871338
45,0.2143232822418213,0.22717905044555664,0.22431731224060059,0.22787880897521973,0.21324586868286133,0.20998907089233398,0.20749783515930176,0.2203991413116455,0.22318792343139648,0.2125861644744873,0.20932602882385254,0.21210694313049316,0.2616539001464844,0.22611403465270996,0.2262129783630371,0.23221898078918457,0.2028522491455078,0.23373723030090332,0.20483779907226562,0.20181989669799805,0.20836877822875977,0.24105167388916016,0.22610163688659668,0.209730863571167,0.21912908554077148,0.23346209526062012,0.2331371307373047,0.2079911231994629,0.21444010734558105,0.2324519157409668,0.22078323364257812,0.22449398040771484,0.23557567596435547,0.21081209182739258,0.2199399471282959,0.23543405532836914,0.22962594032287598,0.22335505485534668,0.22243976593017578,0.23177790641784668,0.23400592803955078,0.4985787868499756,0.2371530532836914,0.23297595977783203,0.24758195877075195,0.39687085151672363,0.24242496490478516,0.23250794410705566,0.2370471954345703,0.2399282455444336
46,0.22083282470703125,0.22240400314331055,0.23456597328186035,0.23500418663024902,0.206146240234375,0.23562312126159668,0.24416279792785645,0.22243523597717285,0.2313377857208252,0.23345708847045898,0.23421716690063477,0.24282217025756836,0.206895112991333,0.22221016883850098,0.21656584739685059,0.20485305786132812,0.21071076393127441,0.2311570644378662,0.23181509971618652,0.20500588417053223,0.23395204544067383,0.21764683723449707,0.21624493598937988,0.20415806770324707,0.22140073776245117,0.22117877006530762,0.23966383934020996,0.20844817161560059,0.2316739559173584,0.4297969341278076,0.20409703254699707,0.20994782447814941,0.24862885475158691,0.23076200485229492,0.2186119556427002,0.23533391952514648,0.22922801971435547,0.22272992134094238,0.20818281173706055,0.22179508209228516,0.24862313270568848,0.24222326278686523,0.23486709594726562,0.20633697509765625,0.21037697792053223,0.23734498023986816,0.2394700050354004,0.2118692398071289,0.20504307746887207,0.2470998764038086
47,0.24547791481018066,0.21934890747070312,0.2346789836883545,0.30506396293640137,0.2358229160308838,0.8401510715484619,0.2161557674407959,0.24343490600585938,0.48822903633117676,0.22139596939086914,0.20491814613342285,0.2127671241760254,0.23287105560302734,0.20772099494934082,0.2152090072631836,0.2072439193725586,0.23467803001403809,0.20899581909179688,0.22234392166137695,0.23467588424682617,0.2118988037109375,0.2195272445678711,0.21960186958312988,0.23088932037353516,0.21867132186889648,0.20404672622680664,0.24970221519470215,0.2175898551940918,0.23535799980163574,0.2306671142578125,0.21904897689819336,0.2328488826751709,0.20595097541809082,0.23908495903015137,0.24660587310791016,0.21282410621643066,0.20890283584594727,0.21997284889221191,0.2338862419128418,0.20754218101501465,0.20662713050842285,0.22685813903808594,0.2401421070098877,0.2252790927886963,0.22614097595214844,0.47464990615844727,0.2285289764404297,0.20711803436279297,0.20858311653137207,0.2328939437866211
48,0.2093949317932129,0.21610283851623535,0.20685100555419922,0.22557902336120605,0.21825170516967773,0.20803403854370117,0.22697806358337402,0.20717215538024902,0.2355499267578125,0.23546314239501953,0.24856185913085938,0.22941994667053223,0.4842989444732666,0.2359790802001953,0.2245643138885498,0.24599409103393555,0.2795262336730957,0.20398902893066406,0.23207712173461914,0.20763182640075684,0.2032489776611328,0.23110604286193848,0.2165050506591797,0.2235860824584961,0.24278926849365234,0.2321937084197998,0.23513174057006836,0.24338293075561523,0.24791502952575684,0.428027868270874,0.24095606803894043,0.28057026863098145,0.2384169101715088,0.23276805877685547,0.22470879554748535,0.23748087882995605,0.22980904579162598,0.21929287910461426,0.20114707946777344,0.21207213401794434,0.23192811012268066,0.22665810585021973,0.2289438247680664,0.22963309288024902,0.20840978622436523,0.24910783767700195,0.2587590217590332,0.21040701866149902,0.2369241714477539,0.20850610733032227
49,0.20441293716430664,0.2184591293334961,0.23297882080078125,0.23232388496398926,0.23033809661865234,0.23162484169006348,0.20257306098937988,0.23256492614746094,0.25002288818359375,0.20364904403686523,0.20566296577453613,0.21234917640686035,0.44492077827453613,0.2338721752166748,0.21991491317749023,0.2103290557861328,0.20851707458496094,0.23233890533447266,0.7942342758178711,0.25051283836364746,0.2341480255126953,0.23354482650756836,0.22760510444641113,0.23856425285339355,0.20599699020385742,0.2079298496246338,0.23590993881225586,0.20975899696350098,0.21361184120178223,0.2499549388885498,0.20690011978149414,0.23760509490966797,0.2366621494293213,0.2240910530090332,0.20949459075927734,0.23903274536132812,0.20564508438110352,0.21883702278137207,0.20706582069396973,0.22873592376708984,0.21502089500427246,0.5172088146209717,0.2295842170715332,0.25449275970458984,0.2508730888366699,0.2377781867980957,0.22307395935058594,0.25010204315185547,0.20972084999084473,0.2390139102935791
50,0.22271203994750977,0.22881412506103516,0.24933218955993652,0.2058429718017578,0.237684965133667,0.20935297012329102,0.21406912803649902,0.2084510326385498,0.20993900299072266,0.2320108413696289,0.2355360984802246,0.22458505630493164,0.24872684478759766,0.20863842964172363,0.21782302856445312,0.23013973236083984,0.23317480087280273,0.2185971736907959,0.7859869003295898,0.23785996437072754,0.22741198539733887,0.22634387016296387,0.20636892318725586,0.23831391334533691,0.2364490032196045,0.24078369140625,0.23131608963012695,0.23225903511047363,0.2334902286529541,0.23503494262695312,0.23928189277648926,0.2329421043395996,0.22138714790344238,0.23651719093322754,0.21576404571533203,0.21596193313598633,0.22466492652893066,0.2769770622253418,0.20232486724853516,0.22750210762023926,0.22434616088867188,0.21188688278198242,0.22268390655517578,0.23627400398254395,0.2302417755126953,0.2551240921020508,0.21809625625610352,0.20887994766235352,0.20378899574279785,0.22960782051086426
51,0.2045459747314453,0.20745396614074707,0.2215440273284912,0.2291700839996338,0.23655915260314941,0.8654689788818359,0.2412102222442627,0.20621299743652344,0.23367786407470703,0.20340394973754883,0.2048959732055664,0.2179882526397705,0.20575404167175293,0.24756503105163574,0.2401731014251709,0.21038222312927246,0.20819616317749023,0.20355010032653809,0.23069024085998535,0.23509597778320312,0.20729994773864746,0.22131991386413574,0.2040400505065918,0.22063684463500977,0.22746014595031738,0.2448596954345703,0.20902800559997559,0.2434539794921875,0.2414379119873047,0.23845195770263672,0.23392367362976074,0.24422693252563477,0.2079939842224121,0.2341599464416504,0.23325014114379883,0.2330009937286377,0.22991704940795898,0.2166309356689453,0.23725628852844238,0.22499608993530273,0.22839093208312988,0.24210906028747559,0.20966577529907227,0.2350780963897705,0.21212387084960938,0.31700921058654785,0.21781706809997559,0.23121190071105957,0.23590326309204102,0.2278461456298828
52,0.23192191123962402,0.24582505226135254,0.25031590461730957,0.20949196815490723,0.25023412704467773,0.22487878799438477,0.21056222915649414,0.23457598686218262,0.20880627632141113,0.22478318214416504,0.20458221435546875,0.21411991119384766,0.22813916206359863,0.20767879486083984,0.21047306060791016,0.2303910255432129,0.22896099090576172,0.22037124633789062,0.9188621044158936,0.23094511032104492,0.23053312301635742,0.20734691619873047,0.24934005737304688,0.22627902030944824,0.2046828269958496,0.23240232467651367,0.2500309944152832,0.2261807918548584,0.2260911464691162,0.23535490036010742,0.23463201522827148,0.20881104469299316,0.2317037582397461,0.23710179328918457,0.25180816650390625,0.23613524436950684,0.21011710166931152,0.22298192977905273,0.2806127071380615,0.2136669158935547,0.23277997970581055,0.20789623260498047,0.23835015296936035,0.23644590377807617,0.23562002182006836,0.29587507247924805,0.2423999309539795,0.23916292190551758,0.23734402656555176,0.23210716247558594
53,0.22512292861938477,0.21593809127807617,0.20655417442321777,0.26385498046875,0.23169779777526855,0.23276925086975098,0.23151111602783203,0.21909666061401367,0.231550931930542,0.2312016487121582,0.246809720993042,0.23073101043701172,0.22174382209777832,0.20714020729064941,0.22567486763000488,0.22495794296264648,0.2043898105621338,0.22781014442443848,0.2396690845489502,0.20896697044372559,0.21108293533325195,0.21532106399536133,0.20946931838989258,0.2213599681854248,0.23056912422180176,0.20933294296264648,0.23866820335388184,0.2510218620300293,0.2593841552734375,0.23700785636901855,0.24751996994018555,0.2130749225616455,0.22194314002990723,0.23720026016235352,0.23518109321594238,0.23304295539855957,0.2288219928741455,0.22657012939453125,0.20754528045654297,0.22513675689697266,0.2325439453125,0.25655603408813477,0.2372279167175293,0.20970702171325684,0.24541687965393066,0.6680140495300293,0.7397902011871338,0.2333230972290039,0.24571704864501953,0.2300422191619873
54,0.21948504447937012,0.22472023963928223,0.22735881805419922,0.19145798683166504,0.20969796180725098,0.23572206497192383,0.2104640007019043,0.22960901260375977,0.25502610206604004,0.20903491973876953,0.21774792671203613,0.20656514167785645,0.21242213249206543,0.21848702430725098,0.2038252353668213,0.20617389678955078,0.22171401977539062,0.21879100799560547,0.20645403861999512,0.25199198722839355,0.24687910079956055,0.2276759147644043,0.20316004753112793,0.20630216598510742,0.22861123085021973,0.20636606216430664,0.24063491821289062,0.20963668823242188,0.22362899780273438,0.2312030792236328,0.20682907104492188,0.22165489196777344,0.20258188247680664,0.2490367889404297,0.2347888946533203,0.24315690994262695,0.21171784400939941,0.22608089447021484,0.23017287254333496,0.20812082290649414,0.20695710182189941,0.2253258228302002,0.25376081466674805,0.24379801750183105,0.2115480899810791,0.8674900531768799,0.21709394454956055,0.22203397750854492,0.2058238983154297,0.21301007270812988
55,0.22392916679382324,0.20491504669189453,0.2283639907836914,0.24881982803344727,0.23435378074645996,0.20859503746032715,0.2281179428100586,0.20660018920898438,0.23226118087768555,0.23363113403320312,0.2178938388824463,0.20409917831420898,0.24582576751708984,0.23134899139404297,0.2121591567993164,0.22189593315124512,0.2270059585571289,0.2336430549621582,0.20813512802124023,0.2324368953704834,0.2032320499420166,0.22412395477294922,0.22935986518859863,0.2511453628540039,0.2124190330505371,0.22743916511535645,0.23157691955566406,0.23880815505981445,0.24183011054992676,0.20782899856567383,0.21033024787902832,0.21915292739868164,0.23533892631530762,0.23783493041992188,0.23049306869506836,0.21161293983459473,0.23877191543579102,0.2029569149017334,0.21440792083740234,0.2527458667755127,0.234544038772583,0.23651719093322754,0.23395395278930664,0.24311089515686035,0.2096850872039795,0.20122599601745605,0.2201402187347412,0.23662590980529785,0.23404979705810547,0.20813536643981934
56,0.2147970199584961,0.20676517486572266,0.20446419715881348,0.2092878818511963,0.21198225021362305,0.20563721656799316,0.22283577919006348,0.23466014862060547,0.23662090301513672,0.20973587036132812,0.20237064361572266,0.24571704864501953,0.20446515083312988,0.2522251605987549,0.245513916015625,0.2213900089263916,0.22407293319702148,0.22557806968688965,0.23312997817993164,0.2120649814605713,0.205718994140625,0.23551583290100098,0.20493793487548828,0.22147703170776367,0.23115992546081543,0.22650861740112305,0.23856115341186523,0.2409367561340332,0.21631383895874023,0.2306361198425293,0.23182106018066406,0.23379302024841309,0.25105786323547363,0.22652292251586914,0.21234583854675293,0.24025297164916992,0.20332074165344238,0.215101957321167,0.23730683326721191,0.22964930534362793,0.2544121742248535,0.2669260501861572,0.2351069450378418,0.2356700897216797,0.2144489288330078,0.2207040786743164,0.2172088623046875,0.2353837490081787,0.21271181106567383,0.2373359203338623
57,0.23382306098937988,0.24562597274780273,0.24911284446716309,0.2328801155090332,0.24440908432006836,0.24127626419067383,0.21291208267211914,0.23443889617919922,0.2047412395477295,0.24356508255004883,0.20442414283752441,0.21199798583984375,0.20685482025146484,0.23378992080688477,0.21169209480285645,0.21534109115600586,0.2210240364074707,0.20917296409606934,0.21081089973449707,0.22740888595581055,0.8656578063964844,0.2344970703125,0.22330689430236816,0.22217893600463867,0.2396070957183838,0.22551798820495605,0.24657320976257324,0.22248005867004395,0.22611474990844727,0.21533799171447754,0.24108004570007324,0.2242112159729004,0.23698782920837402,0.20870089530944824,0.2523610591888428,0.28186511993408203,0.21378374099731445,0.2206737995147705,0.21684479713439941,0.21575498580932617,0.2774200439453125,0.20783591270446777,0.2357501983642578,0.2325749397277832,0.2236630916595459,0.23340702056884766,0.21151018142700195,0.2124769687652588,0.2192697525024414,0.21957993507385254
58,0.20439910888671875,0.20213103294372559,0.20717072486877441,0.5000672340393066,0.2328639030456543,0.2119591236114502,0.2117328643798828,0.20541882514953613,0.2086479663848877,0.20183205604553223,0.2443392276763916,0.20354366302490234,0.23281502723693848,0.20868706703186035,0.22997307777404785,0.23496127128601074,0.20939183235168457,0.20224308967590332,0.22945809364318848,0.21250510215759277,0.20239019393920898,0.2283170223236084,0.2313528060913086,0.21647429466247559,0.2449479103088379,0.22589802742004395,0.20769309997558594,0.23074007034301758,0.26112890243530273,0.5120470523834229,0.2474040985107422,0.21307873725891113,0.2355179786682129,0.21481108665466309,0.2330949306488037,0.23922395706176758,0.23648595809936523,0.2433180809020996,0.2054760456085205,0.23280787467956543,0.25007009506225586,0.5335507392883301,0.2123279571533203,0.23772311210632324,0.23127388954162598,0.7777118682861328,0.23144006729125977,0.2171471118927002,0.24919605255126953,0.21801185607910156
59,0.22787213325500488,0.49150800704956055,0.2084197998046875,0.20386886596679688,0.23744487762451172,0.2322099208831787,0.22893786430358887,0.2227799892425537,0.23911499977111816,0.2043898105621338,0.20438385009765625,0.2295992374420166,0.21021103858947754,0.23196697235107422,0.20972990989685059,0.2308669090270996,0.24599337577819824,0.22931385040283203,0.5004279613494873,0.2398982048034668,0.20623207092285156,0.20573091506958008,0.20714497566223145,0.24282097816467285,0.2102818489074707,0.20601606369018555,0.23772120475769043,0.22926115989685059,0.2011568546295166,0.21045589447021484,0.23595809936523438,0.20765018463134766,0.2365550994873047,0.23345375061035156,0.23892474174499512,0.254716157913208,0.2361619472503662,0.2085578441619873,0.21574807167053223,0.23318886756896973,0.22058701515197754,0.2376081943511963,0.23632597923278809,0.2510800361633301,0.2234020233154297,0.20775675773620605,0.6058781147003174,0.24101614952087402,0.23482799530029297,0.21903109550476074
60,0.20627880096435547,0.20784616470336914,0.21456003189086914,0.22506284713745117,0.23776483535766602,0.2344529628753662,0.21386504173278809,0.23560094833374023,0.2257997989654541,0.23067879676818848,0.4521479606628418,0.20660924911499023,0.2432091236114502,0.20528697967529297,0.22669696807861328,0.23370003700256348,0.20209908485412598,0.2320551872253418,0.21486997604370117,0.20177793502807617,0.22165203094482422,0.22894501686096191,0.23177170753479004,0.20759916305541992,0.22159409523010254,0.23258614540100098,0.23912882804870605,0.23535418510437012,0.23501110076904297,0.22711801528930664,0.23599791526794434,0.21152710914611816,0.20578670501708984,0.4952120780944824,0.23604202270507812,0.22808408737182617,0.2508411407470703,0.22107982635498047,0.2362520694732666,0.2513737678527832,0.21665382385253906,0.23379302024841309,0.2177441120147705,0.22477483749389648,0.21513795852661133,0.23468494415283203,0.2133028507232666,0.2126939296722412,0.2356410026550293,0.22106027603149414
61,0.22551703453063965,0.24715185165405273,0.2310469150543213,0.22985386848449707,0.21344280242919922,0.21349310874938965,0.23762726783752441,0.23469209671020508,0.2086620330810547,0.20658278465270996,0.21694278717041016,0.22071576118469238,0.21169590950012207,0.22542095184326172,0.21997904777526855,0.2062370777130127,0.2117481231689453,0.2265322208404541,0.203535795211792,0.2091071605682373,0.22850298881530762,0.23386120796203613,0.20183396339416504,0.21041369438171387,0.2337636947631836,0.22127985954284668,0.23235487937927246,0.2061293125152588,0.22111988067626953,0.22852087020874023,0.20614886283874512,0.2491590976715088,0.23547077178955078,0.21265697479248047,0.23624706268310547,0.232835054397583,0.23846888542175293,0.2039339542388916,0.24203920364379883,0.23196697235107422,0.23306012153625488,0.5050842761993408,0.22286677360534668,0.20996904373168945,0.22448301315307617,0.5111150741577148,0.23732781410217285,0.2217090129852295,0.20539402961730957,0.2326509952545166
62,0.23263907432556152,0.20418286323547363,0.2524411678314209,0.2071857452392578,0.2392868995666504,0.8084621429443359,0.22618532180786133,0.23734807968139648,0.2327570915222168,0.24765515327453613,0.2402181625366211,0.2314002513885498,0.23046517372131348,0.2288658618927002,0.20640778541564941,0.23619890213012695,0.22966980934143066,0.2077019214630127,0.21760320663452148,0.20643091201782227,0.2175889015197754,0.23536324501037598,0.21771693229675293,0.2113940715789795,0.24039196968078613,0.23738598823547363,0.2531270980834961,0.23473000526428223,0.2190868854522705,0.20673298835754395,0.22576093673706055,0.20604395866394043,0.23649096488952637,0.22661590576171875,0.2498779296875,0.21182894706726074,0.23477602005004883,0.2036299705505371,0.2198808193206787,0.20751285552978516,0.2157430648803711,0.23705601692199707,0.21373701095581055,0.21919584274291992,0.21397089958190918,0.24284887313842773,0.2501351833343506,0.2098851203918457,0.22841191291809082,0.21661591529846191
63,0.2253270149230957,0.20792174339294434,0.23980712890625,0.23484015464782715,0.21805429458618164,0.22615671157836914,0.21468496322631836,0.23282384872436523,0.20640277862548828,0.2088613510131836,0.20363807678222656,0.20890498161315918,0.20417523384094238,0.2348041534423828,0.20543694496154785,0.22085905075073242,0.2123870849609375,0.23223590850830078,0.2231137752532959,0.2314167022705078,0.2260887622833252,0.20833611488342285,0.23064804077148438,0.2128312587738037,0.2527461051940918,0.23449206352233887,0.23703598976135254,0.2214829921722412,0.2114698886871338,0.22046303749084473,0.24135303497314453,0.23404908180236816,0.2373790740966797,0.20722365379333496,0.20996403694152832,0.24129509925842285,0.2085411548614502,0.23624277114868164,0.284682035446167,0.24320721626281738,0.21353411674499512,0.22792816162109375,0.23346781730651855,0.2092118263244629,0.24212098121643066,0.22601819038391113,0.23934292793273926,0.21200776100158691,0.2312030792236328,0.21168804168701172
64,0.21746301651000977,0.23394322395324707,0.23318219184875488,0.20671725273132324,0.21939682960510254,0.21188926696777344,0.2064189910888672,0.22527098655700684,0.24757099151611328,0.23389911651611328,0.20925521850585938,0.23143815994262695,0.20468783378601074,0.2113022804260254,0.23292803764343262,0.2263641357421875,0.2358558177947998,0.21081113815307617,0.46401286125183105,0.23103737831115723,0.21014189720153809,0.22883892059326172,0.20541787147521973,0.24298429489135742,0.22893691062927246,0.207136869430542,0.2329411506652832,0.23459911346435547,0.21064305305480957,0.21309113502502441,0.21025609970092773,0.20807194709777832,0.2347877025604248,0.22617721557617188,0.23598694801330566,0.2509498596191406,0.23289084434509277,0.2675652503967285,0.2221829891204834,0.23292279243469238,0.2200911045074463,0.3777649402618408,0.24651098251342773,0.25296926498413086,0.2236497402191162,0.20752596855163574,0.22480392456054688,0.24535608291625977,0.2314770221710205,0.21513009071350098
65,0.20216608047485352,0.20644497871398926,0.21031808853149414,0.48577094078063965,0.2153608798980713,0.22499990463256836,0.20786619186401367,0.2230668067932129,0.20786309242248535,0.20667386054992676,0.23169589042663574,0.20472097396850586,0.24504899978637695,0.23085713386535645,0.21042513847351074,0.22253894805908203,0.2309110164642334,0.21732521057128906,0.23096609115600586,0.22588682174682617,0.23540210723876953,0.22443795204162598,0.2052927017211914,0.21265006065368652,0.20967984199523926,0.2333838939666748,0.20869898796081543,0.23971319198608398,0.24854207038879395,0.23502111434936523,0.2342548370361328,0.2488858699798584,0.25316929817199707,0.2205061912536621,0.22936487197875977,0.23650407791137695,0.2516460418701172,0.24590730667114258,0.2061138153076172,0.25238513946533203,0.2192230224609375,0.2351071834564209,0.2535061836242676,0.23567914962768555,0.8024649620056152,0.21462488174438477,0.24324989318847656,0.23681926727294922,0.23532605171203613,0.23144221305847168
66,0.20572376251220703,0.24839091300964355,0.20559120178222656,0.22995209693908691,0.22619199752807617,0.21819686889648438,0.22032690048217773,0.2077486515045166,0.22880792617797852,0.20435380935668945,0.2079160213470459,0.21999096870422363,0.20606422424316406,0.2233898639678955,0.2440199851989746,0.21291065216064453,0.2356107234954834,0.23103785514831543,0.5802137851715088,0.21285200119018555,0.20320796966552734,0.20444583892822266,0.23033928871154785,0.22185611724853516,0.2068638801574707,0.2229781150817871,0.2297508716583252,0.23566579818725586,0.23996901512145996,0.2489919662475586,0.23253202438354492,0.24516677856445312,0.23487305641174316,0.21360492706298828,0.21297216415405273,0.2351391315460205,0.23967504501342773,0.21214699745178223,0.2240447998046875,0.23601698875427246,0.23198699951171875,0.5047509670257568,0.21152615547180176,0.23336315155029297,0.5402319431304932,0.22849631309509277,0.22685027122497559,0.2357640266418457,0.2396690845489502,0.25298619270324707
67,0.23563909530639648,0.20724892616271973,0.2394731044769287,0.20550990104675293,0.2549600601196289,0.2177729606628418,0.23096275329589844,0.21323084831237793,0.21779298782348633,0.24414300918579102,0.25015878677368164,0.23114609718322754,0.22773504257202148,0.2283341884613037,0.211838960647583,0.2297351360321045,0.20497989654541016,0.2051992416381836,0.2509901523590088,0.2021467685699463,0.2269911766052246,0.23108196258544922,0.23767590522766113,0.22493791580200195,0.21523785591125488,0.2326982021331787,0.2535061836242676,0.2348783016204834,0.23549270629882812,0.2391359806060791,0.21056628227233887,0.20746803283691406,0.20815396308898926,0.22992396354675293,0.2344369888305664,0.23542094230651855,0.23508667945861816,0.22273492813110352,0.23442411422729492,0.23659014701843262,0.22152304649353027,0.20854687690734863,0.2280111312866211,0.2358541488647461,0.21226096153259277,0.2065887451171875,0.23085403442382812,0.23737597465515137,0.23272109031677246,0.2380661964416504
68,0.22546100616455078,0.23227405548095703,0.2138810157775879,0.20727086067199707,0.22558093070983887,0.22957372665405273,0.2121601104736328,0.23287129402160645,0.22869110107421875,0.21158599853515625,0.23537111282348633,0.20494723320007324,0.22260189056396484,0.20519208908081055,0.20276999473571777,0.22429800033569336,0.2070152759552002,0.23464012145996094,0.23441720008850098,0.21955299377441406,0.21351003646850586,0.20737504959106445,0.2144021987915039,0.21291208267211914,0.24697232246398926,0.20494985580444336,0.23776888847351074,0.22610187530517578,0.2273550033569336,0.23348498344421387,0.23212313652038574,0.2407550811767578,0.23452091217041016,0.23894095420837402,0.21815013885498047,0.23143601417541504,0.23551273345947266,0.23506999015808105,0.20911908149719238,0.23138809204101562,0.22182416915893555,0.23572230339050293,0.20784807205200195,0.20863795280456543,0.23123788833618164,0.46883177757263184,0.23978805541992188,0.2284238338470459,0.24170517921447754,0.2322089672088623
69,0.21643900871276855,0.21240806579589844,0.23288393020629883,0.6616570949554443,0.21449494361877441,0.20645689964294434,0.23044800758361816,0.23745989799499512,0.2511308193206787,0.22945809364318848,0.20706820487976074,0.23453402519226074,0.21926474571228027,0.2102830410003662,0.21909689903259277,0.2045907974243164,0.24746489524841309,0.2392418384552002,0.20905399322509766,0.24095797538757324,0.22842860221862793,0.23621511459350586,0.20226812362670898,0.2209627628326416,0.2080831527709961,0.2085399627685547,0.23803281784057617,0.2155461311340332,0.24183130264282227,0.20637178421020508,0.2059798240661621,0.2372570037841797,0.23650407791137695,0.25167298316955566,0.22684121131896973,0.22920513153076172,0.23222017288208008,0.2263638973236084,0.2237250804901123,0.20841693878173828,0.2100389003753662,0.48821091651916504,0.25095105171203613,0.2515678405761719,0.23667502403259277,0.23454904556274414,0.22983503341674805,0.2214820384979248,0.20530295372009277,0.231827974319458
70,0.22677183151245117,0.22360897064208984,0.23279690742492676,0.2108311653137207,0.24800705909729004,0.25017762184143066,0.21203017234802246,0.23516106605529785,0.20552396774291992,0.21146106719970703,0.2232518196105957,0.2061781883239746,0.21901392936706543,0.23348712921142578,0.2284679412841797,0.2321021556854248,0.22335124015808105,0.251539945602417,0.22960805892944336,0.21666312217712402,0.2287752628326416,0.2471179962158203,0.21536731719970703,0.2245187759399414,0.2324230670928955,0.22883200645446777,0.23653316497802734,0.23523497581481934,0.24509000778198242,0.23444294929504395,0.22931599617004395,0.23602080345153809,0.2503068447113037,0.23265719413757324,0.23360681533813477,0.2227492332458496,0.25095295906066895,0.2029557228088379,0.22027015686035156,0.25145483016967773,0.21374201774597168,0.5140540599822998,0.23727083206176758,0.22754192352294922,0.23939204216003418,0.23257923126220703,0.23914504051208496,0.21268296241760254,0.22330689430236816,0.2118682861328125
71,0.20887088775634766,0.23177289962768555,0.21044588088989258,0.20528793334960938,0.22103595733642578,0.2341461181640625,0.21804285049438477,0.23228907585144043,0.23403000831604004,0.22821712493896484,0.20500922203063965,0.24941205978393555,0.22136712074279785,0.22275805473327637,0.22707724571228027,0.20690083503723145,0.22111296653747559,0.23717212677001953,0.20736122131347656,0.22706007957458496,0.22548699378967285,0.21464085578918457,0.22999286651611328,0.21703696250915527,0.20759916305541992,0.2567307949066162,0.23067903518676758,0.20562505722045898,0.2105569839477539,0.2525796890258789,0.2406771183013916,0.2368481159210205,0.23961091041564941,0.5321540832519531,0.20870208740234375,0.22989416122436523,0.2115797996520996,0.2075960636138916,0.23093080520629883,0.23784518241882324,0.2441861629486084,0.2399580478668213,0.23697304725646973,0.21553516387939453,0.24725890159606934,0.4811258316040039,0.2374122142791748,0.23448801040649414,0.21558570861816406,0.2546861171722412
72,0.24247407913208008,0.225921630859375,0.24407386779785156,0.2335340976715088,0.2348620891571045,0.2046830654144287,0.22689104080200195,0.19192194938659668,0.2048358917236328,0.22995686531066895,0.24402999877929688,0.20637178421020508,0.2092609405517578,0.23224806785583496,0.23040175437927246,0.23481488227844238,0.22666001319885254,0.2075798511505127,0.45912599563598633,0.2076551914215088,0.21344780921936035,0.22389006614685059,0.23268389701843262,0.21662306785583496,0.2309410572052002,0.23650693893432617,0.24511194229125977,0.2401123046875,0.23996210098266602,0.23761415481567383,0.23108935356140137,0.23141884803771973,0.23167204856872559,0.20724725723266602,0.25946879386901855,0.23927092552185059,0.2308659553527832,0.23216891288757324,0.20563912391662598,0.23542022705078125,0.2266559600830078,0.47328686714172363,0.2332291603088379,0.21802115440368652,0.19217801094055176,0.4956350326538086,0.24982810020446777,0.23489689826965332,0.22074007987976074,0.2333660125732422
73,0.20334982872009277,0.2088768482208252,0.2033216953277588,0.23156404495239258,0.24416899681091309,0.21147513389587402,0.21138501167297363,0.21083593368530273,0.2288987636566162,0.2034471035003662,0.23642373085021973,0.20445799827575684,0.23767590522766113,0.23526501655578613,0.20940399169921875,0.24974298477172852,0.21019577980041504,0.22786998748779297,0.22980022430419922,0.2321641445159912,0.2020859718322754,0.20366907119750977,0.22418689727783203,0.2201688289642334,0.22562909126281738,0.2253248691558838,0.20338201522827148,0.24853181838989258,0.23362994194030762,0.25095605850219727,0.25461888313293457,0.25008416175842285,0.23907089233398438,0.24201393127441406,0.2344040870666504,0.23648929595947266,0.23955202102661133,0.22937822341918945,0.20938992500305176,0.2381591796875,0.23085880279541016,0.22930312156677246,0.20761704444885254,0.22235488891601562,0.25136685371398926,0.2253119945526123,0.22994089126586914,0.23581695556640625,0.23327016830444336,0.2357959747314453
74,0.21645593643188477,0.2339320182800293,0.21193504333496094,0.20426011085510254,0.2510640621185303,0.21414470672607422,0.22910594940185547,0.22933506965637207,0.24274206161499023,0.2142810821533203,0.20534396171569824,0.23267412185668945,0.23235321044921875,0.20668315887451172,0.2283000946044922,0.20959997177124023,0.24407100677490234,0.20549726486206055,0.21308398246765137,0.2256178855895996,0.22943592071533203,0.20460200309753418,0.20902776718139648,0.23390603065490723,0.2056739330291748,0.21332073211669922,0.2172842025756836,0.2366619110107422,0.23545384407043457,0.2274019718170166,0.2362370491027832,0.206773042678833,0.24821829795837402,0.24636435508728027,0.2373669147491455,0.2514019012451172,0.23555207252502441,0.21779608726501465,0.2276139259338379,0.23499321937561035,0.2344191074371338,0.2561163902282715,0.25171518325805664,0.23445701599121094,0.23645997047424316,0.4633522033691406,0.21233296394348145,0.2511711120605469,0.23166894912719727,0.23277783393859863
75,0.22710609436035156,0.2088310718536377,0.22815990447998047,0.2345142364501953,0.22598886489868164,0.24510693550109863,0.7659170627593994,0.21178793907165527,0.23498106002807617,0.23402190208435059,0.23214983940124512,0.2072591781616211,0.2100679874420166,0.20802092552185059,0.20339393615722656,0.2268979549407959,0.2039322853088379,0.22250080108642578,0.227247953414917,0.20194721221923828,0.22518205642700195,0.24726200103759766,0.23164582252502441,0.22311925888061523,0.22601819038391113,0.22466683387756348,0.22756242752075195,0.23220610618591309,0.23883867263793945,0.22796297073364258,0.23052501678466797,0.24127793312072754,0.22307300567626953,0.1937849521636963,0.2360231876373291,0.23323607444763184,0.2518439292907715,0.2401731014251709,0.23755788803100586,0.24984192848205566,0.21013379096984863,0.20908880233764648,0.23461031913757324,0.21648120880126953,0.2381150722503662,0.2353668212890625,0.2371349334716797,0.23735880851745605,0.23279500007629395,0.2388310432434082
76,0.20788002014160156,0.24313902854919434,0.21567010879516602,0.20801377296447754,0.21701717376708984,0.2081279754638672,0.23215389251708984,0.23198890686035156,0.21092796325683594,0.206618070602417,0.21772408485412598,0.24742388725280762,0.24587106704711914,0.23603320121765137,0.22807908058166504,0.2062678337097168,0.2112891674041748,0.22886013984680176,0.22023606300354004,0.2256619930267334,0.23093771934509277,0.23307013511657715,0.20229601860046387,0.2064802646636963,0.2089531421661377,0.2237379550933838,0.20977306365966797,0.20995521545410156,0.23626208305358887,0.22288012504577637,0.20742034912109375,0.23779296875,0.231644868850708,0.24645590782165527,0.23152828216552734,0.22730612754821777,0.2353072166442871,0.23685693740844727,0.245833158493042,0.2073040008544922,0.22146391868591309,0.21849322319030762,0.24107599258422852,0.20872092247009277,0.23415184020996094,0.47431182861328125,0.23542022705078125,0.2085719108581543,0.2052769660949707,0.2506589889526367
77,0.24711203575134277,0.2031848430633545,0.24359989166259766,0.24545693397521973,0.2581031322479248,0.22939705848693848,0.2132260799407959,0.2363450527191162,0.2287459373474121,0.2480149269104004,0.23386192321777344,0.2083730697631836,0.20815300941467285,0.23247694969177246,0.2288210391998291,0.20692110061645508,0.23421430587768555,0.22255182266235352,0.20443391799926758,0.2213151454925537,0.2066028118133545,0.21082496643066406,0.22523093223571777,0.21584272384643555,0.2409510612487793,0.21394705772399902,0.24828696250915527,0.23171710968017578,0.2466280460357666,0.20464706420898438,0.23542284965515137,0.2331089973449707,0.21157002449035645,0.2395460605621338,0.2479710578918457,0.21305584907531738,0.23316407203674316,0.20154190063476562,0.21254587173461914,0.21978282928466797,0.22000384330749512,0.22961783409118652,0.22915005683898926,0.21979379653930664,0.23741483688354492,0.24886703491210938,0.2535412311553955,0.23282504081726074,0.23218703269958496,0.21038269996643066
78,0.20775485038757324,0.2102978229522705,0.23382186889648438,0.20367693901062012,0.228471040725708,0.21216702461242676,0.49178433418273926,0.20643186569213867,0.2100670337677002,0.20815420150756836,0.20396184921264648,0.2312929630279541,0.20571088790893555,0.23414897918701172,0.20610308647155762,0.2482898235321045,0.23233389854431152,0.20953869819641113,0.20704388618469238,0.21933197975158691,0.23401594161987305,0.23024320602416992,0.23291492462158203,0.2298908233642578,0.24329495429992676,0.22325706481933594,0.2070910930633545,0.22343921661376953,0.2093639373779297,0.22996783256530762,0.22477269172668457,0.25310206413269043,0.23161792755126953,0.23029804229736328,0.21016907691955566,0.23546791076660156,0.21088385581970215,0.22679710388183594,0.2793080806732178,0.23380613327026367,0.22236299514770508,0.23233389854431152,0.2399730682373047,0.21765589714050293,0.2519540786743164,0.2342827320098877,0.2301349639892578,0.2353038787841797,0.23039674758911133,0.23007583618164062
79,0.23089218139648438,0.2336139678955078,0.2083418369293213,0.3239626884460449,0.24028301239013672,0.22128605842590332,0.2795088291168213,0.2073211669921875,0.23761510848999023,0.2322378158569336,0.21027493476867676,0.21004700660705566,0.23203802108764648,0.23865604400634766,0.20451092720031738,0.20814800262451172,0.2286839485168457,0.227280855178833,0.20482206344604492,0.234328031539917,0.20833110809326172,0.21138787269592285,0.20558810234069824,0.2281510829925537,0.20917773246765137,0.20998787879943848,0.23072004318237305,0.23223400115966797,0.24563312530517578,0.20969080924987793,0.23319602012634277,0.23266983032226562,0.23714518547058105,0.20849204063415527,0.23691987991333008,0.22230195999145508,0.2357492446899414,0.20508790016174316,0.20873594284057617,0.2312760353088379,0.2208268642425537,0.23806190490722656,0.24982714653015137,0.23935580253601074,0.22283411026000977,0.20726299285888672,0.2432870864868164,0.25164103507995605,0.23024487495422363,0.23805499076843262
80,0.20462799072265625,0.20819687843322754,0.2278587818145752,0.2163069248199463,0.2338886260986328,0.22225093841552734,0.2193589210510254,0.5086669921875,0.2052149772644043,0.20331406593322754,0.236799955368042,0.20702600479125977,0.20549917221069336,0.23523402214050293,0.23128867149353027,0.23404383659362793,0.21831917762756348,0.21767401695251465,0.2497718334197998,0.22350287437438965,0.21894192695617676,0.24527788162231445,0.23420190811157227,0.21589398384094238,0.22798776626586914,0.23683691024780273,0.20424509048461914,0.20741987228393555,0.21138691902160645,0.23198509216308594,0.23353075981140137,0.23651504516601562,0.2504591941833496,0.24252700805664062,0.2364940643310547,0.23556923866271973,0.24921298027038574,0.23700308799743652,0.20442700386047363,0.22877192497253418,0.214829683303833,0.25336694717407227,0.23038578033447266,0.21282720565795898,0.22601914405822754,0.49200987815856934,0.22290706634521484,0.23779511451721191,0.24142980575561523,0.23979878425598145
81,0.20875811576843262,0.24297499656677246,0.20424103736877441,0.45154380798339844,0.2352283000946045,0.2129957675933838,0.20118308067321777,0.7859740257263184,0.21792221069335938,0.2090749740600586,0.2341630458831787,0.2404012680053711,0.2398207187652588,0.25115966796875,0.23062515258789062,0.20756101608276367,0.22826194763183594,0.21811890602111816,0.19105005264282227,0.2133009433746338,0.21513795852661133,0.20499300956726074,0.20794892311096191,0.22060918807983398,0.2042708396911621,0.24800586700439453,0.20872282981872559,0.23363995552062988,0.23779988288879395,0.22559905052185059,0.20806193351745605,0.20676112174987793,0.23643279075622559,0.25124192237854004,0.23537302017211914,0.23821377754211426,0.2391808032989502,0.23124098777770996,0.4714057445526123,0.2175910472869873,0.24495792388916016,0.22775816917419434,0.21204209327697754,0.22405099868774414,0.21062016487121582,0.24704790115356445,0.2112572193145752,0.23452115058898926,0.23052406311035156,0.2478640079498291
82,0.2469189167022705,0.21018314361572266,0.2277681827545166,0.22770094871520996,0.24155688285827637,0.22586488723754883,0.47883176803588867,0.5019619464874268,0.22804594039916992,0.24702000617980957,0.22318100929260254,0.2152869701385498,0.2285919189453125,0.22773313522338867,0.22647809982299805,0.22823095321655273,0.20350313186645508,0.22154521942138672,0.245866060256958,0.2038278579711914,0.20702123641967773,0.2322092056274414,0.24710822105407715,0.2242739200592041,0.21115398406982422,0.20901107788085938,0.2519690990447998,0.23187780380249023,0.24858880043029785,0.22795677185058594,0.2262880802154541,0.228593111038208,0.2236940860748291,0.23102998733520508,0.25264596939086914,0.22941279411315918,0.2350151538848877,0.21305584907531738,0.4862020015716553,0.22766780853271484,0.2354428768157959,0.253065824508667,0.2402820587158203,0.21556782722473145,0.23500895500183105,0.5225028991699219,0.2321949005126953,0.23631978034973145,0.23702502250671387,0.23553204536437988
83,0.20951032638549805,0.22978711128234863,0.22881197929382324,0.20769214630126953,0.2167220115661621,0.21436285972595215,0.20578575134277344,0.4851851463317871,0.20720219612121582,0.20922088623046875,0.23389482498168945,0.23015594482421875,0.20711588859558105,0.21006274223327637,0.20221304893493652,0.22322893142700195,0.20843100547790527,0.22553014755249023,0.20906591415405273,0.23029708862304688,0.232011079788208,0.21314096450805664,0.21158409118652344,0.2050471305847168,0.24624323844909668,0.2069392204284668,0.23631691932678223,0.22076702117919922,0.23622393608093262,0.2128431797027588,0.2226700782775879,0.2333841323852539,0.2085587978363037,0.23782086372375488,0.23515868186950684,0.2311711311340332,0.23382091522216797,0.24230194091796875,0.4668161869049072,0.20966005325317383,0.20918679237365723,0.7266960144042969,0.23157405853271484,0.20908021926879883,0.23928189277648926,0.22438716888427734,0.24263906478881836,0.20753693580627441,0.24075794219970703,0.23440790176391602
84,0.2346341609954834,0.20447897911071777,0.21053624153137207,0.24715113639831543,0.24212193489074707,0.23166632652282715,0.20616793632507324,0.5150372982025146,0.2506580352783203,0.23083782196044922,0.20814204216003418,0.23879504203796387,0.2322859764099121,0.23853111267089844,0.20967602729797363,0.23752188682556152,0.23221516609191895,0.20483613014221191,0.5172667503356934,0.21973800659179688,0.20971012115478516,0.22449803352355957,0.20346903800964355,0.22839617729187012,0.2071378231048584,0.2165379524230957,0.23629117012023926,0.21137499809265137,0.2332620620727539,0.2043318748474121,0.20685696601867676,0.22139906883239746,0.23039889335632324,0.4879159927368164,0.2353360652923584,0.22897791862487793,0.2358088493347168,0.21306705474853516,0.5875270366668701,0.20927691459655762,0.23572683334350586,0.25368595123291016,0.25525403022766113,0.2324659824371338,0.233565092086792,0.24392414093017578,0.22555899620056152,0.23533320426940918,0.19008803367614746,0.23176002502441406
85,0.23391413688659668,0.2069849967956543,0.23200392723083496,0.20927000045776367,0.23137784004211426,0.25058412551879883,0.20134925842285156,0.20781898498535156,0.23686981201171875,0.20570015907287598,0.20544886589050293,0.23119711875915527,0.2040572166442871,0.23238015174865723,0.23055672645568848,0.23578190803527832,0.20787501335144043,0.2196190357208252,0.46143603324890137,0.2035081386566162,0.24535322189331055,0.23975276947021484,0.22840189933776855,0.23064875602722168,0.24167275428771973,0.23734021186828613,0.2364649772644043,0.22587013244628906,0.21245908737182617,0.21794795989990234,0.22770285606384277,0.21595072746276855,0.24958276748657227,0.24606895446777344,0.20971179008483887,0.23727679252624512,0.24348878860473633,0.20535612106323242,0.20824909210205078,0.23418092727661133,0.2345588207244873,0.530526876449585,0.23273587226867676,0.22791695594787598,0.2509157657623291,0.2486588954925537,0.21396303176879883,0.23262500762939453,0.22988510131835938,0.20998382568359375
86,0.20725488662719727,0.22146201133728027,0.20714902877807617,0.2354423999786377,0.23598122596740723,0.20833611488342285,0.2461681365966797,0.228104829788208,0.22922086715698242,0.2348630428314209,0.21663689613342285,0.25085902214050293,0.22401690483093262,0.22733402252197266,0.229600191116333,0.20897889137268066,0.24928069114685059,0.23314619064331055,0.22017121315002441,0.2336740493774414,0.20996999740600586,0.20660805702209473,0.21177411079406738,0.20968985557556152,0.22170519828796387,0.24842500686645508,0.23262286186218262,0.21370291709899902,0.23169898986816406,0.250028133392334,0.23837900161743164,0.23004794120788574,0.23635411262512207,0.21204304695129395,0.2254040241241455,0.2391200065612793,0.20909380912780762,0.21678924560546875,0.20392680168151855,0.22438597679138184,0.2521669864654541,0.2526438236236572,0.23705387115478516,0.23792529106140137,0.2956058979034424,0.2275829315185547,0.2207648754119873,0.23757123947143555,0.23369216918945312,0.2558879852294922
87,0.2192389965057373,0.23284506797790527,0.24287891387939453,0.20446300506591797,0.25588369369506836,0.21201014518737793,0.21826887130737305,0.21521687507629395,0.20931291580200195,0.22392916679382324,0.24386000633239746,0.2291271686553955,0.22923874855041504,0.2338559627532959,0.22949504852294922,0.229539155960083,0.20439386367797852,0.2018120288848877,0.47513866424560547,0.20676779747009277,0.22786784172058105,0.23379993438720703,0.244185209274292,0.2303013801574707,0.22768807411193848,0.2449789047241211,0.24115991592407227,0.2313549518585205,0.2472820281982422,0.23412299156188965,0.20768523216247559,0.2368450164794922,0.2348649501800537,0.23975205421447754,0.22965502738952637,0.23656392097473145,0.21311688423156738,0.2234480381011963,0.21832013130187988,0.20847415924072266,0.23738884925842285,0.23743796348571777,0.22660088539123535,0.23643803596496582,0.2799370288848877,0.20956206321716309,0.2342839241027832,0.23787808418273926,0.23889994621276855,0.23582792282104492
88,0.20513701438903809,0.20717096328735352,0.20707082748413086,0.20656323432922363,0.22233796119689941,0.21790003776550293,0.46079421043395996,0.1897900104522705,0.23612689971923828,0.20298290252685547,0.21483802795410156,0.21687078475952148,0.21206998825073242,0.23428106307983398,0.23308706283569336,0.2250843048095703,0.23360896110534668,0.20652508735656738,0.4423258304595947,0.42183399200439453,0.20351409912109375,0.20355486869812012,0.20842695236206055,0.2101728916168213,0.24108004570007324,0.2200181484222412,0.20390701293945312,0.22129011154174805,0.2278282642364502,0.23783612251281738,0.24609613418579102,0.22346115112304688,0.21013212203979492,0.2328040599822998,0.23250102996826172,0.23172783851623535,0.22094202041625977,0.23294901847839355,0.22593927383422852,0.23595094680786133,0.23505878448486328,0.23627018928527832,0.21230077743530273,0.23438692092895508,0.2383589744567871,0.20884418487548828,0.24536609649658203,0.23262715339660645,0.23452281951904297,0.23602724075317383
89,0.22827386856079102,0.23328590393066406,0.23341989517211914,0.24542903900146484,0.2156670093536377,0.5108118057250977,0.4911482334136963,0.21650385856628418,0.22538495063781738,0.23377275466918945,0.2284541130065918,0.24338889122009277,0.23027825355529785,0.22769832611083984,0.21251320838928223,0.22872138023376465,0.2046351432800293,0.20447993278503418,0.48694801330566406,0.2078852653503418,0.21365594863891602,0.20755314826965332,0.23089599609375,0.24700021743774414,0.20597290992736816,0.2159581184387207,0.2387528419494629,0.2331380844116211,0.5305290222167969,0.23571515083312988,0.236771821975708,0.21015691757202148,0.2248849868774414,0.23779630661010742,0.23717212677001953,0.2518138885498047,0.22558283805847168,0.2329568862915039,0.2373640537261963,0.23573708534240723,0.23354077339172363,0.23606586456298828,0.25163984298706055,0.24347901344299316,0.23263001441955566,0.23285675048828125,0.2200770378112793,0.25484395027160645,0.23461318016052246,0.23348689079284668
90,0.21323704719543457,0.2088298797607422,0.21528887748718262,0.20593905448913574,0.2156689167022705,0.23279094696044922,0.23160791397094727,0.2307116985321045,0.22737479209899902,0.23475217819213867,0.20906400680541992,0.22597503662109375,0.20949459075927734,0.20965099334716797,0.20358705520629883,0.2049269676208496,0.2074577808380127,0.24691987037658691,0.4713931083679199,0.22813892364501953,0.24397993087768555,0.24647212028503418,0.2073049545288086,0.2337629795074463,0.2245340347290039,0.20665979385375977,0.23401904106140137,0.20452094078063965,0.5355629920959473,0.22968029975891113,0.23267006874084473,0.22430992126464844,0.22812223434448242,0.4869861602783203,0.2358379364013672,0.23538780212402344,0.2572662830352783,0.29964280128479004,0.21539711952209473,0.24691987037658691,0.22619318962097168,0.2128009796142578,0.20788216590881348,0.2081458568572998,0.23047614097595215,0.2237992286682129,0.23610186576843262,0.2321929931640625,0.24759817123413086,0.2386150360107422
91,0.23049497604370117,0.22159981727600098,0.22720932960510254,0.23003077507019043,0.21798086166381836,0.25458717346191406,0.5095410346984863,0.20974206924438477,0.21033596992492676,0.20847415924072266,0.23038005828857422,0.26054978370666504,0.23134112358093262,0.22926902770996094,0.2346339225769043,0.20641875267028809,0.24442172050476074,0.21768403053283691,0.47995877265930176,0.2402811050415039,0.20746397972106934,0.7927331924438477,0.20350193977355957,0.22487401962280273,0.21400880813598633,0.23435020446777344,0.24596619606018066,0.20801186561584473,0.5164229869842529,0.22714495658874512,0.20773577690124512,0.2303311824798584,0.2333681583404541,0.19162988662719727,0.23347806930541992,0.2090129852294922,0.23395204544067383,0.21138787269592285,0.22128677368164062,0.20995783805847168,0.22569870948791504,0.2342820167541504,0.2337489128112793,0.20815062522888184,0.23097801208496094,0.218858003616333,0.20817303657531738,0.20804715156555176,0.20652079582214355,0.2465221881866455
92,0.22398591041564941,0.2247028350830078,0.22535490989685059,0.22080206871032715,0.23236083984375,0.23452496528625488,0.23448777198791504,0.2171790599822998,0.23046875,0.2466278076171875,0.22477984428405762,0.22280001640319824,0.20599007606506348,0.22594499588012695,0.23050713539123535,0.228989839553833,0.21201300621032715,0.22169709205627441,0.2283918857574463,0.2131659984588623,0.2348330020904541,0.7999382019042969,0.24634599685668945,0.2346639633178711,0.22942113876342773,0.22664213180541992,0.2564690113067627,0.2311418056488037,0.25148797035217285,0.23877763748168945,0.2393629550933838,0.21873807907104492,0.23851490020751953,0.5192430019378662,0.24890398979187012,0.23284482955932617,0.23021578788757324,0.20297718048095703,0.48119282722473145,0.23621892929077148,0.2161998748779297,0.232896089553833,0.2391948699951172,0.24235796928405762,0.5152790546417236,0.23454022407531738,0.25019407272338867,0.23156523704528809,0.2391822338104248,0.20940089225769043
93,0.2280111312866211,0.2096850872039795,0.2225360870361328,0.2133939266204834,0.21969199180603027,0.2324819564819336,0.2369070053100586,0.24990487098693848,0.20862483978271484,0.20850396156311035,0.20365023612976074,0.24418926239013672,0.22191905975341797,0.21105504035949707,0.20568108558654785,0.2223951816558838,0.22395014762878418,0.22280001640319824,0.22489714622497559,0.22886109352111816,0.20467829704284668,0.2506980895996094,0.2133948802947998,0.2544898986816406,0.22271108627319336,0.2132868766784668,0.22619009017944336,0.2243211269378662,0.515963077545166,0.22774577140808105,0.2528541088104248,0.2208418846130371,0.23795509338378906,0.5144879817962646,0.20869708061218262,0.23233795166015625,0.21083998680114746,0.24271178245544434,0.20312809944152832,0.245208740234375,0.22096014022827148,0.23419499397277832,0.23395133018493652,0.23503899574279785,0.23934507369995117,0.2268078327178955,0.22996020317077637,0.2078709602355957,0.2390131950378418,0.2337479591369629
94,0.2165391445159912,0.23412418365478516,0.22374296188354492,0.23936724662780762,0.21915483474731445,0.20724987983703613,0.223114013671875,0.23422479629516602,0.22135090827941895,0.23012995719909668,0.23028802871704102,0.2238619327545166,0.22027325630187988,0.22628498077392578,0.23250365257263184,0.23500800132751465,0.22185325622558594,0.2013089656829834,0.48984694480895996,0.21204209327697754,0.20634126663208008,0.23586297035217285,0.23090887069702148,0.2542297840118408,0.2316150665283203,0.22453689575195312,0.24096417427062988,0.23564910888671875,0.21255874633789062,0.21678376197814941,0.23487472534179688,0.21741199493408203,0.2342982292175293,0.23905301094055176,0.23743104934692383,0.2299058437347412,0.23779988288879395,0.2136859893798828,0.20461606979370117,0.21917390823364258,0.22683119773864746,0.23225712776184082,0.245682954788208,0.25263500213623047,0.23830676078796387,0.20887327194213867,0.20915889739990234,0.2481849193572998,0.2366030216217041,0.21258902549743652
95,0.2039170265197754,0.20596098899841309,0.20306086540222168,0.2042529582977295,0.21471214294433594,0.20872282981872559,0.42951393127441406,0.20630598068237305,0.22976088523864746,0.20423007011413574,0.20519089698791504,0.21401286125183105,0.22214865684509277,0.2128300666809082,0.209564208984375,0.23334288597106934,0.2133622169494629,0.22147917747497559,0.4702162742614746,0.2027289867401123,0.2193458080291748,0.23516178131103516,0.20283079147338867,0.23365402221679688,0.2103729248046875,0.2177720069885254,0.20318102836608887,0.23290801048278809,0.23876595497131348,0.21823787689208984,0.2382030487060547,0.237656831741333,0.2357187271118164,0.24022507667541504,0.23642206192016602,0.22330284118652344,0.25406432151794434,0.2317798137664795,0.24674105644226074,0.23775815963745117,0.20649075508117676,0.23380780220031738,0.20868611335754395,0.2292771339416504,0.2315819263458252,0.2085709571838379,0.22494006156921387,0.2393662929534912,0.25048398971557617,0.23087310791015625
96,0.21948909759521484,0.2503829002380371,0.21024012565612793,0.21492505073547363,0.22300434112548828,0.23764705657958984,0.21495509147644043,0.22974801063537598,0.2076270580291748,0.207136869430542,0.2375049591064453,0.2318110466003418,0.22705483436584473,0.24694108963012695,0.246718168258667,0.21004986763000488,0.23549437522888184,0.20253491401672363,0.21079516410827637,0.23427271842956543,0.22789311408996582,0.2082681655883789,0.20710396766662598,0.23871731758117676,0.2058870792388916,0.23519682884216309,0.23379874229431152,0.23804903030395508,0.47122621536254883,0.24442505836486816,0.23334598541259766,0.20308208465576172,0.23033595085144043,0.2328779697418213,0.23946309089660645,0.21247315406799316,0.23503994941711426,0.22905898094177246,0.2593369483947754,0.21002793312072754,0.2479710578918457,0.6400980949401855,0.24019598960876465,0.23712992668151855,0.23479413986206055,0.23769593238830566,0.20838713645935059,0.2346348762512207,0.23509812355041504,0.2534358501434326
97,0.23687100410461426,0.23437070846557617,0.24956583976745605,0.2302088737487793,0.23446297645568848,0.21609091758728027,0.22899794578552246,0.22612309455871582,0.23444199562072754,0.25042009353637695,0.2489609718322754,0.2227940559387207,0.20699715614318848,0.2082509994506836,0.20847415924072266,0.22165298461914062,0.20575904846191406,0.20577692985534668,0.22857308387756348,0.2195420265197754,0.21965408325195312,0.23063015937805176,0.2464761734008789,0.22659897804260254,0.22882390022277832,0.22004485130310059,0.22835707664489746,0.23148298263549805,0.22455191612243652,0.2377300262451172,0.23162007331848145,0.22538018226623535,0.2074899673461914,0.2503812313079834,0.24846291542053223,0.22977590560913086,0.23719215393066406,0.2133190631866455,0.2614309787750244,0.23445701599121094,0.23796701431274414,0.2371997833251953,0.23305821418762207,0.20775675773620605,0.48936963081359863,0.251708984375,0.22811603546142578,0.2375040054321289,0.22909975051879883,0.23578906059265137
98,0.2206249237060547,0.2035808563232422,0.2192227840423584,0.20719218254089355,0.21530699729919434,0.22366118431091309,0.22164201736450195,0.20708918571472168,0.20674705505371094,0.20325875282287598,0.21144795417785645,0.2464160919189453,0.2508420944213867,0.21447491645812988,0.2057652473449707,0.221970796585083,0.226485013961792,0.20369601249694824,0.20516204833984375,0.23047089576721191,0.212752103805542,0.22725605964660645,0.20199012756347656,0.2088172435760498,0.22326111793518066,0.20570802688598633,0.23243069648742676,0.22958898544311523,0.21492409706115723,0.21038317680358887,0.2247328758239746,0.25377988815307617,0.2265920639038086,0.23489809036254883,0.2381579875946045,0.21082711219787598,0.21880388259887695,0.23777198791503906,0.22617101669311523,0.20699691772460938,0.20851898193359375,0.23752713203430176,0.23705697059631348,0.2178511619567871,0.2578239440917969,0.22062015533447266,0.2306351661682129,0.2085719108581543,0.20809388160705566,0.2331099510192871
99,0.21289920806884766,0.20534300804138184,0.24324488639831543,0.24877309799194336,0.24907302856445312,0.21709990501403809,0.4504969120025635,0.22898197174072266,0.24760007858276367,0.235429048538208,0.22082829475402832,0.21999907493591309,0.23266983032226562,0.23903799057006836,0.22396087646484375,0.2250843048095703,0.209639310836792,0.20714688301086426,0.22203803062438965,0.20663189888000488,0.23226594924926758,0.22854328155517578,0.2066349983215332,0.2231898307800293,0.23271608352661133,0.2125391960144043,0.23170089721679688,0.2158968448638916,0.47806835174560547,0.21983909606933594,0.23412013053894043,0.2316880226135254,0.22993683815002441,0.20941805839538574,0.2318120002746582,0.22247004508972168,0.23138785362243652,0.2057640552520752,0.22132110595703125,0.2357921600341797,0.2347879409790039,0.2354450225830078,0.25326991081237793,0.25063204765319824,0.2253129482269287,0.8271889686584473,0.20682001113891602,0.2493147850036621,0.23470282554626465,0.20850110054016113
100,0.2306368350982666,0.2296457290649414,0.3214099407196045,0.20679903030395508,0.21578383445739746,0.23038482666015625,0.22756314277648926,0.22807717323303223,0.20629215240478516,0.20711398124694824,0.20344781875610352,0.22055912017822266,0.20507001876831055,0.23333215713500977,0.21712803840637207,0.20830416679382324,0.23207330703735352,0.2462301254272461,0.2188549041748047,0.23293185234069824,0.220717191696167,0.20290303230285645,0.22826480865478516,0.2351531982421875,0.20585298538208008,0.2289879322052002,0.20795130729675293,0.2302868366241455,0.20875096321105957,0.23727893829345703,0.21001386642456055,0.24099493026733398,0.23679399490356445,0.22707509994506836,0.2086162567138672,0.2292318344116211,0.22280621528625488,0.21765685081481934,0.22243189811706543,0.25232505798339844,0.23790478706359863,0.23358631134033203,0.2356700897216797,0.23621702194213867,0.21568989753723145,0.5223639011383057,0.23185992240905762,0.23782896995544434,0.22348713874816895,0.2322399616241455
101,0.20945501327514648,0.22206330299377441,0.3128190040588379,0.23102879524230957,0.2231459617614746,0.24731993675231934,0.21730303764343262,0.23015904426574707,0.22821807861328125,0.2338249683380127,0.23055696487426758,0.2581601142883301,0.2071218490600586,0.22518205642700195,0.24471187591552734,0.2343740463256836,0.22086811065673828,0.21416974067687988,0.34409523010253906,0.22338294982910156,0.23154187202453613,0.21438097953796387,0.20496821403503418,0.23758196830749512,0.23329782485961914,0.22593212127685547,0.23552393913269043,0.20644807815551758,0.25331878662109375,0.2564091682434082,0.23849916458129883,0.24010610580444336,0.24809503555297852,0.21849608421325684,0.2456951141357422,0.26256680488586426,0.24061799049377441,0.2660486698150635,0.2190239429473877,0.24588584899902344,0.2583310604095459,0.31711483001708984,0.23277902603149414,0.24373507499694824,0.22018885612487793,0.2290639877319336,0.20926213264465332,0.23817706108093262,0.2404170036315918,0.2569398880004883
102,0.22229409217834473,0.23584389686584473,0.34130001068115234,0.48393797874450684,0.26104283332824707,0.21309900283813477,0.46942973136901855,0.20550203323364258,0.2051687240600586,0.22337722778320312,0.24971413612365723,0.2142469882965088,0.2244873046875,0.21944689750671387,0.2068769931793213,0.23478293418884277,0.2332606315612793,0.20763492584228516,0.1998460292816162,0.20979619026184082,0.2054920196533203,0.2218930721282959,0.24912691116333008,0.23397088050842285,0.23486804962158203,0.22194814682006836,0.2393028736114502,0.22369813919067383,0.3084070682525635,0.22412586212158203,0.22018980979919434,0.5210561752319336,0.21295475959777832,0.2564239501953125,0.22582602500915527,0.21348094940185547,0.2199409008026123,0.22224020957946777,0.21341276168823242,0.20982909202575684,0.2211778163909912,0.2266838550567627,0.2137742042541504,0.2170860767364502,0.24604082107543945,0.23401403427124023,0.23675990104675293,0.23223185539245605,0.22704505920410156,0.23356175422668457
103,0.21453475952148438,0.2322521209716797,0.2980949878692627,0.2983231544494629,0.21996784210205078,0.2135920524597168,0.3732309341430664,0.23236727714538574,0.217207670211792,0.20385098457336426,0.20508790016174316,0.21846318244934082,0.244981050491333,0.23073720932006836,0.23102116584777832,0.25133395195007324,0.20844817161560059,0.20936894416809082,0.20661616325378418,0.21720314025878906,0.2054128646850586,0.24169015884399414,0.20922493934631348,0.23508214950561523,0.22235107421875,0.22403883934020996,0.20584917068481445,0.24998092651367188,0.23388910293579102,0.21006512641906738,0.2412409782409668,0.21213173866271973,0.23012900352478027,0.49996399879455566,0.23263907432556152,0.22927427291870117,0.23433709144592285,0.23415136337280273,0.23047614097595215,0.2339780330657959,0.21277904510498047,1.0973098278045654,0.21596693992614746,0.2281968593597412,0.22967004776000977,0.4878549575805664,0.2272031307220459,0.23653411865234375,0.7782611846923828,0.23606491088867188
104,0.2076878547668457,0.211029052734375,0.26912403106689453,0.23355913162231445,0.21898102760314941,0.2390897274017334,0.3751230239868164,0.22072982788085938,0.24132013320922852,0.22670316696166992,0.23497581481933594,0.2415008544921875,0.20789384841918945,0.23235821723937988,0.2116696834564209,0.23531317710876465,0.20634198188781738,0.2303769588470459,0.24659490585327148,0.21848702430725098,0.23099493980407715,0.24173188209533691,0.23139405250549316,0.22488188743591309,0.23484396934509277,0.21053409576416016,0.2216482162475586,0.23190021514892578,0.23408889770507812,0.2346971035003662,0.20499777793884277,0.2431318759918213,0.20365071296691895,0.3630838394165039,0.2052597999572754,0.20949101448059082,0.2249150276184082,0.22539710998535156,0.22076702117919922,0.23709416389465332,0.2299036979675293,0.23787426948547363,0.2539939880371094,0.22281193733215332,0.23153305053710938,0.20334482192993164,0.20580601692199707,0.2538108825683594,0.22522687911987305,0.20502400398254395
105,0.222031831741333,0.22467613220214844,0.22821402549743652,0.20485901832580566,0.2198011875152588,0.23146605491638184,0.2264249324798584,0.22449207305908203,0.2096419334411621,0.22078490257263184,0.20583295822143555,0.22951507568359375,0.22971701622009277,0.20900821685791016,0.2042701244354248,0.20833325386047363,0.21745777130126953,0.2265310287475586,0.21002697944641113,0.23152494430541992,0.23318719863891602,0.23282313346862793,0.20844197273254395,0.24161291122436523,0.20541095733642578,0.2074589729309082,0.22861099243164062,0.21009421348571777,0.21055889129638672,0.23235487937927246,0.2030336856842041,0.20326876640319824,0.205916166305542,0.23017287254333496,0.23340415954589844,0.22909188270568848,0.23259496688842773,0.21656203269958496,0.2269001007080078,0.2475879192352295,0.20208120346069336,0.1940927505493164,0.23695158958435059,0.20381808280944824,0.2291271686553955,0.2383720874786377,0.2080087661743164,0.22925782203674316,0.22310709953308105,0.2297966480255127
106,0.2288219928741455,0.3318901062011719,0.20864415168762207,0.23698997497558594,0.23967981338500977,0.22980618476867676,0.49920105934143066,0.23096203804016113,0.23062610626220703,0.47204089164733887,0.23485898971557617,0.25690698623657227,0.2118840217590332,0.24013400077819824,0.24449396133422852,0.23154616355895996,0.24576401710510254,0.2298271656036377,0.23215293884277344,0.22106337547302246,0.21962594985961914,0.20647573471069336,0.203902006149292,0.20795798301696777,0.23385381698608398,0.2354109287261963,0.23821496963500977,0.22745704650878906,0.23247790336608887,0.23048663139343262,0.2048931121826172,0.2098369598388672,0.2538168430328369,0.25663208961486816,0.21078109741210938,0.2227950096130371,0.23031377792358398,0.20261406898498535,0.4980442523956299,0.21361613273620605,0.22414898872375488,0.23355698585510254,0.23685407638549805,0.23088502883911133,0.3673679828643799,0.23356413841247559,0.2355959415435791,0.21166205406188965,0.20252490043640137,0.2271437644958496
107,0.2241678237915039,0.22015714645385742,0.23839783668518066,0.20469307899475098,0.2470560073852539,0.22165584564208984,0.2265150547027588,0.21228694915771484,0.20885610580444336,0.2087550163269043,0.2483987808227539,0.22667694091796875,0.2058429718017578,0.24900102615356445,0.2341930866241455,0.21440482139587402,0.20828604698181152,0.2124030590057373,0.2088930606842041,0.2284998893737793,0.22475910186767578,0.20490813255310059,0.2436838150024414,0.23762083053588867,0.20682692527770996,0.22973895072937012,0.25450921058654785,0.20836830139160156,0.20600295066833496,0.2174358367919922,0.23797202110290527,0.23296427726745605,0.5281558036804199,0.2303788661956787,0.2375011444091797,0.23871898651123047,0.21259284019470215,0.20379185676574707,0.2509918212890625,0.23041296005249023,0.2364950180053711,0.25274085998535156,0.234907865524292,0.20838594436645508,0.2382948398590088,0.25177478790283203,0.25054001808166504,0.22757697105407715,0.2156689167022705,0.20480895042419434
108,0.23172616958618164,0.22028422355651855,0.22122406959533691,0.24200105667114258,0.23647689819335938,0.22343993186950684,0.7606878280639648,0.2292931079864502,0.23000288009643555,0.24947190284729004,0.2039649486541748,0.24065494537353516,0.2357349395751953,0.2379610538482666,0.20806598663330078,0.29987311363220215,0.23423123359680176,0.22688603401184082,0.20542097091674805,0.21969914436340332,0.20960021018981934,0.24336624145507812,0.21376299858093262,0.2342538833618164,0.24868988990783691,0.2367250919342041,0.22929096221923828,0.24752116203308105,0.2309577465057373,0.22833800315856934,0.25176405906677246,0.20446372032165527,0.21360492706298828,0.2409210205078125,0.20612502098083496,0.23760199546813965,0.21006202697753906,0.24120593070983887,0.23874306678771973,0.23087406158447266,0.2381429672241211,0.5158028602600098,0.23609209060668945,0.23678207397460938,0.24801373481750488,0.23691701889038086,0.2362990379333496,0.21634316444396973,0.23199725151062012,0.22818613052368164
109,0.20857501029968262,0.21853899955749512,0.21758389472961426,0.22793173789978027,0.24135398864746094,0.20948219299316406,0.5184130668640137,0.20370221138000488,0.22025799751281738,0.38951897621154785,0.20995783805847168,0.22879695892333984,0.2156977653503418,0.23494482040405273,0.23374009132385254,0.3435823917388916,0.23668193817138672,0.20567989349365234,0.22350788116455078,0.2175581455230713,0.2030329704284668,0.21744990348815918,0.23031377792358398,0.23401117324829102,0.20676827430725098,0.24253201484680176,0.2319319248199463,0.20700907707214355,0.22121310234069824,0.24062895774841309,0.23570704460144043,0.2525479793548584,0.22334527969360352,0.22690415382385254,0.22137904167175293,0.23565101623535156,0.21374106407165527,0.2225043773651123,0.20421791076660156,0.213515043258667,0.23107504844665527,0.23878979682922363,0.2421276569366455,0.24896883964538574,0.20735621452331543,0.2933359146118164,0.24133896827697754,0.24265694618225098,0.20906496047973633,0.20795702934265137
110,0.20444107055664062,0.22559022903442383,0.20729494094848633,0.2088918685913086,0.2193620204925537,0.20717477798461914,0.20660686492919922,0.22535324096679688,0.23713278770446777,0.22904109954833984,0.23476195335388184,0.21484088897705078,0.22212767601013184,0.23569107055664062,0.20805120468139648,0.33680176734924316,0.20846199989318848,0.2210559844970703,0.2587881088256836,0.2040410041809082,0.2295830249786377,0.21268200874328613,0.2080378532409668,0.22889113426208496,0.2057349681854248,0.2238478660583496,0.206373929977417,0.23861312866210938,0.20888590812683105,0.2369987964630127,0.23306512832641602,0.23726606369018555,0.21609091758728027,0.21380901336669922,0.21211910247802734,0.23584628105163574,0.24194812774658203,0.21465826034545898,0.48658204078674316,0.23719072341918945,0.21253299713134766,0.23595595359802246,0.20956730842590332,0.2321619987487793,0.24002480506896973,0.8199102878570557,0.23005175590515137,0.20694780349731445,0.2529428005218506,0.22739720344543457
111,0.22452831268310547,0.2457740306854248,0.22269797325134277,0.2311408519744873,0.21915316581726074,0.2401127815246582,0.2295839786529541,0.2275099754333496,0.20581674575805664,0.22039222717285156,0.20643377304077148,0.25547218322753906,0.2288050651550293,0.22866320610046387,0.24485301971435547,0.3261721134185791,0.2340528964996338,0.23153305053710938,0.24802112579345703,0.2318589687347412,0.20294690132141113,0.23284602165222168,0.23150992393493652,0.2282719612121582,0.21682500839233398,0.23305392265319824,0.212723970413208,0.23465704917907715,0.23257994651794434,0.2493603229522705,0.20915007591247559,0.23331499099731445,0.22376394271850586,0.23843789100646973,0.23266100883483887,0.6691939830780029,0.2111189365386963,0.2182300090789795,0.21941113471984863,0.22509193420410156,0.24561381340026855,0.48276424407958984,0.21468806266784668,0.24044203758239746,0.22882986068725586,0.24080395698547363,0.2091529369354248,0.2333049774169922,0.26480984687805176,0.23640704154968262
112,0.23985600471496582,0.21887993812561035,0.22938919067382812,0.20303010940551758,0.23268795013427734,0.21686911582946777,0.2385258674621582,0.21561121940612793,0.22106218338012695,0.20353221893310547,0.24744606018066406,0.23754596710205078,0.21093511581420898,0.22539329528808594,0.20317697525024414,0.35676097869873047,0.20312213897705078,0.21685290336608887,0.23561787605285645,0.23107194900512695,0.23465609550476074,0.20746898651123047,0.22615909576416016,0.21320390701293945,0.23998188972473145,0.21912097930908203,0.24089598655700684,0.20803618431091309,0.20723700523376465,0.23541879653930664,0.20731592178344727,0.2097940444946289,0.22414183616638184,0.22646498680114746,0.25218987464904785,0.24886202812194824,0.23180198669433594,0.23514223098754883,0.6908862590789795,0.23778796195983887,0.23258113861083984,0.21056008338928223,0.22786688804626465,0.20922613143920898,0.2552769184112549,0.4837219715118408,0.25402069091796875,0.208237886428833,0.25251197814941406,0.22243309020996094
113,0.2095780372619629,0.24776506423950195,0.21796178817749023,0.20697975158691406,0.2141718864440918,0.22183704376220703,0.4577200412750244,0.2256619930267334,0.2336890697479248,0.23150372505187988,0.23644208908081055,0.22604584693908691,0.23015379905700684,0.21221685409545898,0.20591211318969727,0.2438368797302246,0.22301125526428223,0.22502517700195312,0.48439979553222656,0.20718073844909668,0.20856595039367676,0.247208833694458,0.20301508903503418,0.2070457935333252,0.24545717239379883,0.20739078521728516,0.21811723709106445,0.23130393028259277,0.2668459415435791,0.24949121475219727,0.2221992015838623,0.2315349578857422,0.23828411102294922,0.24346590042114258,0.23678898811340332,0.23755288124084473,0.20861220359802246,0.27814412117004395,0.2400209903717041,0.20902395248413086,0.20918512344360352,0.2563929557800293,0.23000717163085938,0.23038697242736816,0.26724720001220703,0.21428704261779785,0.23171305656433105,0.20831775665283203,0.23452496528625488,0.21102213859558105
114,0.2338850498199463,0.21161794662475586,0.2216787338256836,0.24983787536621094,0.2157609462738037,0.22479987144470215,0.20154690742492676,0.23953604698181152,0.25331902503967285,0.801267147064209,0.20813202857971191,0.24422216415405273,0.22384881973266602,0.22550487518310547,0.22712302207946777,0.23286008834838867,0.22800517082214355,0.20652484893798828,0.20909976959228516,0.2321012020111084,0.23025298118591309,0.210036039352417,0.21827983856201172,0.23291802406311035,0.2061610221862793,0.2156202793121338,0.21697306632995605,0.2318589687347412,0.4847071170806885,0.21348285675048828,0.22683310508728027,0.22311663627624512,0.23859810829162598,0.23371076583862305,0.23048186302185059,0.23354291915893555,0.2276308536529541,0.20324993133544922,0.21773886680603027,0.23418283462524414,0.23760628700256348,0.23396611213684082,0.23441410064697266,0.25062990188598633,0.23629117012023926,0.47407007217407227,0.2390120029449463,0.2376267910003662,0.23175787925720215,0.20694208145141602
115,0.20613908767700195,0.21956777572631836,0.22465801239013672,0.23515701293945312,0.22318100929260254,0.2085402011871338,0.23108673095703125,0.20524072647094727,0.23557710647583008,0.23079824447631836,0.2032301425933838,0.22992897033691406,0.20483708381652832,0.21379804611206055,0.2089841365814209,0.21032500267028809,0.2059640884399414,0.21924901008605957,0.2316591739654541,0.2079920768737793,0.23281598091125488,0.2052159309387207,0.23025202751159668,0.23408102989196777,0.23188090324401855,0.23209333419799805,0.22856903076171875,0.2069377899169922,0.23727989196777344,0.22938203811645508,0.23583984375,0.2304368019104004,0.23354601860046387,0.23905730247497559,0.21314406394958496,0.2378098964691162,0.21939802169799805,0.20630311965942383,0.20535492897033691,0.25167083740234375,0.23650789260864258,0.23607301712036133,0.21419525146484375,0.20537900924682617,0.25148987770080566,0.1889967918395996,0.23386120796203613,0.21431589126586914,0.20843505859375,0.22868680953979492
116,0.20564699172973633,0.21962690353393555,0.21696209907531738,0.5015878677368164,0.2460029125213623,0.24628710746765137,0.61940598487854,0.23045897483825684,0.21108794212341309,0.26772308349609375,0.22705817222595215,0.2458631992340088,0.2283182144165039,0.23260807991027832,0.24788403511047363,0.22498202323913574,0.25044798851013184,0.23006105422973633,0.2104930877685547,0.2439889907836914,0.22378802299499512,0.22674918174743652,0.21088814735412598,0.23229098320007324,0.209669828414917,0.2502930164337158,0.20671415328979492,0.22543096542358398,0.24758124351501465,0.2226262092590332,0.21205806732177734,0.2098548412322998,0.23900699615478516,0.24648213386535645,0.23531794548034668,0.23792195320129395,0.21164608001708984,0.23240017890930176,0.45188474655151367,0.23827409744262695,0.25180482864379883,0.5338566303253174,0.23091983795166016,0.24050402641296387,0.23298096656799316,0.24479389190673828,0.2371540069580078,0.22897601127624512,0.23599791526794434,0.22304487228393555
117,0.21948790550231934,0.236130952835083,0.23290085792541504,0.22350692749023438,0.24570703506469727,0.2091960906982422,0.503652811050415,0.22326302528381348,0.225067138671875,0.2290019989013672,0.2408888339996338,0.21451091766357422,0.20827293395996094,0.2497100830078125,0.20657896995544434,0.21580886840820312,0.2352900505065918,0.20348000526428223,0.4628429412841797,0.20310211181640625,0.20162200927734375,0.20862078666687012,0.24577903747558594,0.23417377471923828,0.2306382656097412,0.23674702644348145,0.22179412841796875,0.22932219505310059,0.21288585662841797,0.23289704322814941,0.22435688972473145,0.23169207572937012,0.23319077491760254,0.2362213134765625,0.25080108642578125,0.23967599868774414,0.2353372573852539,0.2142658233642578,0.23201513290405273,0.23584794998168945,0.24849677085876465,0.2337789535522461,0.20516729354858398,0.2312920093536377,0.21073293685913086,0.5000357627868652,0.24868035316467285,0.23835420608520508,0.25360822677612305,0.23639202117919922
118,0.2274312973022461,0.23805713653564453,0.2024521827697754,0.4584801197052002,0.23830032348632812,0.21327495574951172,0.20449209213256836,0.228165864944458,0.20695185661315918,0.20294713973999023,0.20586013793945312,0.24282288551330566,0.23546504974365234,0.2366788387298584,0.23592400550842285,0.23717808723449707,0.2104029655456543,0.21680521965026855,0.21077299118041992,0.20891523361206055,0.20786595344543457,0.2493288516998291,0.2078871726989746,0.2116689682006836,0.2206118106842041,0.2351210117340088,0.2171781063079834,0.2541360855102539,0.23488497734069824,0.20739984512329102,0.2318401336669922,0.20537900924682617,0.24818992614746094,0.21322011947631836,0.2361752986907959,0.2108767032623291,0.23535513877868652,0.25121307373046875,0.2187349796295166,0.2363591194152832,0.23810911178588867,0.2367398738861084,0.23604822158813477,0.2365398406982422,0.23220300674438477,0.5359032154083252,0.23086118698120117,0.22867107391357422,0.2331540584564209,0.2349100112915039
119,0.21180486679077148,0.21000981330871582,0.23432183265686035,0.226973295211792,0.22747588157653809,0.20882701873779297,0.20851731300354004,0.2547929286956787,0.25153684616088867,0.21380901336669922,0.2342681884765625,0.23692703247070312,0.24850988388061523,0.20910310745239258,0.20471692085266113,0.2262740135192871,0.2053220272064209,0.21671509742736816,0.23369598388671875,0.20470786094665527,0.20512104034423828,0.20671916007995605,0.2306499481201172,0.23658990859985352,0.23360395431518555,0.22731876373291016,0.23526716232299805,0.2332782745361328,0.23406386375427246,0.23432111740112305,0.2159290313720703,0.24134516716003418,0.20738697052001953,0.2244880199432373,0.23827409744262695,0.24394702911376953,0.23543787002563477,0.22244000434875488,0.47342777252197266,0.2330780029296875,0.23340082168579102,0.20992207527160645,0.2234499454498291,0.24970293045043945,0.8598730564117432,0.23978614807128906,0.2090301513671875,0.24099302291870117,0.23790311813354492,0.23476386070251465
120,0.2276158332824707,0.23258113861083984,0.22532296180725098,0.22016477584838867,0.21401762962341309,0.2338881492614746,0.23189091682434082,0.2560291290283203,0.23331880569458008,0.42465782165527344,0.2349238395690918,0.2300400733947754,0.20886802673339844,0.23176980018615723,0.20587396621704102,0.20972585678100586,0.21982598304748535,0.24718785285949707,0.20364594459533691,0.2324841022491455,0.2524077892303467,0.23136305809020996,0.2023632526397705,0.2065138816833496,0.21101999282836914,0.20680713653564453,0.23340797424316406,0.21024823188781738,0.2373509407043457,0.20880413055419922,0.2084369659423828,0.2038898468017578,0.2097170352935791,0.21648502349853516,0.23431706428527832,0.23377084732055664,0.2523939609527588,0.21940207481384277,0.20537114143371582,0.24707818031311035,0.20836782455444336,0.8240969181060791,0.22540283203125,0.20984172821044922,0.25820302963256836,0.25971293449401855,0.24463891983032227,0.20447516441345215,0.23920679092407227,0.20929718017578125
121,0.21249723434448242,0.2037510871887207,0.2303628921508789,0.20756983757019043,0.24206900596618652,0.25266194343566895,0.2221980094909668,0.21155405044555664,0.21024513244628906,0.23260974884033203,0.2125089168548584,0.25251007080078125,0.2310478687286377,0.24147510528564453,0.24795913696289062,0.23456525802612305,0.2475440502166748,0.20377588272094727,0.24346685409545898,0.2252507209777832,0.4399392604827881,0.2171919345855713,0.21123003959655762,0.21733498573303223,0.23000288009643555,0.23500514030456543,0.24396014213562012,0.21979904174804688,0.24943900108337402,0.2527740001678467,0.21228790283203125,0.22191095352172852,0.23504877090454102,0.2351398468017578,0.23057818412780762,0.2366340160369873,0.2370891571044922,0.21001291275024414,0.20940089225769043,0.20884108543395996,0.24373888969421387,0.20847797393798828,0.2259049415588379,0.23166203498840332,0.2238609790802002,0.22806096076965332,0.23160099983215332,0.20500707626342773,0.23181605339050293,0.23835372924804688
122,0.24505281448364258,0.20772314071655273,0.2419140338897705,0.22286295890808105,0.23911404609680176,0.22561311721801758,0.2038419246673584,0.23615694046020508,0.23102307319641113,0.2267000675201416,0.2205488681793213,0.23629212379455566,0.2045748233795166,0.24997782707214355,0.2364211082458496,0.23130011558532715,0.23073697090148926,0.20661211013793945,0.22684073448181152,0.22840380668640137,0.2527010440826416,0.20388412475585938,0.24681329727172852,0.22839903831481934,0.21068882942199707,0.2296597957611084,0.25096988677978516,0.2296772003173828,0.23578524589538574,0.2383558750152588,0.23658299446105957,0.228989839553833,0.2341749668121338,0.22256803512573242,0.22478389739990234,0.25142908096313477,0.21045708656311035,0.2058119773864746,0.3133978843688965,0.23418092727661133,0.21355581283569336,0.224639892578125,0.20695090293884277,0.24131989479064941,0.2159731388092041,0.22699904441833496,0.25444507598876953,0.2338249683380127,0.22536396980285645,0.20523786544799805
123,0.20759296417236328,0.25122618675231934,0.2192840576171875,0.2477738857269287,0.217940092086792,0.22009801864624023,0.2458209991455078,0.2031726837158203,0.20474696159362793,0.22670626640319824,0.22725725173950195,0.23074722290039062,0.20766901969909668,0.2365870475769043,0.23755502700805664,0.22623181343078613,0.21025395393371582,0.22763705253601074,0.20608186721801758,0.2166588306427002,0.20983290672302246,0.22775483131408691,0.20736384391784668,0.2104508876800537,0.24621105194091797,0.23550987243652344,0.23829102516174316,0.22265195846557617,0.2274949550628662,0.23178601264953613,0.25069189071655273,0.23830199241638184,0.2515549659729004,0.2123420238494873,0.23998188972473145,0.23354315757751465,0.22614097595214844,0.24617218971252441,0.24738812446594238,0.2103862762451172,0.22842979431152344,0.21583914756774902,0.23538994789123535,0.23565316200256348,0.21735405921936035,0.20975780487060547,0.23231220245361328,0.23925399780273438,0.21686196327209473,0.2188858985900879
124,0.2054309844970703,0.23358416557312012,0.2199568748474121,0.20310282707214355,0.21651911735534668,0.22219395637512207,0.490372896194458,0.2285599708557129,0.22289109230041504,0.22246718406677246,0.23649382591247559,0.21745800971984863,0.24875807762145996,0.23784923553466797,0.23398494720458984,0.22930192947387695,0.22269797325134277,0.20302271842956543,0.2189488410949707,0.20405292510986328,0.23079919815063477,0.23105311393737793,0.231673002243042,0.23779892921447754,0.20996809005737305,0.2333848476409912,0.22014904022216797,0.2305469512939453,0.2154679298400879,0.24065804481506348,0.2404329776763916,0.2482891082763672,0.23429393768310547,0.2296462059020996,0.23276710510253906,0.23597192764282227,0.21332192420959473,0.21674394607543945,0.5172789096832275,0.23034000396728516,0.2390000820159912,0.21880006790161133,0.24184799194335938,0.23497509956359863,0.5260009765625,0.20390701293945312,0.23771190643310547,0.25282883644104004,0.23623871803283691,0.2282092571258545
125,0.23078179359436035,0.20772314071655273,0.2041020393371582,0.2060999870300293,0.22063016891479492,0.2080371379852295,0.20759916305541992,0.21342706680297852,0.23002290725708008,0.23336386680603027,0.24291086196899414,0.23111200332641602,0.20701098442077637,0.23413372039794922,0.205596923828125,0.21216225624084473,0.22780799865722656,0.22855567932128906,0.23075008392333984,0.21157503128051758,0.21071600914001465,0.2071528434753418,0.20718002319335938,0.22152090072631836,0.20233607292175293,0.2068181037902832,0.20495009422302246,0.209456205368042,0.2334141731262207,0.2241530418395996,0.22732806205749512,0.2377452850341797,0.23666095733642578,0.20535683631896973,0.23986005783081055,0.21099591255187988,0.23954415321350098,0.21512198448181152,0.45866966247558594,0.22291994094848633,0.23532390594482422,0.22672796249389648,0.21015095710754395,0.23738718032836914,0.25461292266845703,0.22517108917236328,0.22646689414978027,0.2383100986480713,0.2354297637939453,0.2060549259185791
126,0.20985126495361328,0.23208928108215332,0.2231309413909912,0.23124027252197266,0.21789312362670898,0.22767424583435059,0.36132097244262695,0.2231297492980957,0.2083902359008789,0.20929884910583496,0.22698402404785156,0.25350308418273926,0.23341917991638184,0.20763492584228516,0.24945521354675293,0.22630810737609863,0.21759796142578125,0.2319929599761963,0.2412109375,0.24554920196533203,0.22793912887573242,0.23401403427124023,0.23304176330566406,0.21492290496826172,0.2215409278869629,0.24657368659973145,0.22190189361572266,0.22737526893615723,0.2563180923461914,0.23088788986206055,0.2132887840270996,0.22771978378295898,0.20703625679016113,0.2549760341644287,0.2327408790588379,0.23089814186096191,0.21478009223937988,0.24869585037231445,0.25873708724975586,0.23169803619384766,0.2510080337524414,0.22377872467041016,0.24239897727966309,0.20570802688598633,0.23250699043273926,0.22552776336669922,0.20979094505310059,0.37698984146118164,0.23901915550231934,0.2459549903869629
127,0.24364495277404785,0.23568105697631836,0.4620192050933838,0.4732799530029297,0.23134207725524902,0.23299479484558105,0.4749300479888916,0.21603608131408691,0.234116792678833,0.23042726516723633,0.22963786125183105,0.23600506782531738,0.23572301864624023,0.22818779945373535,0.20465469360351562,0.20354890823364258,0.20865583419799805,0.20528268814086914,0.47732114791870117,0.21231818199157715,0.2284259796142578,0.20917463302612305,0.22656702995300293,0.22217106819152832,0.2277069091796875,0.20445489883422852,0.23575782775878906,0.2035079002380371,0.23683404922485352,0.22217106819152832,0.20453095436096191,0.21018123626708984,0.21647191047668457,0.2407972812652588,0.2536580562591553,0.25321102142333984,0.22814369201660156,0.22324776649475098,0.22471284866333008,0.20930194854736328,0.22822189331054688,0.4983229637145996,0.23248505592346191,0.2269608974456787,0.20810890197753906,0.2058429718017578,0.25879406929016113,0.23521089553833008,0.2503511905670166,0.21827101707458496
128,0.21175384521484375,0.22561120986938477,0.24225115776062012,0.23503422737121582,0.2335360050201416,0.23358392715454102,0.22321629524230957,0.22125887870788574,0.236602783203125,0.25965285301208496,0.22233915328979492,0.23647618293762207,0.20720815658569336,0.21218419075012207,0.206071138381958,0.2218000888824463,0.23648524284362793,0.2325146198272705,0.21309614181518555,0.2307758331298828,0.22402715682983398,0.22838711738586426,0.2023458480834961,0.20566201210021973,0.22587895393371582,0.21242904663085938,0.210676908493042,0.2339305877685547,0.23353123664855957,0.20345401763916016,0.22741007804870605,0.23552489280700684,0.25277209281921387,0.22734999656677246,0.23466801643371582,0.23935794830322266,0.2046821117401123,0.22264814376831055,0.23032188415527344,0.20974493026733398,0.20897507667541504,0.21822381019592285,0.2406330108642578,0.21537518501281738,0.23826813697814941,0.23700785636901855,0.23429369926452637,0.5149810314178467,0.23562383651733398,0.21685194969177246
129,0.23198413848876953,0.20450520515441895,0.21775388717651367,0.21194195747375488,0.2453749179840088,0.2363898754119873,0.20200705528259277,0.2333848476409912,0.22444796562194824,0.2211439609527588,0.20694804191589355,0.23571467399597168,0.2443220615386963,0.22893571853637695,0.2356100082397461,0.22243833541870117,0.20560789108276367,0.21421408653259277,0.23200607299804688,0.207672119140625,0.21895480155944824,0.2018907070159912,0.23239707946777344,0.23759961128234863,0.22915315628051758,0.2244420051574707,0.24148201942443848,0.21953105926513672,0.23507213592529297,0.2250080108642578,0.23356103897094727,0.22187590599060059,0.24782991409301758,0.24155688285827637,0.21091604232788086,0.23098015785217285,0.20401716232299805,0.20261502265930176,0.22016096115112305,0.21065092086791992,0.21002483367919922,0.22968387603759766,0.24965906143188477,0.21751904487609863,0.2357470989227295,0.23659110069274902,0.24082684516906738,0.8095898628234863,0.23086190223693848,0.20390892028808594
130,0.20789003372192383,0.22924518585205078,0.22088885307312012,0.20969080924987793,0.2214059829711914,0.20772314071655273,0.8022220134735107,0.22036099433898926,0.22800087928771973,0.22518682479858398,0.21203207969665527,0.22890496253967285,0.207747220993042,0.2114701271057129,0.2374718189239502,0.21851587295532227,0.23262429237365723,0.24154114723205566,0.20627117156982422,0.23427200317382812,0.2028510570526123,0.2245650291442871,0.20325708389282227,0.2137761116027832,0.21250700950622559,0.21407508850097656,0.22202301025390625,0.21817803382873535,0.2329561710357666,0.21019196510314941,0.21247005462646484,0.23909306526184082,0.2388780117034912,0.23758196830749512,0.21591687202453613,0.23775696754455566,0.24671483039855957,0.21780014038085938,0.21599102020263672,0.25397586822509766,0.2359929084777832,0.5436270236968994,0.23555517196655273,0.20911884307861328,0.25052976608276367,0.24532103538513184,0.2266240119934082,0.2161388397216797,0.20935988426208496,0.2207190990447998
131,0.22487783432006836,0.20979976654052734,0.5011951923370361,0.23437881469726562,0.2471160888671875,0.24515604972839355,0.20265412330627441,0.21083807945251465,0.20417308807373047,0.208420991897583,0.2140491008758545,0.2530660629272461,0.23759794235229492,0.23067927360534668,0.22083306312561035,0.22772598266601562,0.22594690322875977,0.20438909530639648,0.20324301719665527,0.2450571060180664,0.21565604209899902,0.233687162399292,0.20569682121276855,0.23366713523864746,0.22803306579589844,0.24613380432128906,0.2210402488708496,0.22613978385925293,0.21098899841308594,0.24956488609313965,0.23015904426574707,0.23410892486572266,0.22845220565795898,0.25050806999206543,0.240462064743042,0.2346482276916504,0.20681238174438477,0.2223219871520996,0.4519968032836914,0.23640823364257812,0.24965214729309082,0.2396078109741211,0.2262132167816162,0.49253201484680176,0.8573629856109619,0.41019606590270996,0.24131989479064941,0.22328400611877441,0.24102020263671875,0.24424123764038086
132,0.22021722793579102,0.23059582710266113,0.24768710136413574,0.2250688076019287,0.23813700675964355,0.20644402503967285,0.45325493812561035,0.24700474739074707,0.21202921867370605,0.20362305641174316,0.23951315879821777,0.2149219512939453,0.23602819442749023,0.25214099884033203,0.23053383827209473,0.2349379062652588,0.2273881435394287,0.20627593994140625,0.23540186882019043,0.2067861557006836,0.24324989318847656,0.20671701431274414,0.24903297424316406,0.2323160171508789,0.20215702056884766,0.20746588706970215,0.22013187408447266,0.20912623405456543,0.23606610298156738,0.23640894889831543,0.2069869041442871,0.23582005500793457,0.22077512741088867,0.22964906692504883,0.24910807609558105,0.24740886688232422,0.2393662929534912,0.23178696632385254,0.2376708984375,0.23479604721069336,0.23894190788269043,0.5879080295562744,0.20792603492736816,0.25085997581481934,0.24369096755981445,0.4673278331756592,0.2429811954498291,0.21503591537475586,0.24652504920959473,0.2339470386505127
133,0.22324919700622559,0.2262568473815918,0.20333218574523926,0.22802400588989258,0.24376487731933594,0.20716309547424316,0.7120997905731201,0.22437214851379395,0.2307147979736328,0.24724102020263672,0.2196826934814453,0.2318568229675293,0.20823407173156738,0.23565387725830078,0.20719003677368164,0.2273120880126953,0.2089860439300537,0.2324080467224121,0.2032928466796875,0.20795893669128418,0.21089935302734375,0.23511004447937012,0.2076411247253418,0.21088123321533203,0.22362303733825684,0.23048806190490723,0.20920395851135254,0.24857187271118164,0.2516920566558838,0.23766088485717773,0.24580907821655273,0.23583674430847168,0.2145681381225586,0.2131509780883789,0.23791289329528809,0.21328115463256836,0.23540496826171875,0.25008392333984375,0.220703125,0.23583483695983887,0.23377609252929688,0.21186399459838867,0.21456408500671387,0.4891469478607178,0.22486519813537598,0.2202441692352295,0.21113204956054688,0.28618764877319336,0.8317739963531494,0.20793390274047852
134,0.2100982666015625,0.22957229614257812,0.22784113883972168,0.2389388084411621,0.22545218467712402,0.23364591598510742,0.2063579559326172,0.2384030818939209,0.22376394271850586,0.20550990104675293,0.21134281158447266,0.23914694786071777,0.24558329582214355,0.20709705352783203,0.211958646774292,0.2204608917236328,0.20537376403808594,0.20949792861938477,0.5112559795379639,0.231187105178833,0.2307279109954834,0.20560002326965332,0.2305161952972412,0.2417306900024414,0.2314608097076416,0.20804190635681152,0.2355360984802246,0.2064371109008789,0.23671722412109375,0.23192811012268066,0.2114579677581787,0.22701001167297363,0.2027750015258789,0.23416590690612793,0.23688888549804688,0.23778009414672852,0.23977303504943848,0.20781731605529785,0.22422289848327637,0.23379802703857422,0.2277219295501709,0.2232530117034912,0.24135899543762207,0.22500395774841309,0.8048751354217529,0.3080151081085205,0.2411658763885498,0.20561480522155762,0.25000500679016113,0.23283100128173828
135,0.2317509651184082,0.2084810733795166,0.22859907150268555,0.22872114181518555,0.21663498878479004,0.20910191535949707,0.24495291709899902,0.21025776863098145,0.23013091087341309,0.23156213760375977,0.2328789234161377,0.23487591743469238,0.2093489170074463,0.23595976829528809,0.21301722526550293,0.210158109664917,0.23269891738891602,0.24653172492980957,0.21810579299926758,0.21400713920593262,0.21089601516723633,0.22041606903076172,0.20260190963745117,0.2150740623474121,0.2175753116607666,0.20784783363342285,0.2042372226715088,0.20368003845214844,0.23596811294555664,0.20839309692382812,0.20694994926452637,0.2170722484588623,0.22333097457885742,0.23778724670410156,0.2353830337524414,0.2296161651611328,0.2493290901184082,0.2239999771118164,0.22060799598693848,0.22289776802062988,0.20836710929870605,0.21336126327514648,0.21310901641845703,0.21730494499206543,0.23474621772766113,0.23056483268737793,0.2346630096435547,0.20584821701049805,0.23803281784057617,0.20826101303100586
136,0.2078540325164795,0.20735812187194824,0.4689300060272217,0.2031097412109375,0.24190402030944824,0.24397492408752441,0.47354698181152344,0.23244333267211914,0.20677614212036133,0.21232199668884277,0.20760202407836914,0.24312806129455566,0.22783613204956055,0.2428431510925293,0.24466419219970703,0.21262502670288086,0.22155976295471191,0.20943403244018555,0.22151708602905273,0.24269318580627441,0.22787189483642578,0.22899627685546875,0.2084650993347168,0.2267920970916748,0.22345709800720215,0.24201703071594238,0.2359628677368164,0.2303447723388672,0.23352980613708496,0.23876595497131348,0.21718096733093262,0.2384490966796875,0.22572016716003418,0.252429723739624,0.23076725006103516,0.2443840503692627,0.23216795921325684,0.20589780807495117,0.25803709030151367,0.23596596717834473,0.22801613807678223,0.23266100883483887,0.22214508056640625,0.21956610679626465,0.2355058193206787,0.5070240497589111,0.23818588256835938,0.21906733512878418,0.22910308837890625,0.2076129913330078
137,0.2461700439453125,0.21906685829162598,0.231719970703125,0.21996712684631348,0.24576592445373535,0.2110731601715088,0.8156290054321289,0.2041473388671875,0.23368501663208008,0.23006224632263184,0.2215251922607422,0.24488115310668945,0.20577621459960938,0.24486303329467773,0.2130749225616455,0.23247694969177246,0.23352885246276855,0.2315349578857422,0.49103689193725586,0.21066522598266602,0.2361619472503662,0.20415997505187988,0.2476511001586914,0.23637723922729492,0.21052074432373047,0.20750999450683594,0.2216660976409912,0.2105731964111328,0.2344808578491211,0.2270650863647461,0.2311077117919922,0.23600363731384277,0.4563441276550293,0.2346491813659668,0.22518301010131836,0.2360248565673828,0.209489107131958,0.2627389430999756,0.21205782890319824,0.23645997047424316,0.23185420036315918,0.24728679656982422,0.21849775314331055,0.21983003616333008,0.23425507545471191,0.21050786972045898,0.25099682807922363,0.2317812442779541,0.24191498756408691,0.23531603813171387
138,0.21207499504089355,0.24370908737182617,0.4877359867095947,0.2491471767425537,0.23803186416625977,0.22937989234924316,0.22948408126831055,0.20401883125305176,0.20372486114501953,0.20872807502746582,0.22512078285217285,0.22536587715148926,0.23714399337768555,0.23671293258666992,0.2280750274658203,0.24150323867797852,0.20549607276916504,0.20258688926696777,0.456928014755249,0.2286379337310791,0.20314288139343262,0.2101879119873047,0.20938801765441895,0.21227502822875977,0.25223207473754883,0.23438596725463867,0.23070693016052246,0.2503809928894043,0.24911808967590332,0.20978689193725586,0.2523679733276367,0.23838400840759277,0.23444819450378418,0.2394411563873291,0.23578596115112305,0.22167611122131348,0.23717021942138672,0.2549870014190674,0.22714519500732422,0.23963379859924316,0.23598408699035645,0.2331700325012207,0.21742630004882812,0.22545719146728516,0.827113151550293,0.23465585708618164,0.23605561256408691,0.20811796188354492,0.23394298553466797,0.22092390060424805
139,0.20444893836975098,0.20716285705566406,0.22173285484313965,0.4883911609649658,0.23684310913085938,0.2276611328125,0.2109699249267578,0.2552528381347656,0.22140192985534668,0.20565104484558105,0.2146611213684082,0.2141420841217041,0.2254493236541748,0.235490083694458,0.2100989818572998,0.2197558879852295,0.23275113105773926,0.2027299404144287,0.2041170597076416,0.20272111892700195,0.23264288902282715,0.232558012008667,0.23270010948181152,0.7888078689575195,0.23335766792297363,0.20554876327514648,0.2034749984741211,0.23683905601501465,0.21275711059570312,0.23649978637695312,0.23543190956115723,0.24459123611450195,0.23459076881408691,0.22033214569091797,0.23667478561401367,0.2159261703491211,0.22751998901367188,0.22217702865600586,0.2280111312866211,0.23407626152038574,0.2356569766998291,0.21078205108642578,0.22696304321289062,0.45634913444519043,0.2380969524383545,0.22654199600219727,0.2298293113708496,0.23608613014221191,0.22098994255065918,0.21819114685058594
140,0.22714614868164062,0.23354792594909668,0.20377826690673828,0.23182177543640137,0.23147010803222656,0.2091050148010254,0.20209693908691406,0.22098112106323242,0.23482012748718262,0.22029590606689453,0.22655010223388672,0.2425997257232666,0.23160767555236816,0.23724007606506348,0.23090887069702148,0.2177109718322754,0.21010732650756836,0.24421310424804688,0.2327899932861328,0.3238389492034912,0.20315790176391602,0.22057533264160156,0.20804929733276367,0.2098708152770996,0.20930814743041992,0.23486685752868652,0.21086788177490234,0.23311901092529297,0.2390918731689453,0.23266196250915527,0.23511195182800293,0.21208763122558594,0.23654603958129883,0.21329998970031738,0.23665308952331543,0.20990824699401855,0.22994399070739746,0.2167339324951172,0.4295029640197754,0.25049686431884766,0.23558473587036133,0.5330679416656494,0.21040797233581543,0.22721004486083984,0.31798815727233887,0.4987788200378418,0.21162104606628418,0.2371060848236084,0.22226619720458984,0.22673892974853516
141,0.2088310718536377,0.20714497566223145,0.46278905868530273,0.4851670265197754,0.2291722297668457,0.22980499267578125,0.4874429702758789,0.21746301651000977,0.20581293106079102,0.23192596435546875,0.21976590156555176,0.24490594863891602,0.20663976669311523,0.20684480667114258,0.22694706916809082,0.22133803367614746,0.21949005126953125,0.2062668800354004,0.20587801933288574,0.20391416549682617,0.20991086959838867,0.20473599433898926,0.23233914375305176,0.22763490676879883,0.2193920612335205,0.24823904037475586,0.23033690452575684,0.2313060760498047,0.22460007667541504,0.25066709518432617,0.20624470710754395,0.21946120262145996,0.23156189918518066,0.22681498527526855,0.23786306381225586,0.20902514457702637,0.22761082649230957,0.22093701362609863,0.4401400089263916,0.23497819900512695,0.25153684616088867,0.23761200904846191,0.21792912483215332,0.20267868041992188,0.21727705001831055,0.47713613510131836,0.2328200340270996,0.25112199783325195,0.22854304313659668,0.20831084251403809
142,0.24772191047668457,0.22466111183166504,0.22638916969299316,0.2233269214630127,0.23096561431884766,0.22623419761657715,0.24000883102416992,0.23200416564941406,0.234727144241333,0.25101304054260254,0.22638320922851562,0.24098896980285645,0.2331860065460205,0.24928522109985352,0.20454096794128418,0.20518875122070312,0.22105765342712402,0.20717191696166992,0.20598673820495605,0.20432090759277344,0.23656606674194336,0.23167991638183594,0.22309303283691406,0.22926688194274902,0.22230768203735352,0.20535612106323242,0.22385811805725098,0.20774602890014648,0.24705815315246582,0.22716116905212402,0.20731902122497559,0.20525169372558594,0.22176194190979004,0.22596311569213867,0.24978876113891602,0.2532351016998291,0.20963716506958008,0.2197401523590088,0.21837306022644043,0.22681498527526855,0.20704221725463867,0.23799872398376465,0.21866130828857422,0.22855401039123535,0.2380220890045166,0.4417431354522705,0.25716423988342285,0.2657439708709717,0.23793315887451172,0.24687600135803223
143,0.2088940143585205,0.22223472595214844,0.20647501945495605,0.23483896255493164,0.24438762664794922,0.21325969696044922,0.20581293106079102,0.20604372024536133,0.23431897163391113,0.2069408893585205,0.23176002502441406,0.22947287559509277,0.20810604095458984,0.2350320816040039,0.2196500301361084,0.23377299308776855,0.22722482681274414,0.23151683807373047,0.4717388153076172,0.23121285438537598,0.22320103645324707,0.2118210792541504,0.20242691040039062,0.22040128707885742,0.24081826210021973,0.21053123474121094,0.2374708652496338,0.247344970703125,0.22382402420043945,0.2147228717803955,0.24753689765930176,0.22149133682250977,0.19246602058410645,0.21156096458435059,0.23585081100463867,0.23652195930480957,0.22573208808898926,0.2309267520904541,0.4678950309753418,0.2078080177307129,0.23727893829345703,0.230665922164917,0.22340726852416992,0.22333407402038574,0.20659494400024414,0.49892711639404297,0.23038697242736816,0.24931812286376953,0.23928499221801758,0.20441484451293945
144,0.23066115379333496,0.21332812309265137,0.23554301261901855,0.20394182205200195,0.22565698623657227,0.2309870719909668,0.228010892868042,0.24769020080566406,0.22785305976867676,0.23349809646606445,0.20440030097961426,0.24047088623046875,0.22189998626708984,0.2088770866394043,0.22534990310668945,0.22948789596557617,0.20664501190185547,0.21247386932373047,0.5012407302856445,0.23416709899902344,0.21340274810791016,0.20457029342651367,0.2274610996246338,0.23523306846618652,0.20801687240600586,0.233933687210083,0.23365092277526855,0.2249307632446289,0.23935794830322266,0.23350024223327637,0.2354269027709961,0.2406468391418457,0.24964404106140137,0.22933602333068848,0.2093639373779297,0.23847293853759766,0.20230913162231445,0.20257902145385742,0.2242722511291504,0.21628069877624512,0.23508596420288086,0.488206148147583,0.22878503799438477,0.2531869411468506,0.3814237117767334,0.22291111946105957,0.24040770530700684,0.23063397407531738,0.24705100059509277,0.2049098014831543
145,0.21158790588378906,0.20953702926635742,0.22238731384277344,0.20512723922729492,0.24388408660888672,0.2355036735534668,0.21465110778808594,0.20945286750793457,0.22683095932006836,0.2372751235961914,0.20870304107666016,0.2260580062866211,0.2273850440979004,0.2401118278503418,0.2131519317626953,0.235914945602417,0.23523902893066406,0.24128365516662598,0.26135969161987305,0.22412991523742676,0.2035079002380371,0.23779678344726562,0.22071123123168945,0.23675799369812012,0.23842930793762207,0.23653006553649902,0.23587727546691895,0.20470499992370605,0.2505910396575928,0.20952701568603516,0.24037623405456543,0.2067568302154541,0.23472094535827637,0.21168088912963867,0.2313230037689209,0.22832393646240234,0.22536683082580566,0.23093104362487793,0.469592809677124,0.2364799976348877,0.23471307754516602,0.20908379554748535,0.22751998901367188,0.2344350814819336,0.20798325538635254,0.18799996376037598,0.23070693016052246,0.21056509017944336,0.24054503440856934,0.22985482215881348
146,0.20314311981201172,0.2318730354309082,0.22729897499084473,0.23366880416870117,0.22741317749023438,0.22257399559020996,0.22704720497131348,0.20427989959716797,0.20556998252868652,0.21159577369689941,0.23363900184631348,0.25592875480651855,0.23776698112487793,0.24829483032226562,0.24172592163085938,0.2285470962524414,0.22175192832946777,0.20458316802978516,0.20971107482910156,0.23134374618530273,0.22419095039367676,0.22696995735168457,0.21930885314941406,0.24285602569580078,0.22861981391906738,0.2576901912689209,0.21143078804016113,0.20438814163208008,0.21448826789855957,0.2445518970489502,0.23241400718688965,0.24126696586608887,0.2091999053955078,0.24420881271362305,0.240678071975708,0.23129987716674805,0.20533204078674316,0.20904111862182617,0.23792791366577148,0.22161293029785156,0.2549581527709961,0.2538330554962158,0.23316025733947754,0.23384499549865723,0.2319788932800293,0.4552791118621826,0.24120378494262695,0.2405850887298584,0.22495698928833008,0.2053823471069336
147,0.23935675621032715,0.20850515365600586,0.20258688926696777,0.2200298309326172,0.25618505477905273,0.20572423934936523,0.2031722068786621,0.23114705085754395,0.2376868724822998,0.47930908203125,0.249528169631958,0.21759891510009766,0.23778581619262695,0.24733591079711914,0.21753501892089844,0.2198009490966797,0.20475530624389648,0.20953583717346191,0.20523524284362793,0.21044611930847168,0.24165606498718262,0.2045438289642334,0.23981595039367676,0.27367711067199707,0.20989322662353516,0.22113919258117676,0.22343802452087402,0.23265480995178223,0.23122906684875488,0.21042084693908691,0.20749187469482422,0.23072481155395508,0.23037004470825195,0.20556187629699707,0.24759912490844727,0.22797060012817383,0.23565292358398438,0.238616943359375,0.24779796600341797,0.2151482105255127,0.235382080078125,0.237076997756958,0.20993304252624512,0.23851799964904785,0.49033188819885254,0.20453596115112305,0.2363908290863037,0.23212599754333496,0.21373271942138672,0.250194787979126
148,0.22235918045043945,0.24724411964416504,0.21045207977294922,0.23298883438110352,0.2303311824798584,0.22598505020141602,0.7172620296478271,0.20794415473937988,0.2076091766357422,0.23484492301940918,0.23703789710998535,0.2577660083770752,0.23533272743225098,0.23281097412109375,0.22379302978515625,0.2368640899658203,0.20476484298706055,0.23337292671203613,0.22846078872680664,0.22788000106811523,0.21135401725769043,0.20477795600891113,0.2083280086517334,0.2703099250793457,0.25435590744018555,0.2236621379852295,0.22682690620422363,0.23230719566345215,0.24363493919372559,0.23288607597351074,0.24482274055480957,0.22935700416564941,0.20969891548156738,0.20768308639526367,0.23806977272033691,0.24288010597229004,0.23997998237609863,0.24304914474487305,0.4881598949432373,0.22496318817138672,0.2339649200439453,0.23751211166381836,0.2386789321899414,0.48082876205444336,0.20714712142944336,0.797327995300293,0.21381306648254395,0.2541160583496094,0.22742605209350586,0.20512795448303223
149,0.21929073333740234,0.2382051944732666,0.23026680946350098,0.20737314224243164,0.21476125717163086,0.21278905868530273,0.23372197151184082,0.2468852996826172,0.24727511405944824,0.23619794845581055,0.20594191551208496,0.21607089042663574,0.2239058017730713,0.20990705490112305,0.20285677909851074,0.21831703186035156,0.23096394538879395,0.20298981666564941,0.48308300971984863,0.20635294914245605,0.21750688552856445,0.23383593559265137,0.22879672050476074,0.2378380298614502,0.23388314247131348,0.20630598068237305,0.20575213432312012,0.20218491554260254,0.21790289878845215,0.2295079231262207,0.20874691009521484,0.22656774520874023,0.2541818618774414,0.23105788230895996,0.23608899116516113,0.228348970413208,0.23403716087341309,0.21394586563110352,0.22348594665527344,0.21304869651794434,0.20819807052612305,0.25031495094299316,0.2520592212677002,0.6343898773193359,0.21943926811218262,0.2372269630432129,0.243394136428833,0.23347711563110352,0.23647809028625488,0.20543718338012695
150,0.21350383758544922,0.20468688011169434,0.229140043258667,0.4074890613555908,0.2425858974456787,0.2319939136505127,0.2097930908203125,0.20800089836120605,0.20714497566223145,0.22285842895507812,0.23360705375671387,0.22084307670593262,0.22945880889892578,0.24033212661743164,0.20974421501159668,0.21322393417358398,0.20348405838012695,0.22179293632507324,0.2191910743713379,0.22113585472106934,0.2323760986328125,0.22191286087036133,0.2037978172302246,0.22413206100463867,0.2349860668182373,0.20934772491455078,0.2360687255859375,0.21635890007019043,0.2393662929534912,0.2086021900177002,0.2071831226348877,0.2327589988708496,0.2071371078491211,0.23768186569213867,0.2343580722808838,0.24045372009277344,0.25113701820373535,0.2233598232269287,0.48020410537719727,0.2255089282989502,0.2188091278076172,0.23101520538330078,0.23546099662780762,0.21838116645812988,0.23189616203308105,0.234788179397583,0.23052978515625,0.2404768466949463,0.2087249755859375,0.22765684127807617
151,0.23541021347045898,0.20651626586914062,0.22840404510498047,0.21016502380371094,0.22141695022583008,0.22301912307739258,0.22992920875549316,0.23186922073364258,0.23282599449157715,0.23070788383483887,0.20354604721069336,0.23122406005859375,0.20617389678955078,0.23773980140686035,0.24650001525878906,0.22960615158081055,0.2491741180419922,0.23211121559143066,0.3043477535247803,0.23429608345031738,0.20867204666137695,0.20284485816955566,0.21031498908996582,0.21820068359375,0.2397756576538086,0.24689006805419922,0.23632121086120605,0.2282249927520752,0.24377703666687012,0.25643491744995117,0.22159099578857422,0.21233510971069336,0.20816898345947266,0.23998403549194336,0.21057581901550293,0.23883795738220215,0.2299199104309082,0.2095320224761963,0.22465801239013672,0.21284985542297363,0.24864578247070312,0.2690699100494385,0.23593807220458984,0.24176311492919922,0.2348768711090088,0.48279285430908203,0.24373888969421387,0.23044991493225098,0.20389604568481445,0.2042551040649414
152,0.24496102333068848,0.22747492790222168,0.20872998237609863,0.2583160400390625,0.2349710464477539,0.22881507873535156,0.21078991889953613,0.2113652229309082,0.2097630500793457,0.21124792098999023,0.22429704666137695,0.22020888328552246,0.20743703842163086,0.2476959228515625,0.20710396766662598,0.21691489219665527,0.20779013633728027,0.21282720565795898,0.22944998741149902,0.2051703929901123,0.2194690704345703,0.2265779972076416,0.24611616134643555,0.26194095611572266,0.23502397537231445,0.20769906044006348,0.22410225868225098,0.20832204818725586,0.22707295417785645,0.23361802101135254,0.21844196319580078,0.22898387908935547,0.25562286376953125,0.22689318656921387,0.2437891960144043,0.24870610237121582,0.20956897735595703,0.2862858772277832,0.23200082778930664,0.23200106620788574,0.2337050437927246,0.23642706871032715,0.23561596870422363,0.4273231029510498,0.5149669647216797,0.21392202377319336,0.24051594734191895,0.20959210395812988,0.2358851432800293,0.22856903076171875
153,0.21460509300231934,0.23042941093444824,0.22977781295776367,0.20067405700683594,0.2149360179901123,0.2130870819091797,0.4574260711669922,0.20480799674987793,0.20559382438659668,0.22576308250427246,0.2256450653076172,0.24066519737243652,0.2253580093383789,0.23616313934326172,0.23601198196411133,0.23839211463928223,0.2337179183959961,0.2028651237487793,0.22107625007629395,0.23440074920654297,0.22623276710510254,0.22785115242004395,0.22663211822509766,0.2500591278076172,0.25035691261291504,0.23255085945129395,0.2313852310180664,0.2470719814300537,0.21272778511047363,0.23827409744262695,0.24651503562927246,0.20453095436096191,0.48459911346435547,0.25504088401794434,0.24102783203125,0.23592805862426758,0.23836016654968262,0.22394800186157227,0.23564577102661133,0.2035367488861084,0.23816180229187012,0.22704410552978516,0.22650408744812012,0.23666977882385254,0.2561190128326416,0.20753693580627441,0.24314188957214355,0.24756383895874023,0.2325727939605713,0.2304832935333252
154,0.20464396476745605,0.2294778823852539,0.20453405380249023,0.22534990310668945,0.22022604942321777,0.20528125762939453,0.2281498908996582,0.24123096466064453,0.2447831630706787,0.20485401153564453,0.2257390022277832,0.2172081470489502,0.22915196418762207,0.23874783515930176,0.20409893989562988,0.21461081504821777,0.20907902717590332,0.2233898639678955,0.23543977737426758,0.20576095581054688,0.2133960723876953,0.20848703384399414,0.4775550365447998,0.3127107620239258,0.22616910934448242,0.20644783973693848,0.21099376678466797,0.2106618881225586,0.23587703704833984,0.23306488990783691,0.2360539436340332,0.2524731159210205,0.24761605262756348,0.2321150302886963,0.23622894287109375,0.2125840187072754,0.23903393745422363,0.2265028953552246,0.20902013778686523,0.20588898658752441,0.23540210723876953,0.2111518383026123,0.22522377967834473,0.27066898345947266,0.5154690742492676,0.23563504219055176,0.23449182510375977,0.24362492561340332,0.22408008575439453,0.205643892288208
155,0.22742891311645508,0.23623967170715332,0.22277402877807617,0.23419809341430664,0.2175297737121582,0.21937108039855957,0.20604920387268066,0.21693634986877441,0.2345900535583496,0.2225940227508545,0.23530101776123047,0.23482394218444824,0.22419404983520508,0.22630572319030762,0.23546123504638672,0.22349309921264648,0.20395922660827637,0.23757004737854004,0.23394107818603516,0.24704718589782715,0.22927474975585938,0.24831008911132812,0.22046709060668945,0.2934141159057617,0.21131324768066406,0.2333681583404541,0.21937894821166992,0.22899317741394043,0.25765299797058105,0.2413790225982666,0.2061150074005127,0.2670600414276123,0.1925220489501953,0.21454119682312012,0.2364952564239502,0.22360777854919434,0.24886107444763184,0.21801304817199707,0.9215347766876221,0.24930310249328613,0.23782110214233398,0.264024019241333,0.21446824073791504,0.22385787963867188,0.3037388324737549,0.23860621452331543,0.21646499633789062,0.22835993766784668,0.23058629035949707,0.23646068572998047
156,0.2077770233154297,0.23508787155151367,0.23266315460205078,0.21747589111328125,0.21457219123840332,0.23877763748168945,0.24085211753845215,0.22128915786743164,0.20897197723388672,0.24000310897827148,0.21157002449035645,0.24776697158813477,0.21214008331298828,0.20719194412231445,0.24333620071411133,0.2157909870147705,0.23965907096862793,0.21308207511901855,0.20445799827575684,0.2057971954345703,0.20655083656311035,0.23763108253479004,0.2347240447998047,0.25804901123046875,0.24317097663879395,0.24997305870056152,0.22855615615844727,0.20161890983581543,0.23160886764526367,0.2461700439453125,0.2281789779663086,0.26670312881469727,0.26074814796447754,0.2326500415802002,0.23605918884277344,0.2268211841583252,0.23711895942687988,0.22074198722839355,0.2251448631286621,0.23857474327087402,0.24586081504821777,0.4738750457763672,0.22558999061584473,0.21540117263793945,0.21374988555908203,0.2343127727508545,0.21938729286193848,0.23651814460754395,0.21596193313598633,0.20357012748718262
157,0.24828004837036133,0.21199488639831543,0.2051541805267334,0.5838420391082764,0.23233795166015625,0.21656012535095215,0.4739377498626709,0.22257184982299805,0.23439574241638184,0.2314908504486084,0.24484992027282715,0.24171900749206543,0.2322838306427002,0.2334582805633545,0.20444369316101074,0.20724105834960938,0.2225658893585205,0.23183107376098633,0.4501049518585205,0.20597290992736816,0.2510099411010742,0.23253393173217773,0.21926212310791016,0.31091904640197754,0.2288830280303955,0.20722317695617676,0.25101804733276367,0.20750021934509277,0.2364039421081543,0.2113499641418457,0.2065727710723877,0.230712890625,0.21218514442443848,0.24163198471069336,0.24803519248962402,0.2548868656158447,0.23561906814575195,0.21888017654418945,0.20505809783935547,0.2069838047027588,0.2081449031829834,0.4833838939666748,0.21281719207763672,0.24130821228027344,0.2250199317932129,1.1391329765319824,0.23105788230895996,0.23944592475891113,0.22443628311157227,0.2208418846130371
158,0.23191595077514648,0.22035503387451172,0.20655393600463867,0.31997203826904297,0.2524580955505371,0.22380375862121582,0.47522401809692383,0.2118968963623047,0.2050769329071045,0.20891523361206055,0.23507118225097656,0.2220020294189453,0.20772099494934082,0.21827912330627441,0.20982885360717773,0.23136305809020996,0.21117806434631348,0.20467710494995117,0.21072888374328613,0.23126602172851562,0.23296904563903809,0.20554494857788086,0.20480585098266602,0.23265814781188965,0.22381591796875,0.23629117012023926,0.20882201194763184,0.24016118049621582,0.5252683162689209,0.23360300064086914,0.2534599304199219,0.21095800399780273,0.4721260070800781,0.23602509498596191,0.23642492294311523,0.23959827423095703,0.23057198524475098,0.22420477867126465,0.21790099143981934,0.22617387771606445,0.2369840145111084,0.21010470390319824,0.2245020866394043,0.22899103164672852,0.22919607162475586,0.25234389305114746,0.22365999221801758,0.24118900299072266,0.20879578590393066,0.2038898468017578
159,0.21864819526672363,0.2258000373840332,0.23299503326416016,0.20651888847351074,0.24601101875305176,0.2154381275177002,0.21187305450439453,0.2456679344177246,0.24643278121948242,0.46979475021362305,0.2058398723602295,0.24590301513671875,0.22266507148742676,0.2173471450805664,0.2079179286956787,0.2307741641998291,0.2233438491821289,0.23282814025878906,0.23050904273986816,0.21155214309692383,0.21149086952209473,0.20813202857971191,0.21665167808532715,0.3078746795654297,0.23154187202453613,0.23476314544677734,0.23160910606384277,0.20518708229064941,0.21748685836791992,0.23495101928710938,0.23791909217834473,0.23802709579467773,0.22416996955871582,0.22066307067871094,0.20853400230407715,0.2270641326904297,0.20931196212768555,0.21116185188293457,0.49251699447631836,0.21297907829284668,0.2348160743713379,0.22909212112426758,0.22923684120178223,0.24063491821289062,0.21683216094970703,0.2513580322265625,0.2143571376800537,0.21024084091186523,0.2501227855682373,0.2298290729522705
160,0.24062395095825195,0.21393704414367676,0.20906615257263184,0.24906015396118164,0.2270970344543457,0.2240447998046875,0.4684920310974121,0.22630977630615234,0.20512676239013672,0.24605393409729004,0.23605823516845703,0.22447466850280762,0.2317507266998291,0.22449183464050293,0.23055219650268555,0.20736217498779297,0.227308988571167,0.22762775421142578,0.22418475151062012,0.24886798858642578,0.22910070419311523,0.24314498901367188,0.4457671642303467,0.2655301094055176,0.2077319622039795,0.2080998420715332,0.23636817932128906,0.20656418800354004,0.23392105102539062,0.2357187271118164,0.2331528663635254,0.24930477142333984,0.21141910552978516,0.2167818546295166,0.23568296432495117,0.24263882637023926,0.2529439926147461,0.22936201095581055,0.2065432071685791,0.2507450580596924,0.23750925064086914,0.47275280952453613,0.22422218322753906,0.20361018180847168,0.2447347640991211,0.2537269592285156,0.22261524200439453,0.2080230712890625,0.23635196685791016,0.21904206275939941
161,0.20453095436096191,0.2274317741394043,0.24906611442565918,0.2045598030090332,0.2395179271697998,0.22739005088806152,0.2283308506011963,0.22067499160766602,0.20512914657592773,0.20688796043395996,0.2348790168762207,0.23141908645629883,0.23128509521484375,0.21414566040039062,0.22597098350524902,0.23206090927124023,0.22838592529296875,0.20264196395874023,0.2164909839630127,0.20542383193969727,0.20698213577270508,0.23869800567626953,0.21556901931762695,0.24567794799804688,0.23222804069519043,0.24847888946533203,0.20552515983581543,0.23552608489990234,0.20726490020751953,0.25304412841796875,0.2099781036376953,0.23645329475402832,0.22678828239440918,0.22020816802978516,0.23471999168395996,0.23035025596618652,0.2371819019317627,0.2114429473876953,0.22737908363342285,0.23580408096313477,0.25422215461730957,0.2062690258026123,0.20895791053771973,0.21037793159484863,0.21013808250427246,0.5136289596557617,0.22134995460510254,0.23114871978759766,0.2079029083251953,0.21170806884765625
162,0.22455883026123047,0.20566201210021973,0.20519614219665527,0.49365997314453125,0.2515528202056885,0.20621275901794434,0.35569000244140625,0.24082303047180176,0.2310500144958496,0.2361009120941162,0.22531580924987793,0.24327588081359863,0.20932793617248535,0.24499201774597168,0.22571492195129395,0.20922613143920898,0.22829985618591309,0.22278499603271484,0.2092151641845703,0.22943902015686035,0.2498018741607666,0.23949003219604492,0.24271798133850098,0.2560420036315918,0.2098848819732666,0.23749089241027832,0.24804306030273438,0.23837494850158691,0.22200489044189453,0.23560881614685059,0.23055791854858398,0.23559927940368652,0.21396303176879883,0.21037912368774414,0.2636590003967285,0.230118989944458,0.23404908180236816,0.256364107131958,0.23426485061645508,0.23636603355407715,0.23327207565307617,0.22989177703857422,0.21294212341308594,0.3041200637817383,0.23409175872802734,0.31113290786743164,0.2273571491241455,0.2101120948791504,0.224074125289917,0.24713611602783203
163,0.23024415969848633,0.2469940185546875,0.22078704833984375,0.7877469062805176,0.22455191612243652,0.22708392143249512,0.48378801345825195,0.21934795379638672,0.2052171230316162,0.23849177360534668,0.23105931282043457,0.23351716995239258,0.23711705207824707,0.23124289512634277,0.21709275245666504,0.24426007270812988,0.20320582389831543,0.22693490982055664,0.21859407424926758,0.20284318923950195,0.20526576042175293,0.23205900192260742,0.2075822353363037,0.24123382568359375,0.24584507942199707,0.2341141700744629,0.20710206031799316,0.24333596229553223,0.21414613723754883,0.2358841896057129,0.22512221336364746,0.2357780933380127,0.2474677562713623,0.2267770767211914,0.2126309871673584,0.2326498031616211,0.2376110553741455,0.2719411849975586,0.35135912895202637,0.23438215255737305,0.2360079288482666,0.21582412719726562,0.2188270092010498,0.47486090660095215,0.2553882598876953,0.23439288139343262,0.20799589157104492,0.24431204795837402,0.21482586860656738,0.2075648307800293
164,0.21109294891357422,0.20944619178771973,0.25826191902160645,0.2070479393005371,0.21425104141235352,0.21105694770812988,0.20673680305480957,0.24024510383605957,0.25026607513427734,0.20416998863220215,0.20918512344360352,0.2330920696258545,0.24618029594421387,0.20833683013916016,0.20428180694580078,0.20630407333374023,0.20846009254455566,0.20623087882995605,0.32410526275634766,0.21275687217712402,0.23235201835632324,0.23936104774475098,0.2033379077911377,0.22437095642089844,0.20419788360595703,0.20584702491760254,0.23725104331970215,0.2033529281616211,0.23110604286193848,0.2307720184326172,0.20444107055664062,0.2335071563720703,0.23402714729309082,0.22948002815246582,0.22907590866088867,0.237623929977417,0.23408889770507812,0.2126331329345703,0.3091471195220947,0.20699691772460938,0.20787286758422852,0.2364518642425537,0.23979473114013672,0.23027992248535156,0.2484421730041504,0.9982988834381104,0.23196911811828613,0.21138691902160645,0.24599194526672363,0.23201489448547363
165,0.23424816131591797,0.20653200149536133,0.2058103084564209,0.21984386444091797,0.24357104301452637,0.23273277282714844,0.23884820938110352,0.21103191375732422,0.23657608032226562,0.2480170726776123,0.2323141098022461,0.24036002159118652,0.2106189727783203,0.23702502250671387,0.21947193145751953,0.2072908878326416,0.23132991790771484,0.22042274475097656,0.5107722282409668,0.24292707443237305,0.2100081443786621,0.23111605644226074,0.47588610649108887,0.2082669734954834,0.2051377296447754,0.2333970069885254,0.23282289505004883,0.21350932121276855,0.25676703453063965,0.21085691452026367,0.21842288970947266,0.2442610263824463,0.20532011985778809,0.20881891250610352,0.20748519897460938,0.23540496826171875,0.2496659755706787,0.21022415161132812,0.46541523933410645,0.24686312675476074,0.23753690719604492,0.2295680046081543,0.21178722381591797,0.5183000564575195,0.40035104751586914,0.6737542152404785,0.2407081127166748,0.23301291465759277,0.20615673065185547,0.20427799224853516
166,0.23246097564697266,0.23057270050048828,0.23782610893249512,0.22102785110473633,0.23716306686401367,0.2488842010498047,0.24439716339111328,0.2303180694580078,0.20891308784484863,0.20949935913085938,0.2071068286895752,0.23929882049560547,0.20595717430114746,0.24179697036743164,0.24408292770385742,0.22855901718139648,0.22574377059936523,0.23081278800964355,0.20404601097106934,0.22118401527404785,0.22583723068237305,0.2126009464263916,0.22215604782104492,0.23523783683776855,0.23307013511657715,0.22561907768249512,0.2101001739501953,0.2300097942352295,0.4708850383758545,0.25376200675964355,0.22836518287658691,0.210615873336792,0.47435498237609863,0.23657870292663574,0.2045137882232666,0.23848199844360352,0.20811104774475098,0.22034096717834473,0.23938703536987305,0.21332883834838867,0.23526692390441895,0.24089908599853516,0.22734832763671875,0.5180349349975586,0.23600006103515625,0.505021333694458,0.22963786125183105,0.20942902565002441,0.23726201057434082,0.20946502685546875
167,0.22419500350952148,0.2064037322998047,0.23338103294372559,0.22649598121643066,0.23749518394470215,0.20915889739990234,0.21256017684936523,0.21018385887145996,0.222761869430542,0.22849035263061523,0.23565292358398438,0.24388980865478516,0.22087597846984863,0.25045180320739746,0.2167360782623291,0.20598101615905762,0.23047685623168945,0.21068811416625977,0.20767712593078613,0.2122178077697754,0.21984601020812988,0.24038195610046387,0.23943185806274414,0.22943496704101562,0.20920705795288086,0.23282194137573242,0.2445049285888672,0.20784997940063477,0.22434115409851074,0.2350599765777588,0.2093830108642578,0.24381589889526367,0.23022699356079102,0.2368450164794922,0.2416529655456543,0.23911714553833008,0.23526716232299805,0.21815705299377441,0.5444517135620117,0.2202308177947998,0.23503589630126953,0.228363037109375,0.21140408515930176,0.23949527740478516,0.2351827621459961,0.2936100959777832,0.2577841281890869,0.23504114151000977,0.23662996292114258,0.2442312240600586
168,0.2270221710205078,0.25187015533447266,0.20888876914978027,0.2308788299560547,0.22055411338806152,0.22997522354125977,0.22711610794067383,0.2052299976348877,0.20399117469787598,0.20424604415893555,0.23323607444763184,0.22267889976501465,0.23273015022277832,0.2332298755645752,0.2337329387664795,0.24876809120178223,0.20633316040039062,0.20476126670837402,0.2716987133026123,0.2336902618408203,0.21831107139587402,0.21843910217285156,0.21336698532104492,0.22004294395446777,0.2464759349822998,0.24304890632629395,0.21365618705749512,0.24976706504821777,0.21415209770202637,0.23775196075439453,0.24820804595947266,0.2335832118988037,0.20983505249023438,0.24422192573547363,0.22318387031555176,0.2172689437866211,0.24078798294067383,0.2433300018310547,0.22932791709899902,0.22345614433288574,0.23370599746704102,0.21077704429626465,0.22551202774047852,0.26671290397644043,0.5189931392669678,0.4992811679840088,0.22523975372314453,0.2519717216491699,0.22797298431396484,0.2123401165008545
169,0.20432305335998535,0.2357780933380127,0.45961689949035645,0.25266504287719727,0.24211907386779785,0.20751190185546875,0.48246312141418457,0.23053216934204102,0.2419757843017578,0.5821092128753662,0.23731184005737305,0.21878385543823242,0.24935388565063477,0.2358708381652832,0.2190840244293213,0.23939108848571777,0.23207402229309082,0.22582721710205078,0.24103784561157227,0.2343590259552002,0.22057390213012695,0.2225956916809082,0.2409970760345459,0.2249910831451416,0.20443320274353027,0.221419095993042,0.20486807823181152,0.20372605323791504,0.2342081069946289,0.22748899459838867,0.23671603202819824,0.23500990867614746,0.23213505744934082,0.21117782592773438,0.20951342582702637,0.2127368450164795,0.23453688621520996,0.24288105964660645,0.22537779808044434,0.2105848789215088,0.24075007438659668,0.24326491355895996,0.21911287307739258,0.4992337226867676,0.519000768661499,0.4755570888519287,0.2150866985321045,0.22826290130615234,0.22457408905029297,0.2296159267425537
170,0.21561789512634277,0.20615816116333008,0.22540497779846191,0.23511385917663574,0.23546195030212402,0.23885202407836914,0.2417583465576172,0.23531126976013184,0.20748186111450195,0.19011211395263672,0.23555302619934082,0.24607610702514648,0.20647597312927246,0.2297801971435547,0.2180321216583252,0.2342240810394287,0.2024369239807129,0.23490405082702637,0.46944403648376465,0.22470974922180176,0.2206709384918213,0.21118497848510742,0.22591376304626465,0.2092909812927246,0.20805001258850098,0.2267618179321289,0.21482086181640625,0.2355971336364746,0.25629210472106934,0.2104809284210205,0.23485302925109863,0.250838041305542,0.25183677673339844,0.24109506607055664,0.23871588706970215,0.23666882514953613,0.24748992919921875,0.22423195838928223,0.46276259422302246,0.24920296669006348,0.2325119972229004,0.524137020111084,0.218886137008667,0.20984482765197754,0.2351090908050537,0.2408301830291748,0.20984697341918945,0.24288725852966309,0.23472309112548828,0.20774316787719727
171,0.22792720794677734,0.23193073272705078,0.48627519607543945,0.49372220039367676,0.2142479419708252,0.24737882614135742,0.20751571655273438,0.20882010459899902,0.23370909690856934,0.24310302734375,0.23609685897827148,0.23784804344177246,0.2315840721130371,0.20876502990722656,0.22034096717834473,0.22877812385559082,0.22719836235046387,0.21695303916931152,0.2197282314300537,0.2037513256072998,0.22041797637939453,0.2308650016784668,0.20295214653015137,0.22726821899414062,0.2283189296722412,0.24315977096557617,0.23780608177185059,0.20355510711669922,0.224808931350708,0.24653005599975586,0.20526695251464844,0.23703312873840332,0.23458504676818848,0.23450183868408203,0.23191213607788086,0.2061169147491455,0.23932600021362305,0.23588085174560547,0.49953484535217285,0.23404908180236816,0.2474377155303955,0.25411415100097656,0.21768999099731445,0.23422479629516602,0.29325199127197266,0.22760295867919922,0.21572017669677734,0.23558592796325684,0.2059919834136963,0.23436784744262695
172,0.2244248390197754,0.2059030532836914,0.22347307205200195,0.24541687965393066,0.240739107131958,0.21189618110656738,0.20378899574279785,0.2319037914276123,0.2086341381072998,0.47190213203430176,0.2235090732574463,0.2181529998779297,0.19161105155944824,0.23098397254943848,0.21692299842834473,0.20768404006958008,0.23249602317810059,0.2223060131072998,0.22593069076538086,0.22794079780578613,0.23953771591186523,0.22587323188781738,0.2891561985015869,0.22789382934570312,0.2151050567626953,0.2064681053161621,0.24690675735473633,0.2069382667541504,0.21178007125854492,0.2084500789642334,0.23237204551696777,0.22533893585205078,0.20757389068603516,0.22603416442871094,0.25402379035949707,0.24701905250549316,0.23720598220825195,0.230712890625,0.7620890140533447,0.20805597305297852,0.21194911003112793,0.23756790161132812,0.22370505332946777,0.23192787170410156,0.21033215522766113,0.2320408821105957,0.24000906944274902,0.23323917388916016,0.2047290802001953,0.22186589241027832
173,0.2306051254272461,0.22120237350463867,0.23276996612548828,0.20465898513793945,0.24465584754943848,0.22468996047973633,0.2425858974456787,0.2237093448638916,0.2327580451965332,0.22929883003234863,0.22646212577819824,0.2464001178741455,0.2199411392211914,0.2205801010131836,0.2292771339416504,0.22810697555541992,0.23320603370666504,0.22037982940673828,0.24284911155700684,0.2084968090057373,0.20624804496765137,0.20597076416015625,0.20334100723266602,0.20600605010986328,0.24246811866760254,0.21543407440185547,0.20475411415100098,0.25054001808166504,0.2501528263092041,0.2343289852142334,0.22844195365905762,0.528076171875,0.2376258373260498,0.2315220832824707,0.22495698928833008,0.23252606391906738,0.22894001007080078,0.23251914978027344,0.21959924697875977,0.22967290878295898,0.22951698303222656,0.5045509338378906,0.8746922016143799,0.24341225624084473,0.2124769687652588,0.45309901237487793,0.21296095848083496,0.2275099754333496,0.2368330955505371,0.20440888404846191
174,0.20985698699951172,0.23277497291564941,0.20694494247436523,0.20798397064208984,0.2370140552520752,0.21569204330444336,0.21808195114135742,0.22985196113586426,0.22228193283081055,0.22479009628295898,0.20405101776123047,0.2252810001373291,0.2177140712738037,0.22262907028198242,0.20641708374023438,0.23291277885437012,0.21046233177185059,0.2172250747680664,0.22669696807861328,0.23235082626342773,0.20409798622131348,0.22952914237976074,0.2272341251373291,0.22185683250427246,0.20685982704162598,0.2328498363494873,0.23431110382080078,0.24110889434814453,0.2310929298400879,0.23838114738464355,0.23039007186889648,0.20514416694641113,0.23374485969543457,0.21953892707824707,0.2042980194091797,0.2195289134979248,0.20975589752197266,0.295306921005249,0.27826499938964844,0.21263384819030762,0.21438908576965332,0.2639729976654053,0.2267608642578125,0.5264089107513428,0.49548959732055664,1.4108290672302246,0.2219221591949463,0.22725605964660645,0.25136899948120117,0.22814106941223145
175,0.22211813926696777,0.20476508140563965,0.2340250015258789,0.3665790557861328,0.22795987129211426,0.21905732154846191,0.2201862335205078,0.20382118225097656,0.20502877235412598,0.2108931541442871,0.2089841365814209,0.23837924003601074,0.22275495529174805,0.24297499656677246,0.23113107681274414,0.23465204238891602,0.2315690517425537,0.21825909614562988,0.2269442081451416,0.22297120094299316,0.2351231575012207,0.23730731010437012,0.23290610313415527,0.22272300720214844,0.23383498191833496,0.2381420135498047,0.2098829746246338,0.23389792442321777,0.22842192649841309,0.23718976974487305,0.238800048828125,0.229201078414917,0.24830412864685059,0.21767091751098633,0.21714305877685547,0.22117185592651367,0.259519100189209,0.21642780303955078,0.2230989933013916,0.2516469955444336,0.21872496604919434,0.5299148559570312,0.22491693496704102,0.2116100788116455,0.754298210144043,0.45580196380615234,0.21693015098571777,0.20567798614501953,0.23273992538452148,0.20934486389160156
176,0.20666790008544922,0.23616695404052734,0.22668695449829102,0.8177642822265625,0.24191832542419434,0.23081016540527344,0.2254960536956787,0.20687508583068848,0.22440791130065918,0.23276114463806152,0.23620080947875977,0.23290014266967773,0.23483991622924805,0.23150300979614258,0.23231911659240723,0.20818877220153809,0.2243947982788086,0.21222686767578125,0.20411992073059082,0.2353518009185791,0.23381710052490234,0.23763680458068848,0.20608282089233398,0.21583795547485352,0.20764589309692383,0.25334596633911133,0.20360016822814941,0.2380049228668213,0.21625971794128418,0.25159502029418945,0.23433709144592285,0.20978689193725586,0.2098407745361328,0.21846604347229004,0.229658842086792,0.2057790756225586,0.22025704383850098,0.22905397415161133,0.47599005699157715,0.23319792747497559,0.23566484451293945,0.32862401008605957,0.21422576904296875,0.22109103202819824,0.25413084030151367,0.22425389289855957,0.22152495384216309,0.23802804946899414,0.20906281471252441,0.23546814918518066
177,0.22932028770446777,0.2043170928955078,0.22118401527404785,0.2277231216430664,0.24305367469787598,0.2066972255706787,0.5445659160614014,0.23516178131103516,0.2261643409729004,0.2281789779663086,0.2502939701080322,0.23006224632263184,0.23472094535827637,0.24292302131652832,0.22445130348205566,0.23170185089111328,0.22848105430603027,0.2798459529876709,0.20773601531982422,0.2351360321044922,0.22371315956115723,0.2512681484222412,0.2325131893157959,0.2393789291381836,0.20379328727722168,0.22945713996887207,0.2395782470703125,0.23157191276550293,0.23615193367004395,0.2351210117340088,0.23653912544250488,0.24513006210327148,0.2318861484527588,0.20707106590270996,0.22235798835754395,0.22467613220214844,0.2189791202545166,0.23074698448181152,0.23525571823120117,0.23598289489746094,0.21822214126586914,0.5346438884735107,0.2257699966430664,0.898247241973877,0.5007290840148926,0.4521970748901367,0.22417426109313965,0.23519611358642578,0.22865080833435059,0.2500321865081787
178,0.22560501098632812,0.2196180820465088,0.21628212928771973,0.2032480239868164,0.23402810096740723,0.23359298706054688,0.2501211166381836,0.24805021286010742,0.20644474029541016,0.20605993270874023,0.20749688148498535,0.24068188667297363,0.20853972434997559,0.21057987213134766,0.2058420181274414,0.22515487670898438,0.2044689655303955,0.2677180767059326,0.49753284454345703,0.20818710327148438,0.23304295539855957,0.23652362823486328,0.20972704887390137,0.22147488594055176,0.24698615074157715,0.22926688194274902,0.2274620532989502,0.24436211585998535,0.2395179271697998,0.23373103141784668,0.22655797004699707,0.21033382415771484,0.20763874053955078,0.24302005767822266,0.23790502548217773,0.23788714408874512,0.22724103927612305,0.2288048267364502,0.23164892196655273,0.23518681526184082,0.22129201889038086,0.46788930892944336,0.2137448787689209,0.24538493156433105,0.47714877128601074,0.22566485404968262,0.2101459503173828,0.23453688621520996,0.21802377700805664,0.2082829475402832
179,0.2172698974609375,0.2323908805847168,0.23080229759216309,0.20166397094726562,0.21529507637023926,0.23524904251098633,0.23955774307250977,0.21247291564941406,0.2517130374908447,0.22005987167358398,0.2342829704284668,0.22655320167541504,0.23016881942749023,0.21933412551879883,0.20650100708007812,0.20763301849365234,0.23295283317565918,0.22041702270507812,0.21431398391723633,0.22019004821777344,0.20465397834777832,0.23342108726501465,0.24362802505493164,0.2114391326904297,0.20718693733215332,0.20652484893798828,0.2081148624420166,0.20732998847961426,0.39277005195617676,0.210341215133667,0.20565414428710938,0.23357224464416504,0.20937514305114746,0.23686003684997559,0.23392319679260254,0.2342519760131836,0.20692706108093262,0.2260122299194336,0.209885835647583,0.2088627815246582,0.20778799057006836,0.21496796607971191,0.23166990280151367,0.2409510612487793,0.5145659446716309,0.224945068359375,0.22166037559509277,0.2522561550140381,0.23122525215148926,0.2312300205230713
180,0.22671890258789062,0.2040081024169922,0.20555996894836426,0.2498931884765625,0.24422788619995117,0.2065129280090332,0.516035795211792,0.23088407516479492,0.23527789115905762,0.21129393577575684,0.22988486289978027,0.21784687042236328,0.21935796737670898,0.2165210247039795,0.23094797134399414,0.21804118156433105,0.22597193717956543,0.2327258586883545,0.5223088264465332,0.2487790584564209,0.2348930835723877,0.20618224143981934,0.20339202880859375,0.2071239948272705,0.2391221523284912,0.2140488624572754,0.23815679550170898,0.2390611171722412,0.21332311630249023,0.23436999320983887,0.24632883071899414,0.2269906997680664,0.24152898788452148,0.2393507957458496,0.23108696937561035,0.2358691692352295,0.2426738739013672,0.2088930606842041,0.5205960273742676,0.24807119369506836,0.2207660675048828,0.23730897903442383,0.20270109176635742,0.7963662147521973,0.24691081047058105,0.20530295372009277,0.2163372039794922,0.236741304397583,0.23073101043701172,0.2033531665802002
181,0.2110140323638916,0.23257231712341309,0.23396563529968262,0.2344357967376709,0.22246789932250977,0.24785995483398438,0.2671811580657959,0.21011900901794434,0.23397588729858398,0.24935030937194824,0.20288825035095215,0.2595391273498535,0.21022796630859375,0.2274610996246338,0.22231698036193848,0.22377324104309082,0.22017693519592285,0.2235422134399414,0.21425819396972656,0.23192787170410156,0.20429396629333496,0.20957183837890625,0.20839762687683105,0.22993922233581543,0.2378528118133545,0.25128769874572754,0.2332601547241211,0.20774102210998535,0.2334129810333252,0.2516191005706787,0.23362398147583008,0.2107851505279541,0.23888397216796875,0.23569369316101074,0.20985817909240723,0.23878002166748047,0.20484375953674316,0.2442460060119629,0.23720121383666992,0.22880220413208008,0.22804927825927734,0.24147820472717285,0.23621678352355957,0.2398087978363037,0.23616409301757812,0.47012805938720703,0.22906184196472168,0.20954132080078125,0.20403409004211426,0.20812106132507324
182,0.24316883087158203,0.2182178497314453,0.2223680019378662,0.2061328887939453,0.2633390426635742,0.23742890357971191,0.23592400550842285,0.21729087829589844,0.20505976676940918,0.2335517406463623,0.23229098320007324,0.2288510799407959,0.2174999713897705,0.25226497650146484,0.23694896697998047,0.21449518203735352,0.20377087593078613,0.21556496620178223,0.22646784782409668,0.213608980178833,0.24799108505249023,0.24429726600646973,0.20526599884033203,0.2554440498352051,0.22600293159484863,0.23487472534179688,0.2530341148376465,0.2329251766204834,0.2520771026611328,0.23653197288513184,0.2369859218597412,0.25661683082580566,0.2518131732940674,0.2358379364013672,0.25479984283447266,0.24305200576782227,0.20755386352539062,0.23756098747253418,0.2522099018096924,0.2154686450958252,0.23225998878479004,0.2051990032196045,0.237379789352417,0.20965909957885742,0.5282092094421387,0.8933918476104736,0.25367283821105957,0.23606300354003906,0.20518112182617188,0.24622607231140137
183,0.20493173599243164,0.2331080436706543,0.23299193382263184,0.2351241111755371,0.22187209129333496,0.22693085670471191,0.2094120979309082,0.24976396560668945,0.20835113525390625,0.21033501625061035,0.2279341220855713,0.21817398071289062,0.22476434707641602,0.23663687705993652,0.2338871955871582,0.23825621604919434,0.23423385620117188,0.2146151065826416,0.2091200351715088,0.22885394096374512,0.2087700366973877,0.21084880828857422,0.23194599151611328,0.2393510341644287,0.2293078899383545,0.23761916160583496,0.2314281463623047,0.22641324996948242,0.238112211227417,0.2354598045349121,0.2365560531616211,0.2332313060760498,0.2374269962310791,0.24816107749938965,0.23262715339660645,0.23198795318603516,0.24142193794250488,0.23821806907653809,0.527827262878418,0.23374319076538086,0.23397183418273926,0.20451974868774414,0.23288393020629883,0.22983598709106445,0.21974682807922363,0.2246568202972412,0.23606109619140625,0.23515009880065918,0.20322895050048828,0.2084972858428955
184,0.2097010612487793,0.22802376747131348,0.20737981796264648,0.2218339443206787,0.21497321128845215,0.2058408260345459,0.5028150081634521,0.23713898658752441,0.24713420867919922,0.2283329963684082,0.20757102966308594,0.23660516738891602,0.21132898330688477,0.23523688316345215,0.20743775367736816,0.22045326232910156,0.20880794525146484,0.21441197395324707,0.20348191261291504,0.2093958854675293,0.23506689071655273,0.23128294944763184,0.2104659080505371,0.2239391803741455,0.20307612419128418,0.23259902000427246,0.21211600303649902,0.2291548252105713,0.22412371635437012,0.2378528118133545,0.23616313934326172,0.2406919002532959,0.26378488540649414,0.21240615844726562,0.23947906494140625,0.21324706077575684,0.23560810089111328,0.21875,0.48418712615966797,0.23226594924926758,0.24086713790893555,0.4783599376678467,0.25282812118530273,0.21636104583740234,0.7259860038757324,0.23340988159179688,0.226593017578125,0.24593901634216309,0.24499297142028809,0.23575401306152344
185,0.2283327579498291,0.2060248851776123,0.22785568237304688,0.2044830322265625,0.21831488609313965,0.21781682968139648,0.6526479721069336,0.23467206954956055,0.20672202110290527,0.20557188987731934,0.23095297813415527,0.23969411849975586,0.2301931381225586,0.20917916297912598,0.2263050079345703,0.21239113807678223,0.2052609920501709,0.2459421157836914,0.239454984664917,0.2382981777191162,0.20490002632141113,0.23228096961975098,0.5228509902954102,0.23847389221191406,0.21551799774169922,0.2086200714111328,0.2163090705871582,0.2064378261566162,0.24519085884094238,0.2338852882385254,0.24874186515808105,0.7194490432739258,0.2346649169921875,0.22932887077331543,0.23433494567871094,0.23825311660766602,0.251633882522583,0.23797225952148438,0.21814322471618652,0.25304293632507324,0.2321469783782959,0.22543716430664062,0.819490909576416,0.21542811393737793,0.4739649295806885,0.46720004081726074,0.2148880958557129,0.24239206314086914,0.20747780799865723,0.23537182807922363
186,0.21420907974243164,0.23496723175048828,0.22397089004516602,0.21969032287597656,0.2140359878540039,0.24434518814086914,0.23393607139587402,0.2055208683013916,0.23090600967407227,0.23662400245666504,0.2123711109161377,0.23926711082458496,0.20998501777648926,0.23012995719909668,0.22005867958068848,0.20689105987548828,0.2429351806640625,0.2240297794342041,0.22659897804260254,0.20427203178405762,0.23505616188049316,0.21008801460266113,0.21678423881530762,0.2102060317993164,0.23403310775756836,0.2232189178466797,0.23104405403137207,0.20308709144592285,0.22679877281188965,0.24983906745910645,0.20561003684997559,0.23636198043823242,0.20838093757629395,0.23668265342712402,0.23719286918640137,0.2394852638244629,0.23442316055297852,0.236314058303833,0.46653294563293457,0.2301769256591797,0.2465229034423828,0.20318388938903809,0.22647809982299805,0.5134620666503906,0.2290036678314209,0.22963404655456543,0.2410719394683838,0.22098302841186523,0.2050309181213379,0.2068159580230713
187,0.23568511009216309,0.20482373237609863,0.22562503814697266,0.22925090789794922,0.23548269271850586,0.23597288131713867,0.4705929756164551,0.2344062328338623,0.2108159065246582,0.22706294059753418,0.23938679695129395,0.23931217193603516,0.20552706718444824,0.22806692123413086,0.21616387367248535,0.23143792152404785,0.2058849334716797,0.21974706649780273,0.20946288108825684,0.21793103218078613,0.2212679386138916,0.24104714393615723,0.21917986869812012,0.2393190860748291,0.20569205284118652,0.22172784805297852,0.22387313842773438,0.23172497749328613,0.22988009452819824,0.21197795867919922,0.22985601425170898,0.21116018295288086,0.3332188129425049,0.24073433876037598,0.24813580513000488,0.253126859664917,0.23545598983764648,0.2685060501098633,0.23821282386779785,0.208420991897583,0.20876097679138184,0.46866488456726074,0.22873377799987793,0.23587822914123535,0.24129581451416016,0.4391341209411621,0.2418520450592041,0.22718071937561035,0.23610877990722656,0.2415599822998047
188,0.226060152053833,0.24416208267211914,0.23046207427978516,0.4686009883880615,0.2462611198425293,0.20873188972473145,0.20265984535217285,0.22251081466674805,0.23112201690673828,0.22964024543762207,0.20341086387634277,0.23915982246398926,0.22721314430236816,0.2300710678100586,0.22855687141418457,0.25293993949890137,0.20448684692382812,0.21722817420959473,0.2315380573272705,0.22924494743347168,0.23087596893310547,0.20548009872436523,0.223405122756958,0.20755982398986816,0.21944308280944824,0.21590805053710938,0.23178529739379883,0.22370100021362305,0.22876214981079102,0.23337388038635254,0.22536087036132812,0.2400360107421875,0.21045923233032227,0.2539372444152832,0.20841002464294434,0.22939610481262207,0.20932221412658691,0.23979520797729492,0.48139381408691406,0.24030804634094238,0.23981118202209473,0.7698800563812256,0.2171802520751953,0.23411202430725098,0.5027556419372559,0.20432281494140625,0.24303388595581055,0.21398401260375977,0.2380659580230713,0.2061319351196289
189,0.21112799644470215,0.21548104286193848,0.22401094436645508,0.21925902366638184,0.2284080982208252,0.23171401023864746,0.25903916358947754,0.2296440601348877,0.22500181198120117,0.20764994621276855,0.21369600296020508,0.22370481491088867,0.20770621299743652,0.24031376838684082,0.20431113243103027,0.23690581321716309,0.23299503326416016,0.2257850170135498,0.21026086807250977,0.2369828224182129,0.20368695259094238,0.2141859531402588,0.21140813827514648,0.21551179885864258,0.23886418342590332,0.22744202613830566,0.20640206336975098,0.24208402633666992,0.21728801727294922,0.2331068515777588,0.20902490615844727,0.2139890193939209,0.38515186309814453,0.22232913970947266,0.23711109161376953,0.2400813102722168,0.23154783248901367,0.21216273307800293,0.4872751235961914,0.23791098594665527,0.23271703720092773,0.2578299045562744,0.2053987979888916,0.2280128002166748,0.3847329616546631,0.49802279472351074,0.2286989688873291,0.23898005485534668,0.25142502784729004,0.20707011222839355
190,0.208237886428833,0.23120403289794922,0.24199724197387695,0.23308920860290527,0.24018406867980957,0.20955395698547363,0.5036239624023438,0.2045438289642334,0.20433926582336426,0.2305908203125,0.2334761619567871,0.21583914756774902,1.1229312419891357,0.22780275344848633,0.23386287689208984,0.23439288139343262,0.2104969024658203,0.23073101043701172,0.2708280086517334,0.22443580627441406,0.2077634334564209,0.23213624954223633,0.2279958724975586,0.22620010375976562,0.2248997688293457,0.2080550193786621,0.23023080825805664,0.22539591789245605,0.21257519721984863,0.23981213569641113,0.2534022331237793,0.23387908935546875,0.23984789848327637,0.22533392906188965,0.23674607276916504,0.23303675651550293,0.2522091865539551,0.2349870204925537,0.22540640830993652,0.24628782272338867,0.20972061157226562,0.29459404945373535,0.22460007667541504,0.2116711139678955,0.23878002166748047,0.504932165145874,0.24012994766235352,0.21761393547058105,0.2289738655090332,0.23873615264892578
191,0.21074414253234863,0.2376110553741455,0.23544073104858398,0.5682330131530762,0.22525596618652344,0.22099900245666504,0.4837362766265869,0.21371698379516602,0.22679495811462402,0.2106318473815918,0.20632481575012207,0.23247814178466797,0.21871471405029297,0.24315214157104492,0.22657299041748047,0.23666095733642578,0.24501824378967285,0.23215889930725098,0.21907424926757812,0.23155570030212402,0.2329857349395752,0.23743104934692383,0.21896767616271973,0.21171784400939941,0.2039048671722412,0.25136327743530273,0.21045207977294922,0.2116680145263672,0.23205924034118652,0.24853777885437012,0.22768592834472656,0.24066495895385742,0.2103416919708252,0.21370601654052734,0.23720073699951172,0.2113940715789795,0.24033784866333008,0.22255516052246094,0.24201607704162598,0.20885133743286133,0.24251699447631836,0.476226806640625,0.21574997901916504,0.242156982421875,0.23514914512634277,0.5340080261230469,0.22807717323303223,0.2257249355316162,0.21053791046142578,0.23469209671020508
192,0.23612594604492188,0.2361459732055664,0.2164468765258789,0.4781639575958252,0.25707483291625977,0.22914505004882812,0.2448441982269287,0.22962284088134766,0.21000289916992188,0.2073371410369873,0.24376201629638672,0.2440178394317627,0.4671170711517334,0.2426776885986328,0.23117709159851074,0.23586106300354004,0.20354890823364258,0.20763015747070312,0.21305108070373535,0.22504687309265137,0.22415685653686523,0.2541489601135254,0.2109520435333252,0.243804931640625,0.21368789672851562,0.23916006088256836,0.2533700466156006,0.23189806938171387,0.5166738033294678,0.23650407791137695,0.2130880355834961,0.22417306900024414,0.23365306854248047,0.22321105003356934,0.25064992904663086,0.24045801162719727,0.2355639934539795,0.22294974327087402,0.4870281219482422,0.234130859375,0.21364712715148926,0.21425199508666992,0.24382901191711426,0.25340795516967773,0.23492813110351562,0.23937606811523438,0.23142600059509277,0.20871710777282715,0.23179984092712402,0.22249293327331543
193,0.21302509307861328,0.25114989280700684,0.22429513931274414,0.21876978874206543,0.23043584823608398,0.23414182662963867,0.21091389656066895,0.2221519947052002,0.23240017890930176,0.2277240753173828,0.21352601051330566,0.22440695762634277,0.23851680755615234,0.21097612380981445,0.20465779304504395,0.24527311325073242,0.20522499084472656,0.2335820198059082,0.2305159568786621,0.20455074310302734,0.2311077117919922,0.23714780807495117,0.24999284744262695,0.20996999740600586,0.2463080883026123,0.21288108825683594,0.2384951114654541,0.21988582611083984,0.24021387100219727,0.23430180549621582,0.20941805839538574,0.2577040195465088,0.26450634002685547,0.23028802871704102,0.23235082626342773,0.218062162399292,0.2322402000427246,0.22977185249328613,0.2368619441986084,0.22792410850524902,0.21743273735046387,0.48853087425231934,0.20597290992736816,0.23446202278137207,0.23471999168395996,0.503960132598877,0.2357950210571289,0.23747992515563965,0.20817995071411133,0.2324068546295166
194,0.2300560474395752,0.20771408081054688,0.2280428409576416,0.23990869522094727,0.21708273887634277,0.21136164665222168,0.22964811325073242,0.23266887664794922,0.22322392463684082,0.2525761127471924,0.23050308227539062,0.21898221969604492,0.23234891891479492,0.2451620101928711,0.22641825675964355,0.20847725868225098,0.22786498069763184,0.2316899299621582,0.3548879623413086,0.22731304168701172,0.2107830047607422,0.23171591758728027,0.2328791618347168,0.22704625129699707,0.20914101600646973,0.2056879997253418,0.23232412338256836,0.20421600341796875,0.2129988670349121,0.20867609977722168,0.2105860710144043,0.22699689865112305,0.22446012496948242,0.23013091087341309,0.23924493789672852,0.21677374839782715,0.23676395416259766,0.22327494621276855,0.4696810245513916,0.21066594123840332,0.20878386497497559,0.481032133102417,0.2326951026916504,0.23758888244628906,0.20956802368164062,0.22906017303466797,0.23675799369812012,0.24801087379455566,0.2520029544830322,0.20850419998168945
195,0.23916125297546387,0.21188807487487793,0.24746298789978027,0.2030038833618164,0.24315690994262695,0.22867298126220703,0.21126008033752441,0.20755600929260254,0.2353191375732422,0.23698806762695312,0.22957396507263184,0.2459878921508789,0.4730098247528076,0.23253703117370605,0.22339463233947754,0.21433186531066895,0.20702314376831055,0.22697973251342773,0.20513415336608887,0.22900104522705078,0.22768616676330566,0.21278786659240723,0.44531989097595215,0.2098398208618164,0.21942973136901855,0.22542905807495117,0.2373666763305664,0.22826337814331055,0.24024486541748047,0.23535799980163574,0.24291491508483887,0.21308493614196777,0.23010993003845215,0.24075078964233398,0.22811269760131836,0.22362494468688965,0.24296212196350098,0.20902800559997559,0.21193909645080566,0.25232362747192383,0.21008992195129395,0.23200297355651855,0.510551929473877,0.23502421379089355,0.4869828224182129,0.22960996627807617,0.23077869415283203,0.22680306434631348,0.23623228073120117,0.20682001113891602
196,0.2063441276550293,0.21374917030334473,0.20990419387817383,0.21785712242126465,0.22145485877990723,0.2263050079345703,0.22621607780456543,0.23099088668823242,0.23303580284118652,0.23630070686340332,0.20509886741638184,0.24019575119018555,0.20754575729370117,0.23389101028442383,0.23046135902404785,0.22324919700622559,0.25175905227661133,0.22026491165161133,0.23189711570739746,0.23110699653625488,0.20290589332580566,0.22142696380615234,0.22800087928771973,0.22579693794250488,0.23482084274291992,0.23002195358276367,0.236328125,0.21251988410949707,0.24401402473449707,0.25048303604125977,0.21424531936645508,0.223297119140625,0.20626425743103027,0.23598408699035645,0.2109520435333252,0.21280908584594727,0.2104949951171875,0.21281814575195312,0.28644514083862305,0.22831487655639648,0.21841192245483398,0.3400719165802002,0.21747303009033203,0.23020219802856445,0.7103188037872314,0.42147016525268555,0.24346303939819336,0.20989513397216797,0.23745083808898926,0.22089791297912598
197,0.24225831031799316,0.23211383819580078,0.23197388648986816,0.21965312957763672,0.23138213157653809,0.22858119010925293,0.20234131813049316,0.20400476455688477,0.2041158676147461,0.20739102363586426,0.23498916625976562,0.2399740219116211,0.49535393714904785,0.2531912326812744,0.23917698860168457,0.2168281078338623,0.23557496070861816,0.21828985214233398,0.22087407112121582,0.2343142032623291,0.22778701782226562,0.24188590049743652,0.23902010917663574,0.2310488224029541,0.2362658977508545,0.2281341552734375,0.25026702880859375,0.23198604583740234,0.22684001922607422,0.23760604858398438,0.22482013702392578,0.22855186462402344,0.21886301040649414,0.23583507537841797,0.2547461986541748,0.24801206588745117,0.2414259910583496,0.230133056640625,0.23367094993591309,0.2209019660949707,0.22951912879943848,0.23177385330200195,0.2251300811767578,0.21170520782470703,0.21348786354064941,0.5158493518829346,0.23944401741027832,0.21109700202941895,0.23235678672790527,0.23961901664733887
198,0.20521807670593262,0.24793577194213867,0.23385214805603027,0.23248720169067383,0.21785593032836914,0.20462489128112793,0.20952606201171875,0.22466182708740234,0.2358250617980957,0.23105216026306152,0.2177431583404541,0.21606898307800293,0.3714168071746826,0.2345879077911377,0.22241497039794922,0.24302196502685547,0.20737195014953613,0.23099207878112793,0.5049331188201904,0.23778009414672852,0.2324821949005127,0.2368767261505127,0.20708298683166504,0.2329859733581543,0.24343395233154297,0.20733284950256348,0.20820116996765137,0.22074294090270996,0.21044707298278809,0.23661112785339355,0.22129583358764648,0.2554798126220703,0.2331562042236328,0.26468420028686523,0.23305010795593262,0.2269117832183838,0.23495078086853027,0.29999399185180664,0.5051419734954834,0.2150561809539795,0.22814106941223145,0.20908498764038086,0.2113809585571289,0.24492526054382324,0.25382494926452637,0.2389676570892334,0.24215102195739746,0.21993494033813477,0.20934081077575684,0.20888113975524902
199,0.21821904182434082,0.2073981761932373,0.20423007011413574,0.23141813278198242,0.22081494331359863,0.20765113830566406,0.20495891571044922,0.23122024536132812,0.22469615936279297,0.20629477500915527,0.2304069995880127,0.23853611946105957,0.5047731399536133,0.2341160774230957,0.21257877349853516,0.2075037956237793,0.2295520305633545,0.20946097373962402,0.22176408767700195,0.23238611221313477,0.20746612548828125,0.20560812950134277,0.23145198822021484,0.2059469223022461,0.21079111099243164,0.2345430850982666,0.22273898124694824,0.23522710800170898,0.22997498512268066,0.23328208923339844,0.21381092071533203,0.2339918613433838,0.2351827621459961,0.21603608131408691,0.23776006698608398,0.2104508876800537,0.23825287818908691,0.24340415000915527,0.4694647789001465,0.23367977142333984,0.23604321479797363,0.49719882011413574,0.23042702674865723,0.22921967506408691,0.22601795196533203,0.23385214805603027,0.21518993377685547,0.2493288516998291,0.2451939582824707,0.23358702659606934
200,0.21605801582336426,0.23337912559509277,0.22691774368286133,0.36697888374328613,0.24332094192504883,0.2274179458618164,0.468203067779541,0.20905590057373047,0.230942964553833,0.2343900203704834,0.23403191566467285,0.2229020595550537,0.30450010299682617,0.2090458869934082,0.20588088035583496,0.2277989387512207,0.20430994033813477,0.2423548698425293,0.23452496528625488,0.22611093521118164,0.2322978973388672,0.2337491512298584,0.2107682228088379,0.22597217559814453,0.23495793342590332,0.22997188568115234,0.21275901794433594,0.203934907913208,0.22442412376403809,0.23631572723388672,0.23579692840576172,0.2365560531616211,0.5179121494293213,0.22510623931884766,0.23801326751708984,0.24490094184875488,0.25061774253845215,0.22512412071228027,0.4961087703704834,0.2470231056213379,0.2329108715057373,0.20812225341796875,0.205610990524292,0.23582172393798828,0.19260406494140625,0.23732399940490723,0.2272169589996338,0.2344508171081543,0.20812296867370605,0.20700383186340332
201,0.22658205032348633,0.2068181037902832,0.23179316520690918,0.20685315132141113,0.21712064743041992,0.25168585777282715,0.2335951328277588,0.2315809726715088,0.20943379402160645,0.22553706169128418,0.21081018447875977,0.2323770523071289,0.4842362403869629,0.23238825798034668,0.23917698860168457,0.20829391479492188,0.2446730136871338,0.21442008018493652,0.24279499053955078,0.2423241138458252,0.2048351764678955,0.2078239917755127,0.38188910484313965,0.2212202548980713,0.23624277114868164,0.22156286239624023,0.23636603355407715,0.20864200592041016,0.23005890846252441,0.24018359184265137,0.20502901077270508,0.24364519119262695,0.2097337245941162,0.25104212760925293,0.24234795570373535,0.23939800262451172,0.2425692081451416,0.21520590782165527,0.4721190929412842,0.2064208984375,0.22796106338500977,0.22268319129943848,0.24303507804870605,0.26145195960998535,0.24682211875915527,0.2320859432220459,0.25039196014404297,0.24692606925964355,0.2489480972290039,0.23250699043273926
202,0.2231428623199463,0.20830297470092773,0.485335111618042,0.24413800239562988,0.23865818977355957,0.20735692977905273,0.20998096466064453,0.20839810371398926,0.21964192390441895,0.2321929931640625,0.24378085136413574,0.21927094459533691,0.6055622100830078,0.25957608222961426,0.21492910385131836,0.2289600372314453,0.22481417655944824,0.22182798385620117,0.25565099716186523,0.2164289951324463,0.24948668479919434,0.23442935943603516,0.2350771427154541,0.22743606567382812,0.23821210861206055,0.21357488632202148,0.24873805046081543,0.22628402709960938,0.20999979972839355,0.2055673599243164,0.21791315078735352,0.21475791931152344,0.2190539836883545,0.2108936309814453,0.23065900802612305,0.2287750244140625,0.21282100677490234,0.2139127254486084,0.46809887886047363,0.2144148349761963,0.21720600128173828,0.21843791007995605,0.23108410835266113,0.20805096626281738,0.49791717529296875,0.44362616539001465,0.2581360340118408,0.21236681938171387,0.2074120044708252,0.22748494148254395
203,0.23047876358032227,0.24494433403015137,0.23612713813781738,0.19929289817810059,0.2172229290008545,0.23066306114196777,0.23001694679260254,0.24457812309265137,0.23000121116638184,0.23689818382263184,0.20453667640686035,0.21739888191223145,0.2090461254119873,0.22416996955871582,0.22864890098571777,0.23882818222045898,0.21346521377563477,0.2270662784576416,0.2104809284210205,0.23256492614746094,0.2076430320739746,0.20736002922058105,0.48378682136535645,0.23462915420532227,0.252321720123291,0.2322862148284912,0.23669791221618652,0.22981810569763184,0.23572707176208496,0.22579717636108398,0.22555112838745117,0.22074294090270996,0.20350193977355957,0.24332594871520996,0.20387983322143555,0.2323899269104004,0.20607614517211914,0.2549927234649658,0.2581298351287842,0.20849990844726562,0.22958064079284668,0.4600491523742676,0.22784090042114258,0.23003005981445312,0.358914852142334,0.24640202522277832,0.2271862030029297,0.20421218872070312,0.23394989967346191,0.22291898727416992
204,0.21174931526184082,0.20677614212036133,0.2505202293395996,0.2432858943939209,0.21714305877685547,0.21062517166137695,0.20249080657958984,0.20388293266296387,0.22332382202148438,0.22195196151733398,0.23273968696594238,0.22042012214660645,0.48564600944519043,0.21612119674682617,0.2080700397491455,0.21239686012268066,0.23275208473205566,0.2098841667175293,0.2050180435180664,0.23477697372436523,0.20343518257141113,0.22507500648498535,0.21112608909606934,0.2381129264831543,0.24014902114868164,0.2349991798400879,0.23344802856445312,0.2158348560333252,0.22701382637023926,0.2120211124420166,0.2180478572845459,0.2336728572845459,0.44037580490112305,0.20968198776245117,0.2223210334777832,0.23753714561462402,0.22753596305847168,0.23987913131713867,0.23137712478637695,0.2328648567199707,0.20827603340148926,0.22885990142822266,0.20494318008422852,0.20542120933532715,0.4851851463317871,0.21087121963500977,0.24452614784240723,0.23640704154968262,0.22399282455444336,0.21851396560668945
205,0.2026839256286621,0.2357032299041748,0.20728802680969238,0.23165416717529297,0.22077322006225586,0.22093629837036133,0.21323084831237793,0.20559430122375488,0.20294594764709473,0.2454390525817871,0.2166731357574463,0.2154831886291504,0.23377299308776855,0.22147703170776367,0.23318910598754883,0.2266240119934082,0.2339766025543213,0.22013378143310547,0.23988890647888184,0.2229909896850586,0.23317193984985352,0.21377825736999512,0.22998571395874023,0.23124480247497559,0.2197561264038086,0.23627018928527832,0.2046668529510498,0.23395586013793945,0.24146413803100586,0.23259973526000977,0.23551177978515625,0.23819327354431152,0.21387791633605957,0.23195695877075195,0.2290208339691162,0.22718596458435059,0.22912192344665527,0.23395609855651855,0.5306429862976074,0.2563610076904297,0.2373948097229004,0.3530550003051758,0.21050167083740234,0.24369597434997559,0.4667346477508545,0.4891338348388672,0.22198200225830078,0.23516511917114258,0.23142504692077637,0.22870802879333496
206,0.22887301445007324,0.23514223098754883,0.23157405853271484,0.20460009574890137,0.24484896659851074,0.22250008583068848,0.21779298782348633,0.231126070022583,0.23328614234924316,0.20611310005187988,0.22752690315246582,0.25961971282958984,0.20677399635314941,0.2203972339630127,0.22677969932556152,0.21267390251159668,0.22712016105651855,0.22774028778076172,0.2179582118988037,0.22972798347473145,0.2375202178955078,0.22955608367919922,0.20348596572875977,0.24422597885131836,0.20519685745239258,0.2485036849975586,0.21329998970031738,0.23523521423339844,0.23995709419250488,0.2535560131072998,0.22675704956054688,0.23600077629089355,0.2319338321685791,0.20648503303527832,0.24074912071228027,0.21162128448486328,0.23540520668029785,0.23237895965576172,0.2400989532470703,0.23475098609924316,0.25102782249450684,0.2378370761871338,0.2319648265838623,0.2506430149078369,0.21532797813415527,0.487123966217041,0.21459197998046875,0.23607707023620605,0.20947480201721191,0.2347099781036377
207,0.22912287712097168,0.2355210781097412,0.20557904243469238,0.2436227798461914,0.24257898330688477,0.22752118110656738,0.26392102241516113,0.20592522621154785,0.20723581314086914,0.21101021766662598,0.2238011360168457,0.22589778900146484,0.20694923400878906,0.22887015342712402,0.2218019962310791,0.23125481605529785,0.20328283309936523,0.20986223220825195,0.2410731315612793,0.22593188285827637,0.2462468147277832,0.22477984428405762,0.2205367088317871,0.24567341804504395,0.21692299842834473,0.2401430606842041,0.24258804321289062,0.20855998992919922,0.23533987998962402,0.235015869140625,0.23544621467590332,0.23603200912475586,0.23410701751708984,0.2421560287475586,0.250842809677124,0.2522130012512207,0.23531389236450195,0.2331228256225586,0.5008640289306641,0.2359480857849121,0.23515605926513672,0.4860208034515381,0.22166013717651367,0.2326200008392334,0.47074007987976074,0.2193000316619873,0.22983503341674805,0.23590612411499023,0.22802472114562988,0.22417688369750977
208,0.22951602935791016,0.2239978313446045,0.24529814720153809,0.23202896118164062,0.2157900333404541,0.23406600952148438,0.2370929718017578,0.23414087295532227,0.2312920093536377,0.23294281959533691,0.23002171516418457,0.24417686462402344,0.22881102561950684,0.20876073837280273,0.20240998268127441,0.24823498725891113,0.2203371524810791,0.23401188850402832,0.24186301231384277,0.2062239646911621,0.2063770294189453,0.23018097877502441,0.22943806648254395,0.23624801635742188,0.2453610897064209,0.20420408248901367,0.23742222785949707,0.22263026237487793,0.234083890914917,0.2276310920715332,0.2072587013244629,0.2493140697479248,0.23018884658813477,0.252000093460083,0.2352147102355957,0.20867276191711426,0.23394489288330078,0.2524759769439697,0.2335958480834961,0.23145222663879395,0.20895600318908691,0.5501430034637451,0.23258614540100098,0.23839616775512695,0.23187804222106934,0.225297212600708,0.21191692352294922,0.22873783111572266,0.21188807487487793,0.2317960262298584
209,0.20862197875976562,0.22762298583984375,0.2212069034576416,0.47489380836486816,0.24251890182495117,0.2081449031829834,0.28448009490966797,0.20540308952331543,0.2272801399230957,0.23535823822021484,0.2131199836730957,0.23299098014831543,0.20801091194152832,0.2218611240386963,0.23034000396728516,0.20906686782836914,0.2292921543121338,0.20431184768676758,0.22885608673095703,0.22838306427001953,0.23409295082092285,0.20964407920837402,0.20683622360229492,0.2137589454650879,0.20772099494934082,0.2280900478363037,0.20566892623901367,0.22365522384643555,0.21425580978393555,0.21095585823059082,0.23464608192443848,0.23510980606079102,0.20905685424804688,0.22628307342529297,0.23519420623779297,0.23170995712280273,0.23516488075256348,0.23163700103759766,0.21430182456970215,0.20888996124267578,0.23619580268859863,0.23603391647338867,0.2082231044769287,0.23607707023620605,0.2042548656463623,0.6627662181854248,0.23223495483398438,0.23081183433532715,0.24619126319885254,0.20487713813781738
210,0.23104405403137207,0.20540213584899902,0.2286851406097412,0.23277592658996582,0.22820711135864258,0.23499608039855957,0.2289271354675293,0.2317500114440918,0.22910594940185547,0.25145387649536133,0.20354413986206055,0.23584890365600586,0.2283797264099121,0.21912384033203125,0.23554420471191406,0.2311389446258545,0.20487618446350098,0.22057390213012695,0.23697209358215332,0.22388982772827148,0.20816588401794434,0.20680999755859375,0.23537421226501465,0.21808409690856934,0.23676395416259766,0.23090267181396484,0.2319808006286621,0.20916104316711426,0.2471301555633545,0.24327898025512695,0.2554891109466553,0.20723390579223633,0.23721003532409668,0.24606013298034668,0.21106934547424316,0.24014997482299805,0.24866819381713867,0.21605229377746582,0.2797219753265381,0.2555670738220215,0.23434019088745117,0.21109580993652344,0.9762952327728271,0.23337984085083008,0.2169637680053711,0.24786877632141113,0.23895692825317383,0.2264559268951416,0.24157190322875977,0.2049119472503662
211,0.20712494850158691,0.2089400291442871,0.23015666007995605,0.48430728912353516,0.24194788932800293,0.24688410758972168,0.19362998008728027,0.20452308654785156,0.2094409465789795,0.2064521312713623,0.21294522285461426,0.2402801513671875,0.21832489967346191,0.21612787246704102,0.22119879722595215,0.2155137062072754,0.24754929542541504,0.22985601425170898,0.23604297637939453,0.2338721752166748,0.22870182991027832,0.2268209457397461,0.2219851016998291,0.23200488090515137,0.2345430850982666,0.24947714805603027,0.21121788024902344,0.2354140281677246,0.24064326286315918,0.25011301040649414,0.23073911666870117,0.2303156852722168,0.2496640682220459,0.21945714950561523,0.23288607597351074,0.2347261905670166,0.20951008796691895,0.23831391334533691,0.2434520721435547,0.23076367378234863,0.24855279922485352,0.23184633255004883,0.24215126037597656,0.2410590648651123,0.2367699146270752,0.20793485641479492,0.2313220500946045,0.2045302391052246,0.23793411254882812,0.2345890998840332
212,0.238936185836792,0.23189282417297363,0.20633172988891602,0.5003011226654053,0.2376420497894287,0.21106696128845215,0.26189494132995605,0.20891809463500977,0.2039930820465088,0.2343590259552002,0.24974608421325684,0.21752285957336426,0.2017059326171875,0.24072504043579102,0.232374906539917,0.22005486488342285,0.21596598625183105,0.20280194282531738,0.2051069736480713,0.23509716987609863,0.21734619140625,0.22324204444885254,0.2341289520263672,0.22553801536560059,0.20755505561828613,0.23797893524169922,0.24628806114196777,0.20348286628723145,0.22106599807739258,0.2325289249420166,0.2431659698486328,0.21088218688964844,0.23909497261047363,0.22326207160949707,0.25189828872680664,0.25107407569885254,0.23971772193908691,0.26749181747436523,0.21849703788757324,0.23977875709533691,0.23712801933288574,0.24836301803588867,0.22630715370178223,0.21071624755859375,0.23505020141601562,0.2335197925567627,0.2544529438018799,0.20924711227416992,0.22320222854614258,0.22037816047668457
213,0.20466375350952148,0.2246689796447754,0.23248791694641113,0.47189784049987793,0.22221899032592773,0.20667386054992676,0.22249722480773926,0.23230791091918945,0.23187017440795898,0.20531201362609863,0.20841407775878906,0.2154083251953125,0.48273587226867676,0.2097480297088623,0.2362978458404541,0.2451767921447754,0.22143912315368652,0.2086019515991211,0.2280261516571045,0.20844197273254395,0.21478676795959473,0.23442506790161133,0.2332468032836914,0.23189878463745117,0.2386760711669922,0.24034404754638672,0.20616507530212402,0.22100400924682617,0.21611475944519043,0.23814702033996582,0.2319049835205078,0.24704289436340332,0.26517796516418457,0.2534220218658447,0.23415803909301758,0.21076726913452148,0.23313117027282715,0.2411668300628662,0.21997690200805664,0.23677897453308105,0.2377028465270996,0.24150609970092773,0.25834131240844727,0.23866009712219238,0.47484397888183594,0.2063291072845459,0.23160481452941895,0.22179031372070312,0.21219491958618164,0.235612154006958
214,0.2221660614013672,0.23124003410339355,0.2088170051574707,0.22290396690368652,0.24236607551574707,0.2234187126159668,0.20364785194396973,0.22510194778442383,0.22380495071411133,0.23723602294921875,0.23409414291381836,0.24594712257385254,0.452301025390625,0.22771620750427246,0.20732498168945312,0.23331665992736816,0.2025141716003418,0.2051389217376709,0.22824597358703613,0.22823882102966309,0.2272021770477295,0.23433709144592285,0.20507597923278809,0.23529481887817383,0.20643186569213867,0.22021818161010742,0.23433589935302734,0.23703908920288086,0.22787117958068848,0.23639583587646484,0.23594880104064941,0.2380838394165039,0.23495912551879883,0.2084190845489502,0.23990511894226074,0.23037314414978027,0.24095892906188965,0.21516704559326172,0.24893498420715332,0.2331831455230713,0.2341620922088623,0.6680209636688232,0.23514270782470703,0.20981287956237793,0.2327289581298828,0.2297677993774414,0.2169651985168457,0.24803614616394043,0.24667763710021973,0.23710107803344727
215,0.22512197494506836,0.20861005783081055,0.22471189498901367,0.5083310604095459,0.21409106254577637,0.22421884536743164,0.24767088890075684,0.2292921543121338,0.23113608360290527,0.23492789268493652,0.20542502403259277,0.22443008422851562,0.5014410018920898,0.2104628086090088,0.20468807220458984,0.21048188209533691,0.21529006958007812,0.2549862861633301,0.2527492046356201,0.22239089012145996,0.21473908424377441,0.20956897735595703,0.22573304176330566,0.20807385444641113,0.22786784172058105,0.20620393753051758,0.20626282691955566,0.20864295959472656,0.22462701797485352,0.23416996002197266,0.2473149299621582,0.23705601692199707,0.23825311660766602,0.2098860740661621,0.23697733879089355,0.24258112907409668,0.24817895889282227,0.22289395332336426,0.49585795402526855,0.2438819408416748,0.22566986083984375,0.2115468978881836,0.2340238094329834,0.2294621467590332,0.20891213417053223,0.46398305892944336,0.22477388381958008,0.23726892471313477,0.21259498596191406,0.23444199562072754
216,0.20821309089660645,0.22819805145263672,0.2277379035949707,0.23796391487121582,0.22932910919189453,0.22524118423461914,0.22209405899047852,0.2109088897705078,0.2060389518737793,0.38016200065612793,0.23414301872253418,0.25269198417663574,0.20528578758239746,0.23406386375427246,0.24522900581359863,0.20795679092407227,0.24527597427368164,0.22789311408996582,0.23492693901062012,0.23555302619934082,0.22676301002502441,0.22945594787597656,0.2553079128265381,0.22732782363891602,0.23508191108703613,0.23322629928588867,0.2326216697692871,0.21579790115356445,0.22797417640686035,0.22787189483642578,0.7447149753570557,0.2349097728729248,0.222808837890625,0.23067212104797363,0.22668004035949707,0.2313370704650879,0.23479509353637695,0.21560287475585938,0.22886919975280762,0.2075791358947754,0.22635912895202637,0.2093486785888672,0.2351548671722412,0.2087571620941162,0.2538580894470215,0.5844409465789795,0.24549078941345215,0.23613429069519043,0.22932887077331543,0.2072126865386963
217,0.21975111961364746,0.20371317863464355,0.23576092720031738,0.20742011070251465,0.2564077377319336,0.23284912109375,0.2037670612335205,0.2302720546722412,0.234511137008667,0.20807600021362305,0.22315478324890137,0.23440289497375488,0.19079995155334473,0.2242879867553711,0.2105882167816162,0.2203688621520996,0.21006321907043457,0.21439790725708008,0.23775076866149902,0.2089216709136963,0.2329709529876709,0.2208247184753418,0.22714495658874512,0.2230978012084961,0.23656868934631348,0.23078489303588867,0.22331595420837402,0.22671079635620117,0.20728492736816406,0.23034024238586426,0.23490595817565918,0.20662903785705566,0.20638322830200195,0.20875787734985352,0.25380396842956543,0.25513482093811035,0.22740626335144043,0.21144866943359375,0.23285818099975586,0.2118968963623047,0.214003324508667,0.48622798919677734,0.2268967628479004,0.24633502960205078,0.4733848571777344,0.48380184173583984,0.24194788932800293,0.23148107528686523,0.20935702323913574,0.22189903259277344
218,0.23404622077941895,0.22291302680969238,0.4878988265991211,0.25220298767089844,0.22268986701965332,0.23541808128356934,0.522273063659668,0.20383000373840332,0.20528793334960938,0.23913002014160156,0.20285320281982422,0.23328924179077148,0.500859260559082,0.23382234573364258,0.23150992393493652,0.2354881763458252,0.23187685012817383,0.2421588897705078,0.23307085037231445,0.23119306564331055,0.21564292907714844,0.20903992652893066,0.20743703842163086,0.21390390396118164,0.22164607048034668,0.2382950782775879,0.23530912399291992,0.22902679443359375,0.2365403175354004,0.24010801315307617,0.23607802391052246,0.2443690299987793,0.22710013389587402,0.2500298023223877,0.212324857711792,0.23152470588684082,0.21219873428344727,0.23048782348632812,0.4720633029937744,0.23183107376098633,0.22711873054504395,0.24067211151123047,0.22595810890197754,0.21010518074035645,0.23810482025146484,0.47561120986938477,0.2460160255432129,0.20978093147277832,0.22867822647094727,0.22396516799926758
219,0.2073369026184082,0.2368168830871582,0.23741602897644043,0.23399710655212402,0.21862196922302246,0.2353982925415039,0.2232520580291748,0.20872902870178223,0.2200639247894287,0.23408818244934082,0.23171377182006836,0.21706700325012207,0.4870567321777344,0.2368161678314209,0.20779204368591309,0.21597909927368164,0.20752811431884766,0.21906399726867676,0.23352599143981934,0.21058297157287598,0.20334172248840332,0.23163080215454102,0.23318099975585938,0.2203528881072998,0.23173904418945312,0.23369503021240234,0.23526287078857422,0.22957491874694824,0.23883390426635742,0.2325730323791504,0.24042987823486328,0.2090301513671875,0.24265718460083008,0.23534202575683594,0.23241877555847168,0.23880791664123535,0.235612154006958,0.2287752628326416,0.49530696868896484,0.20597076416015625,0.21007394790649414,0.23445391654968262,0.2192990779876709,0.20834112167358398,0.20856094360351562,0.2420518398284912,0.22095227241516113,0.25255680084228516,0.23778486251831055,0.22286701202392578
220,0.20327496528625488,0.23660707473754883,0.23371124267578125,0.20783090591430664,0.21736693382263184,0.2041637897491455,0.219757080078125,0.23078179359436035,0.23346519470214844,0.25119590759277344,0.20521187782287598,0.21484923362731934,0.3069632053375244,0.20529580116271973,0.2332160472869873,0.22519397735595703,0.22975802421569824,0.24139022827148438,0.20597410202026367,0.24376916885375977,0.21893930435180664,0.23776817321777344,0.20900893211364746,0.21647191047668457,0.20865201950073242,0.20668506622314453,0.21349501609802246,0.20454692840576172,0.2558860778808594,0.23636770248413086,0.22687101364135742,0.2376556396484375,0.2380058765411377,0.22440099716186523,0.2347579002380371,0.22504401206970215,0.22307920455932617,0.23316001892089844,0.2521841526031494,0.25159597396850586,0.23174023628234863,0.4873652458190918,0.21739578247070312,0.21979784965515137,0.2372732162475586,0.23147177696228027,0.21944713592529297,0.22913408279418945,0.2024672031402588,0.20863819122314453
221,0.2344222068786621,0.20545411109924316,0.21009016036987305,0.2326338291168213,0.21998095512390137,0.22281098365783691,0.21865582466125488,0.2066512107849121,0.20756292343139648,0.23613691329956055,0.23563599586486816,0.25983285903930664,0.3540968894958496,0.23140811920166016,0.22458624839782715,0.21435284614562988,0.22650408744812012,0.22813987731933594,0.20762109756469727,0.2101590633392334,0.2316908836364746,0.23445701599121094,0.23712491989135742,0.2292170524597168,0.20573973655700684,0.24579668045043945,0.21374893188476562,0.20437884330749512,0.22852706909179688,0.253126859664917,0.2299971580505371,0.23324799537658691,0.21535515785217285,0.2131509780883789,0.24078798294067383,0.2123279571533203,0.23200321197509766,0.21262192726135254,0.5164709091186523,0.2381141185760498,0.2520027160644531,0.20833706855773926,0.21897220611572266,0.2289419174194336,0.5169830322265625,0.5144650936126709,0.2170250415802002,0.21438169479370117,0.20794987678527832,0.2348160743713379
222,0.24635529518127441,0.23215389251708984,0.226942777633667,0.2024397850036621,0.23149919509887695,0.23247385025024414,0.2022252082824707,0.2508571147918701,0.23483800888061523,0.2369701862335205,0.22087383270263672,0.22877001762390137,0.5003759860992432,0.22285103797912598,0.2264552116394043,0.22367596626281738,0.2038562297821045,0.2219080924987793,0.2317640781402588,0.21158075332641602,0.24905610084533691,0.22185015678405762,0.20468926429748535,0.2214212417602539,0.22025489807128906,0.2121748924255371,0.24232697486877441,0.23107099533081055,0.2414989471435547,0.2285618782043457,0.2195451259613037,0.23813605308532715,0.4848048686981201,0.23875784873962402,0.24964308738708496,0.25276994705200195,0.2070317268371582,0.28820085525512695,0.23943400382995605,0.23198819160461426,0.2350451946258545,0.4556248188018799,0.23899102210998535,0.25600290298461914,0.23624014854431152,0.21321892738342285,0.2537097930908203,0.2279038429260254,0.23055100440979004,0.22060704231262207
223,0.21062874794006348,0.22811484336853027,0.4979579448699951,0.439777135848999,0.21570801734924316,0.20951604843139648,0.2291703224182129,0.2387220859527588,0.23665308952331543,0.23656511306762695,0.20412611961364746,0.2397770881652832,0.4738130569458008,0.20640993118286133,0.20699000358581543,0.22351384162902832,0.22505617141723633,0.21007204055786133,0.22492003440856934,0.2155921459197998,0.20805621147155762,0.23435020446777344,0.2276310920715332,0.23343801498413086,0.244826078414917,0.20711088180541992,0.2097921371459961,0.22001099586486816,0.22524285316467285,0.21046710014343262,0.20564508438110352,0.25128698348999023,0.24585413932800293,0.24108481407165527,0.23712825775146484,0.24227499961853027,0.23483586311340332,0.23494291305541992,0.2517859935760498,0.2079019546508789,0.21250104904174805,0.22964191436767578,0.21290802955627441,0.48655080795288086,0.22921323776245117,0.5085411071777344,0.2277212142944336,0.20896601676940918,0.21608805656433105,0.2343449592590332
224,0.23115015029907227,0.20372986793518066,0.2333979606628418,0.222459077835083,0.2184617519378662,0.22763395309448242,0.2218332290649414,0.23667597770690918,0.25152015686035156,0.5232887268066406,0.2329881191253662,0.23736906051635742,0.24602699279785156,0.2252662181854248,0.23208284378051758,0.2110910415649414,0.21544790267944336,0.2037489414215088,0.23035693168640137,0.2295689582824707,0.23258495330810547,0.23104310035705566,0.20677471160888672,0.20690393447875977,0.20676302909851074,0.22133493423461914,0.2350139617919922,0.20651006698608398,0.2118971347808838,0.21978092193603516,0.2104949951171875,0.2277078628540039,0.23654389381408691,0.24848103523254395,0.2322530746459961,0.23218011856079102,0.22839117050170898,0.21136188507080078,0.23377203941345215,0.22639107704162598,0.22283291816711426,0.2077469825744629,0.22732305526733398,0.2312791347503662,0.23116087913513184,0.20711326599121094,0.2092301845550537,0.2442622184753418,0.23698091506958008,0.20377802848815918
225,0.2102351188659668,0.21682310104370117,0.21999073028564453,0.2330479621887207,0.21740388870239258,0.21590495109558105,0.22964811325073242,0.23153400421142578,0.2039957046508789,0.22183799743652344,0.20335102081298828,0.224625825881958,0.25081610679626465,0.21094393730163574,0.21723604202270508,0.23254609107971191,0.23007822036743164,0.2473747730255127,0.20608210563659668,0.2496480941772461,0.2094719409942627,0.20995783805847168,0.23317289352416992,0.23334789276123047,0.23361515998840332,0.21472907066345215,0.23603606224060059,0.23441505432128906,0.22516298294067383,0.2310791015625,0.23843097686767578,0.20894503593444824,0.2094571590423584,0.23789215087890625,0.22014379501342773,0.23653483390808105,0.22994399070739746,0.20914101600646973,0.22779393196105957,0.2308039665222168,0.21581006050109863,0.25174617767333984,0.46251893043518066,0.6698610782623291,0.2174220085144043,0.4539320468902588,0.2302858829498291,0.20468997955322266,0.22468185424804688,0.23178791999816895
226,0.23041415214538574,0.23056697845458984,0.2338869571685791,0.20623326301574707,0.21964502334594727,0.2347269058227539,0.2085399627685547,0.21237707138061523,0.2307131290435791,0.20646309852600098,0.20740723609924316,0.23175883293151855,0.4686000347137451,0.22779393196105957,0.24045991897583008,0.23260807991027832,0.2216949462890625,0.20945286750793457,0.23372387886047363,0.2064809799194336,0.20365619659423828,0.23874187469482422,0.22559881210327148,0.20964884757995605,0.20524287223815918,0.24715089797973633,0.23442387580871582,0.20779085159301758,0.22954225540161133,0.22295093536376953,0.2479109764099121,0.24096417427062988,0.2306358814239502,0.23033595085144043,0.20749998092651367,0.2367391586303711,0.22849702835083008,0.23486089706420898,0.47142696380615234,0.22729206085205078,0.24258685111999512,0.2344498634338379,0.885267972946167,0.25130486488342285,0.22324895858764648,0.20564794540405273,0.21075916290283203,0.20556282997131348,0.20717215538024902,0.21117115020751953
227,0.21883606910705566,0.2075507640838623,0.21616268157958984,0.2329397201538086,0.2317948341369629,0.21663475036621094,0.23132586479187012,0.23263907432556152,0.20570111274719238,0.21844482421875,0.24752593040466309,0.21456694602966309,0.20697498321533203,0.23027825355529785,0.20736002922058105,0.48418617248535156,0.23209691047668457,0.20433402061462402,0.4572420120239258,0.23058509826660156,0.23699498176574707,0.25093698501586914,0.22859597206115723,0.24843502044677734,0.23274803161621094,0.23470115661621094,0.24563097953796387,0.24052810668945312,0.20891785621643066,0.23623204231262207,0.23777508735656738,0.2363579273223877,0.2113349437713623,0.2310328483581543,0.25724291801452637,0.24137210845947266,0.20795416831970215,0.22701001167297363,0.229658842086792,0.2091960906982422,0.21030807495117188,0.235015869140625,0.2117769718170166,0.8426620960235596,0.24357986450195312,0.4973440170288086,0.24922418594360352,0.23606371879577637,0.20306730270385742,0.23849105834960938
228,0.20534300804138184,0.24666810035705566,0.23141932487487793,0.21169376373291016,0.21815919876098633,0.2075808048248291,0.22590017318725586,0.2355029582977295,0.21047616004943848,0.21670889854431152,0.2088470458984375,0.21426677703857422,0.4777979850769043,0.2289741039276123,0.23160815238952637,0.21135306358337402,0.21084904670715332,0.22870612144470215,0.2343149185180664,0.2106311321258545,0.22841691970825195,0.23752975463867188,0.43590688705444336,0.24152588844299316,0.2192671298980713,0.20700907707214355,0.20439577102661133,0.24928998947143555,0.23169302940368652,0.23809003829956055,0.23565387725830078,0.2521529197692871,0.2425060272216797,0.21280717849731445,0.22082185745239258,0.21089982986450195,0.2383098602294922,0.2317500114440918,0.2675299644470215,0.23723483085632324,0.23032689094543457,0.21034789085388184,0.23518800735473633,0.25488901138305664,0.20899105072021484,0.2110140323638916,0.22667598724365234,0.20761394500732422,0.21086788177490234,0.22255206108093262
229,0.2293548583984375,0.20996809005737305,0.23427629470825195,0.20393824577331543,0.22060179710388184,0.22012114524841309,0.2267599105834961,0.20791101455688477,0.24954485893249512,0.24597907066345215,0.2334599494934082,0.21731090545654297,0.22964692115783691,0.20765972137451172,0.21118497848510742,0.23916077613830566,0.2050919532775879,0.20689630508422852,0.25644588470458984,0.20545506477355957,0.20963788032531738,0.23595309257507324,0.21999621391296387,0.2236189842224121,0.20925521850585938,0.22937870025634766,0.2183980941772461,0.22945380210876465,0.2401258945465088,0.23230504989624023,0.23726701736450195,0.23610687255859375,0.4660470485687256,0.25095081329345703,0.22044682502746582,0.23882627487182617,0.2359778881072998,0.2246992588043213,0.24025297164916992,0.23427510261535645,0.20953869819641113,0.49219393730163574,0.23732304573059082,0.23759198188781738,0.4819490909576416,0.23499321937561035,0.21418213844299316,0.24858307838439941,0.224686861038208,0.2281351089477539
230,0.20629501342773438,0.23336005210876465,0.20650815963745117,0.2373809814453125,0.21549105644226074,0.22028088569641113,0.20427370071411133,0.2309739589691162,0.23584794998168945,0.23595690727233887,0.23524904251098633,0.21733784675598145,0.26265501976013184,0.2073531150817871,0.20620298385620117,0.22176003456115723,0.21854186058044434,0.21866178512573242,0.23483490943908691,0.24117016792297363,0.2301952838897705,0.23372316360473633,0.23419427871704102,0.21843409538269043,0.22606182098388672,0.2038259506225586,0.22918295860290527,0.20891213417053223,0.24500823020935059,0.23312687873840332,0.2079458236694336,0.23496484756469727,0.21703624725341797,0.2400650978088379,0.21944308280944824,0.24246668815612793,0.2507588863372803,0.2138230800628662,0.22219395637512207,0.23974275588989258,0.20575308799743652,0.49706578254699707,0.24393010139465332,0.22889924049377441,0.20846199989318848,0.2368931770324707,0.24310302734375,0.23972606658935547,0.23041105270385742,0.2048330307006836
231,0.23877191543579102,0.20438194274902344,0.509040117263794,0.46731996536254883,0.24220585823059082,0.23670029640197754,0.208204984664917,0.2057170867919922,0.234389066696167,0.23747491836547852,0.20917916297912598,0.2359790802001953,0.21236491203308105,0.2322099208831787,0.23760604858398438,0.20586919784545898,0.24428105354309082,0.231489896774292,0.23536896705627441,0.2164461612701416,0.2099897861480713,0.20821499824523926,0.22397470474243164,0.20177292823791504,0.22072815895080566,0.22660398483276367,0.23916983604431152,0.23123717308044434,0.2139589786529541,0.23078393936157227,0.24866724014282227,0.23406195640563965,0.21749114990234375,0.23626494407653809,0.22131991386413574,0.22473692893981934,0.23678112030029297,0.20911598205566406,0.22859692573547363,0.20719218254089355,0.24183177947998047,0.23288488388061523,0.24414610862731934,0.24073481559753418,0.23975110054016113,0.5302388668060303,0.22528672218322754,0.23626399040222168,0.20858097076416016,0.20551228523254395
232,0.2446730136871338,0.20485496520996094,0.2238600254058838,0.2287769317626953,0.2535078525543213,0.21145915985107422,0.2049250602722168,0.2474379539489746,0.23935675621032715,0.22801709175109863,0.23772001266479492,0.2162928581237793,0.26076173782348633,0.25152111053466797,0.22211098670959473,0.22628092765808105,0.2065589427947998,0.22101402282714844,0.2361600399017334,0.22259807586669922,0.24477887153625488,0.22259092330932617,0.2125558853149414,0.23323607444763184,0.21464824676513672,0.23399710655212402,0.2562289237976074,0.2128901481628418,0.2298591136932373,0.22669005393981934,0.23838496208190918,0.2065563201904297,0.21051311492919922,0.2303922176361084,0.22559523582458496,0.2593529224395752,0.21065616607666016,0.2118520736694336,0.2102808952331543,0.21810078620910645,0.20811700820922852,0.516258955001831,0.23404383659362793,0.22548985481262207,0.25703907012939453,0.21077799797058105,0.2592329978942871,0.20758295059204102,0.23334503173828125,0.24743127822875977
233,0.21224284172058105,0.24860191345214844,0.48734593391418457,0.2117619514465332,0.22323012351989746,0.2326810359954834,0.2481679916381836,0.21164298057556152,0.2307131290435791,0.20624804496765137,0.20769929885864258,0.2213912010192871,0.20627880096435547,0.2312309741973877,0.2159280776977539,0.25951695442199707,0.23604512214660645,0.21321702003479004,0.23612022399902344,0.21726202964782715,0.20934510231018066,0.2266690731048584,0.22802996635437012,0.23100805282592773,0.2434687614440918,0.24240589141845703,0.21770715713500977,0.242919921875,0.23706698417663574,0.23348712921142578,0.23199009895324707,0.2430717945098877,0.2359941005706787,0.24206089973449707,0.20579195022583008,0.23561501502990723,0.22252893447875977,0.252716064453125,0.49158406257629395,0.22162294387817383,0.23874807357788086,0.24107885360717773,0.2250680923461914,0.21263813972473145,0.7313590049743652,0.22787690162658691,0.22197413444519043,0.21307015419006348,0.20895814895629883,0.20447373390197754
234,0.22640585899353027,0.23413395881652832,0.20657992362976074,0.22991204261779785,0.21657085418701172,0.2057201862335205,0.20773601531982422,0.23055291175842285,0.22103023529052734,0.22707009315490723,0.21671700477600098,0.24260616302490234,0.5013461112976074,0.2115631103515625,0.22206783294677734,0.2088158130645752,0.20467376708984375,0.20290303230285645,0.25940585136413574,0.2268080711364746,0.20471596717834473,0.21139287948608398,0.2118539810180664,0.2118818759918213,0.2102041244506836,0.22845196723937988,0.2247459888458252,0.21105718612670898,0.23997902870178223,0.21450400352478027,0.2396540641784668,0.22487783432006836,0.49374890327453613,0.24293208122253418,0.24419498443603516,0.23327279090881348,0.23214101791381836,0.25382184982299805,0.19410395622253418,0.21694493293762207,0.23473787307739258,0.24484777450561523,0.21299409866333008,0.2413020133972168,0.24244093894958496,0.45357418060302734,0.21959996223449707,0.23069119453430176,0.24630498886108398,0.23285412788391113
235,0.20310306549072266,0.2088942527770996,0.2369709014892578,0.2095811367034912,0.2175590991973877,0.2055809497833252,0.24565672874450684,0.20798301696777344,0.20824098587036133,0.23473787307739258,0.22589993476867676,0.21780705451965332,0.4882991313934326,0.23065924644470215,0.22135329246520996,0.24979186058044434,0.23448705673217773,0.2439591884613037,0.2049698829650879,0.22693514823913574,0.22845911979675293,0.23070502281188965,0.23697519302368164,0.22685790061950684,0.20476412773132324,0.23554730415344238,0.20492076873779297,0.23442792892456055,0.24928617477416992,0.2338240146636963,0.2355039119720459,0.20996713638305664,0.2543060779571533,0.21173667907714844,0.212388277053833,0.2125990390777588,0.2512857913970947,0.21372628211975098,0.2364349365234375,0.23251700401306152,0.23811101913452148,0.5350449085235596,0.2409679889678955,0.2313838005065918,0.2119300365447998,0.22678399085998535,0.21587395668029785,0.21592116355895996,0.20283293724060059,0.20969486236572266
236,0.21524596214294434,0.23245692253112793,0.22525501251220703,0.23929500579833984,0.22079777717590332,0.24605178833007812,0.22685790061950684,0.23098015785217285,0.23197102546691895,0.23606395721435547,0.20997977256774902,0.2406778335571289,0.24310708045959473,0.21064019203186035,0.22904491424560547,0.23412394523620605,0.22315287590026855,0.207474946975708,0.21242022514343262,0.2183549404144287,0.20751619338989258,0.2067241668701172,0.20225787162780762,0.21353912353515625,0.2090768814086914,0.2234058380126953,0.21004605293273926,0.23403310775756836,0.2381291389465332,0.24963903427124023,0.25057411193847656,0.23528718948364258,0.23662495613098145,0.22397494316101074,0.2352619171142578,0.2286529541015625,0.23758506774902344,0.21737384796142578,0.2102971076965332,0.231245756149292,0.24897384643554688,0.20937299728393555,0.24191594123840332,0.2417311668395996,0.44397807121276855,0.2051081657409668,0.20917081832885742,0.23452329635620117,0.21113014221191406,0.23306703567504883
237,0.23314905166625977,0.20749306678771973,0.22895097732543945,0.20244407653808594,0.25833702087402344,0.20975685119628906,0.2214829921722412,0.20986080169677734,0.20848298072814941,0.23947501182556152,0.24528908729553223,0.24473309516906738,0.20498299598693848,0.22358393669128418,0.20439600944519043,0.4996218681335449,0.2206871509552002,0.2336428165435791,0.2281029224395752,0.20659589767456055,0.5042879581451416,0.2475438117980957,0.22089600563049316,0.23981428146362305,0.21674704551696777,0.22533202171325684,0.248154878616333,0.2087407112121582,0.23403096199035645,0.23345589637756348,0.23062801361083984,0.23729681968688965,0.39647483825683594,0.222991943359375,0.25119829177856445,0.2555210590362549,0.2345867156982422,0.2228999137878418,0.22992897033691406,0.23601293563842773,0.22864699363708496,0.48726391792297363,0.2349870204925537,0.23267722129821777,0.46710205078125,0.23096585273742676,0.23397517204284668,0.23367571830749512,0.22977399826049805,0.22312688827514648
238,0.2292940616607666,0.24394583702087402,0.24831295013427734,0.49025797843933105,0.21662473678588867,0.22972798347473145,0.2042088508605957,0.23136591911315918,0.2283949851989746,0.2342367172241211,0.20709609985351562,0.22242116928100586,0.20868301391601562,0.21726322174072266,0.20998477935791016,0.21151518821716309,0.23072576522827148,0.20727801322937012,0.24491405487060547,0.2238626480102539,0.25302791595458984,0.2081749439239502,0.22789406776428223,0.21479105949401855,0.24210500717163086,0.2071239948272705,0.20747089385986328,0.24905085563659668,0.22426700592041016,0.21094393730163574,0.2095320224761963,0.24758291244506836,0.24034810066223145,0.2151167392730713,0.2330338954925537,0.2350752353668213,0.23537302017211914,0.2315998077392578,0.21424579620361328,0.20914626121520996,0.20990991592407227,0.5147571563720703,0.20057892799377441,0.23450899124145508,0.5704600811004639,0.2049558162689209,0.2216169834136963,0.23938393592834473,0.20658302307128906,0.23186898231506348
239,0.21219778060913086,0.2047417163848877,0.2074270248413086,0.2159719467163086,0.2292768955230713,0.20943617820739746,0.3590672016143799,0.2040410041809082,0.22828006744384766,0.2424452304840088,0.22698402404785156,0.21671509742736816,0.24397897720336914,0.2313997745513916,0.2169499397277832,0.4608938694000244,0.20670104026794434,0.23201203346252441,0.22610211372375488,0.2168419361114502,0.23578691482543945,0.205003023147583,0.20665764808654785,0.20204520225524902,0.20888710021972656,0.2386617660522461,0.23973393440246582,0.23435688018798828,0.21294426918029785,0.235853910446167,0.2347700595855713,0.4104881286621094,0.23137307167053223,0.23723316192626953,0.22762393951416016,0.23666000366210938,0.2311258316040039,0.20983314514160156,0.22518491744995117,0.23132610321044922,0.20605683326721191,0.5026431083679199,0.2204270362854004,0.24993324279785156,0.20820093154907227,0.20844817161560059,0.21601414680480957,0.2464618682861328,0.21939325332641602,0.2030961513519287
240,0.22876214981079102,0.21223187446594238,0.26447319984436035,0.22715473175048828,0.2438340187072754,0.2313532829284668,0.21672773361206055,0.20480680465698242,0.23101592063903809,0.2294902801513672,0.20574593544006348,0.219743013381958,0.2124779224395752,0.24340009689331055,0.21666693687438965,0.21599531173706055,0.23237276077270508,0.22587895393371582,0.21864676475524902,0.24255704879760742,0.23216724395751953,0.23212385177612305,0.24879097938537598,0.22567009925842285,0.2314929962158203,0.20669913291931152,0.23104596138000488,0.24320220947265625,0.2276320457458496,0.2305619716644287,0.24213790893554688,0.21268272399902344,0.25351405143737793,0.21706795692443848,0.21180272102355957,0.23709607124328613,0.22640275955200195,0.21612119674682617,0.22705388069152832,0.2556428909301758,0.23113584518432617,0.2697310447692871,0.22041702270507812,0.19596004486083984,0.2602119445800781,0.2319629192352295,0.22889184951782227,0.20917606353759766,0.23019123077392578,0.20728182792663574
241,0.21201515197753906,0.23059821128845215,0.2088170051574707,0.5578820705413818,0.21845793724060059,0.22627711296081543,0.20302891731262207,0.2294149398803711,0.20322895050048828,0.20665979385375977,0.21453499794006348,0.23406386375427246,0.2315220832824707,0.22022128105163574,0.24837398529052734,0.22460412979125977,0.22633576393127441,0.2264258861541748,0.21073412895202637,0.20668888092041016,0.2097930908203125,0.23079419136047363,0.20862889289855957,0.21430397033691406,0.2085111141204834,0.24882268905639648,0.23588299751281738,0.23345613479614258,0.2300701141357422,0.2552781105041504,0.24954795837402344,0.21957707405090332,0.2359161376953125,0.22008895874023438,0.24855494499206543,0.22870969772338867,0.24043512344360352,0.2313241958618164,0.2046051025390625,0.2321758270263672,0.23023295402526855,0.23639488220214844,0.22974395751953125,0.251270055770874,0.21294403076171875,0.21120095252990723,0.24061799049377441,0.23548603057861328,0.21947073936462402,0.2330029010772705
242,0.21894097328186035,0.23815321922302246,0.26286792755126953,0.21064424514770508,0.23626017570495605,0.2254178524017334,0.23046398162841797,0.2248530387878418,0.20998477935791016,0.22914481163024902,0.2449500560760498,0.21572494506835938,0.23576116561889648,0.23668622970581055,0.2327408790588379,0.215684175491333,0.22881197929382324,0.2026958465576172,0.2457139492034912,0.23117899894714355,0.23366093635559082,0.23354792594909668,0.22975492477416992,0.24050092697143555,0.22901177406311035,0.20620012283325195,0.2283031940460205,0.23440217971801758,0.2425222396850586,0.23563098907470703,0.2370598316192627,0.23334980010986328,0.23569583892822266,0.21788287162780762,0.2389669418334961,0.2508978843688965,0.22170495986938477,0.22728776931762695,0.23174476623535156,0.24152278900146484,0.22232818603515625,0.2501537799835205,0.24583101272583008,0.23813772201538086,0.23897290229797363,0.22773504257202148,0.2462000846862793,0.2384202480316162,0.2038278579711914,0.22402310371398926
243,0.22668886184692383,0.2534620761871338,0.23725605010986328,0.46976208686828613,0.24403786659240723,0.2069709300994873,0.22603917121887207,0.23269104957580566,0.24004197120666504,0.21032500267028809,0.2059788703918457,0.24288487434387207,0.2229008674621582,0.2118229866027832,0.21007108688354492,0.2278752326965332,0.2100071907043457,0.22370409965515137,0.20522189140319824,0.21173882484436035,0.22046208381652832,0.21984505653381348,0.20428109169006348,0.21601319313049316,0.2205371856689453,0.23172593116760254,0.21818113327026367,0.25191617012023926,0.22242093086242676,0.23642396926879883,0.23433303833007812,0.24857187271118164,0.22828888893127441,0.21141600608825684,0.24570798873901367,0.21288180351257324,0.21729469299316406,0.2326960563659668,0.6679990291595459,0.23402905464172363,0.21993207931518555,0.2424769401550293,0.24430298805236816,0.22405099868774414,0.21678805351257324,0.47095489501953125,0.22872090339660645,0.23199224472045898,0.20758986473083496,0.23220086097717285
244,0.21350979804992676,0.2340238094329834,0.23449325561523438,0.23331379890441895,0.22767210006713867,0.23733305931091309,0.22084522247314453,0.2064809799194336,0.24618983268737793,0.2309093475341797,0.23474931716918945,0.23948311805725098,0.4504671096801758,0.20826506614685059,0.22303986549377441,0.24033808708190918,0.20589494705200195,0.2074260711669922,0.4580538272857666,0.20537710189819336,0.23274016380310059,0.22317910194396973,0.20905494689941406,0.2309432029724121,0.20629215240478516,0.2114272117614746,0.22806787490844727,0.23359417915344238,0.2165508270263672,0.22796106338500977,0.22838473320007324,0.2319040298461914,0.2099592685699463,0.2542409896850586,0.22393298149108887,0.23711514472961426,0.22576117515563965,0.2164151668548584,0.2271261215209961,0.23455476760864258,0.2250659465789795,0.21082186698913574,0.20489192008972168,0.22033905982971191,0.24305486679077148,0.4614830017089844,0.21266579627990723,0.25490880012512207,0.22099995613098145,0.20383405685424805
245,0.22784805297851562,0.20648503303527832,0.20876383781433105,0.2245471477508545,0.2150130271911621,0.20790982246398926,0.2200167179107666,0.23346686363220215,0.2325758934020996,0.2249295711517334,0.20631098747253418,0.22127985954284668,0.22881698608398438,0.22319889068603516,0.2042832374572754,0.24480605125427246,0.21622681617736816,0.21942400932312012,0.23291683197021484,0.23823094367980957,0.20878911018371582,0.21168804168701172,0.24409127235412598,0.23406481742858887,0.2340688705444336,0.208543062210083,0.2108910083770752,0.2130579948425293,0.2380819320678711,0.21201014518737793,0.21019530296325684,0.2073822021484375,0.22774910926818848,0.2401580810546875,0.24710893630981445,0.23371219635009766,0.25675106048583984,0.22431373596191406,0.2098989486694336,0.24793410301208496,0.20458197593688965,0.2115640640258789,0.23688292503356934,0.21339011192321777,0.2060847282409668,0.3135380744934082,0.24487709999084473,0.23403596878051758,0.23256921768188477,0.2325758934020996
246,0.2080230712890625,0.20797085762023926,0.2280731201171875,0.2019960880279541,0.24704790115356445,0.24646496772766113,0.22486615180969238,0.20623993873596191,0.21219706535339355,0.2301959991455078,0.2289881706237793,0.2609291076660156,0.2250359058380127,0.2203810214996338,0.24097824096679688,0.20581984519958496,0.22808003425598145,0.2303621768951416,0.20702505111694336,0.22170805931091309,0.23036623001098633,0.20645713806152344,0.21814703941345215,0.2072131633758545,0.20657896995544434,0.22931289672851562,0.2346208095550537,0.2147839069366455,0.20603704452514648,0.24975204467773438,0.2562859058380127,0.24146294593811035,0.22578001022338867,0.23541903495788574,0.22226905822753906,0.23798894882202148,0.23583722114562988,0.20714330673217773,0.29942798614501953,0.2089848518371582,0.24645090103149414,0.20790672302246094,0.23654985427856445,0.5240509510040283,0.23326325416564941,0.20955538749694824,0.22583293914794922,0.23593997955322266,0.21335506439208984,0.20278310775756836
247,0.24854326248168945,0.2265310287475586,0.22214698791503906,0.22930097579956055,0.23315191268920898,0.20918989181518555,0.20733070373535156,0.20615601539611816,0.22335004806518555,0.2318108081817627,0.22011375427246094,0.22980499267578125,0.4688599109649658,0.2381267547607422,0.20975017547607422,0.24576902389526367,0.23339200019836426,0.21452903747558594,0.23369812965393066,0.21464204788208008,0.2122030258178711,0.23256397247314453,0.21925711631774902,0.24767208099365234,0.23753094673156738,0.2328171730041504,0.25003695487976074,0.23122882843017578,0.21180415153503418,0.23985791206359863,0.23385310173034668,0.2333977222442627,0.21326494216918945,0.23755431175231934,0.23233270645141602,0.24476885795593262,0.20821809768676758,0.2675158977508545,0.23815608024597168,0.23669886589050293,0.22046995162963867,0.5060322284698486,0.23008203506469727,0.4473271369934082,0.22330307960510254,0.22305893898010254,0.2603631019592285,0.2091050148010254,0.2271709442138672,0.22475910186767578
248,0.2073228359222412,0.22875189781188965,0.20553016662597656,0.21779298782348633,0.21942996978759766,0.23055195808410645,0.20274877548217773,0.23278570175170898,0.20570969581604004,0.20772790908813477,0.21073508262634277,0.23959565162658691,0.23538684844970703,0.2084660530090332,0.2305312156677246,0.2052600383758545,0.21915102005004883,0.22434091567993164,0.2361907958984375,0.22879528999328613,0.21951985359191895,0.2352619171142578,0.22679400444030762,0.211928129196167,0.24755501747131348,0.2420330047607422,0.20843982696533203,0.22484397888183594,0.23279285430908203,0.23830008506774902,0.23797821998596191,0.2515850067138672,0.22754216194152832,0.23261690139770508,0.2383418083190918,0.24228501319885254,0.22589492797851562,0.23917007446289062,0.2330939769744873,0.23883390426635742,0.2152400016784668,0.24059700965881348,0.21082305908203125,0.23258709907531738,0.20442795753479004,0.2182457447052002,0.22919297218322754,0.2327888011932373,0.20715689659118652,0.2356400489807129
249,0.20308780670166016,0.22973179817199707,0.23132586479187012,0.23880982398986816,0.21537303924560547,0.21121883392333984,0.24615812301635742,0.2056281566619873,0.2272188663482666,0.23993587493896484,0.23110175132751465,0.21678495407104492,0.21569585800170898,0.23310494422912598,0.21000218391418457,0.7904767990112305,0.22757911682128906,0.20418119430541992,0.25046491622924805,0.20846080780029297,0.22846603393554688,0.235490083694458,0.20788192749023438,0.2246861457824707,0.20972514152526855,0.2285170555114746,0.22462725639343262,0.22951197624206543,0.23792219161987305,0.2266249656677246,0.2367851734161377,0.23935508728027344,0.24073004722595215,0.24410605430603027,0.22248506546020508,0.23376679420471191,0.21800708770751953,0.21616220474243164,0.2137899398803711,0.23295998573303223,0.23286795616149902,0.5125899314880371,0.2355968952178955,0.20701289176940918,0.22435903549194336,0.5069408416748047,0.24060797691345215,0.25257420539855957,0.23938941955566406,0.2336900234222412
250,0.2331998348236084,0.206773042678833,0.23584699630737305,0.21319293975830078,0.22098684310913086,0.2053203582763672,0.20956182479858398,0.2317969799041748,0.2335500717163086,0.250089168548584,0.2088310718536377,0.2241809368133545,0.22839713096618652,0.20769786834716797,0.23275113105773926,0.5173101425170898,0.20538997650146484,0.22605490684509277,0.23228001594543457,0.2461709976196289,0.2362990379333496,0.20497798919677734,0.22515511512756348,0.21352481842041016,0.205535888671875,0.20585870742797852,0.20563030242919922,0.209852933883667,0.252734899520874,0.24252605438232422,0.2342381477355957,0.23441267013549805,0.24814414978027344,0.21097302436828613,0.22615408897399902,0.2114412784576416,0.23430514335632324,0.21485209465026855,0.2238609790802002,0.25393009185791016,0.23513197898864746,0.2368922233581543,0.25189685821533203,0.23753094673156738,0.4573178291320801,0.4276418685913086,1.0048890113830566,0.23872995376586914,0.20288896560668945,0.2091681957244873
251,0.20648694038391113,0.23096108436584473,0.25275087356567383,0.2589139938354492,0.21742796897888184,0.24310803413391113,0.2096998691558838,0.21081113815307617,0.23362517356872559,0.23873519897460938,0.23273301124572754,0.2601463794708252,0.20465612411499023,0.20685386657714844,0.22560620307922363,0.21666193008422852,0.20543718338012695,0.23154211044311523,0.450671911239624,0.20874595642089844,0.20772814750671387,0.23065972328186035,0.22275209426879883,0.23108887672424316,0.22142505645751953,0.24830317497253418,0.21917414665222168,0.23147320747375488,0.23392200469970703,0.25216007232666016,0.25023913383483887,0.23241090774536133,0.20955681800842285,0.23775482177734375,0.2438652515411377,0.23415112495422363,0.22411894798278809,0.22594618797302246,0.22620391845703125,0.23304033279418945,0.25055813789367676,0.48743605613708496,1.1707398891448975,0.7387869358062744,0.22770285606384277,0.22352981567382812,0.4577748775482178,0.23435592651367188,0.2214982509613037,0.23382091522216797
252,0.2195889949798584,0.2072587013244629,0.24076628684997559,0.45467686653137207,0.2314000129699707,0.20917892456054688,0.24272513389587402,0.2299189567565918,0.20911502838134766,0.23430395126342773,0.2244119644165039,0.23099899291992188,0.4860968589782715,0.23335886001586914,0.20351791381835938,0.23048186302185059,0.24968791007995605,0.2073650360107422,0.22396302223205566,0.2097148895263672,0.25943493843078613,0.22793126106262207,0.2123100757598877,0.2519490718841553,0.22766995429992676,0.20484399795532227,0.23103070259094238,0.20325994491577148,0.21019387245178223,0.2276449203491211,0.21050381660461426,0.2084660530090332,0.2318739891052246,0.2076258659362793,0.24357104301452637,0.24965810775756836,0.20991897583007812,0.21341609954833984,0.20642304420471191,0.2324841022491455,0.22571706771850586,0.5213088989257812,0.25549793243408203,0.27433276176452637,0.2045910358428955,0.2315840721130371,0.22860074043273926,0.23480916023254395,0.23203516006469727,0.20623421669006348
253,0.22877001762390137,0.23887419700622559,0.4690580368041992,0.20560002326965332,0.21469593048095703,0.23200511932373047,0.20802998542785645,0.20445871353149414,0.23016786575317383,0.8618350028991699,0.2309119701385498,0.23819279670715332,0.20788097381591797,0.23231720924377441,0.2163848876953125,0.2372748851776123,0.23305392265319824,0.2351999282836914,0.21859097480773926,0.2195451259613037,0.22527003288269043,0.2276020050048828,0.23259401321411133,0.2230541706085205,0.22408390045166016,0.20818209648132324,0.22949504852294922,0.22342205047607422,0.20615482330322266,0.21045398712158203,0.22226905822753906,0.23182201385498047,0.2355179786682129,0.23344087600708008,0.2400197982788086,0.23828816413879395,0.23011207580566406,0.2375199794769287,0.222761869430542,0.2092287540435791,0.21039700508117676,0.7144362926483154,0.23090672492980957,0.23285388946533203,0.24435210227966309,0.2276170253753662,0.22164225578308105,0.23569917678833008,0.23285913467407227,0.20447897911071777
254,0.21638178825378418,0.2038569450378418,0.2241499423980713,0.2201390266418457,0.2175731658935547,0.2051410675048828,0.23278069496154785,0.2091960906982422,0.2294473648071289,0.25354599952697754,0.20305085182189941,0.2326650619506836,0.22632288932800293,0.2357320785522461,0.2378377914428711,0.206298828125,0.21582889556884766,0.20460891723632812,0.2550051212310791,0.22191214561462402,0.23166990280151367,0.20434212684631348,0.20324420928955078,0.20783495903015137,0.2296457290649414,0.23254704475402832,0.20568180084228516,0.2320878505706787,0.22027873992919922,0.23511385917663574,0.2321779727935791,0.22736692428588867,0.21141290664672852,0.25278496742248535,0.21430397033691406,0.22803568840026855,0.20367431640625,0.20957493782043457,0.23243093490600586,0.2405228614807129,0.21203207969665527,0.5131468772888184,0.8348941802978516,0.2109067440032959,0.44835400581359863,0.2118971347808838,0.5038838386535645,0.24814629554748535,0.22929978370666504,0.24625682830810547
255,0.22678208351135254,0.2241981029510498,0.22807908058166504,0.23888111114501953,0.21675324440002441,0.23452186584472656,0.18831992149353027,0.2324542999267578,0.21918582916259766,0.23485112190246582,0.20392394065856934,0.23722171783447266,0.22149300575256348,0.20835518836975098,0.2310352325439453,0.23142504692077637,0.22094416618347168,0.22107696533203125,0.2703731060028076,0.22818827629089355,0.2093801498413086,0.2079930305480957,0.5004620552062988,0.2173449993133545,0.2091667652130127,0.20607781410217285,0.23296093940734863,0.20399904251098633,0.24383926391601562,0.20569968223571777,0.23553729057312012,0.22156214714050293,0.23666882514953613,0.24603700637817383,0.22641801834106445,0.24238109588623047,0.22525811195373535,0.21384596824645996,0.20728802680969238,0.2507338523864746,0.2339169979095459,0.236403226852417,0.23035287857055664,0.6691961288452148,0.2523820400238037,0.517765998840332,0.2385261058807373,0.20994114875793457,0.22461795806884766,0.2047557830810547
256,0.20843505859375,0.22233295440673828,0.2046060562133789,0.20598793029785156,0.2199108600616455,0.2226543426513672,0.44298696517944336,0.23414397239685059,0.2118527889251709,0.23526668548583984,0.2310960292816162,0.23906588554382324,0.4942939281463623,0.2319779396057129,0.22647905349731445,0.28029799461364746,0.2193300724029541,0.2031569480895996,0.23459506034851074,0.23517394065856934,0.20386290550231934,0.23749685287475586,0.21459579467773438,0.22990822792053223,0.2304677963256836,0.24936890602111816,0.2323472499847412,0.20544195175170898,0.24210882186889648,0.25867605209350586,0.253032922744751,0.22528481483459473,0.22669005393981934,0.21010804176330566,0.21932482719421387,0.2341480255126953,0.23162198066711426,0.23112988471984863,0.2226088047027588,0.2319037914276123,0.2482459545135498,0.5190179347991943,0.23918986320495605,0.23420000076293945,0.2349550724029541,0.21121907234191895,0.5146791934967041,0.2299199104309082,0.21151518821716309,0.2353222370147705
257,0.21948790550231934,0.2112140655517578,0.22739601135253906,0.5079407691955566,0.23366618156433105,0.20830416679382324,0.35561299324035645,0.2094588279724121,0.21189284324645996,0.20737719535827637,0.2226390838623047,0.2171492576599121,0.23138093948364258,0.22393393516540527,0.2309110164642334,0.3064229488372803,0.23536205291748047,0.22822904586791992,0.21197891235351562,0.2343449592590332,0.2332899570465088,0.24920201301574707,0.20736193656921387,0.25301504135131836,0.2050917148590088,0.2057969570159912,0.22143077850341797,0.23890280723571777,0.23328208923339844,0.2200000286102295,0.23253083229064941,0.20812177658081055,0.23619580268859863,0.20798182487487793,0.2330930233001709,0.23969721794128418,0.20961833000183105,0.2304220199584961,0.22248220443725586,0.23879599571228027,0.24121975898742676,0.23121094703674316,0.23567414283752441,0.23052716255187988,0.23697805404663086,0.2078399658203125,0.2509739398956299,0.21234917640686035,0.20235085487365723,0.2062060832977295
258,0.23090791702270508,0.24685907363891602,0.20974302291870117,0.2332901954650879,0.21937894821166992,0.2174232006072998,0.20294785499572754,0.23208189010620117,0.23002910614013672,0.24033188819885254,0.23323798179626465,0.24532389640808105,0.22343993186950684,0.22871184349060059,0.2348170280456543,0.20714783668518066,0.2125687599182129,0.21130895614624023,0.21155095100402832,0.22667622566223145,0.24563884735107422,0.20616793632507324,0.21094393730163574,0.23969602584838867,0.2246263027191162,0.2294938564300537,0.20609378814697266,0.25028514862060547,0.23797821998596191,0.2192981243133545,0.2367539405822754,0.23155927658081055,0.20907902717590332,0.23109984397888184,0.22071099281311035,0.21440792083740234,0.22868084907531738,0.2992269992828369,0.2353227138519287,0.23802518844604492,0.2341160774230957,0.2627601623535156,0.23703813552856445,0.5412449836730957,0.25127196311950684,0.21921682357788086,0.22869110107421875,0.23398303985595703,0.22934913635253906,0.23769497871398926
259,0.20729589462280273,0.2072288990020752,0.23374724388122559,0.22098207473754883,0.21748971939086914,0.22327208518981934,0.4777829647064209,0.2075037956237793,0.22330212593078613,0.24677109718322754,0.20601797103881836,0.22359085083007812,0.47722411155700684,0.20580410957336426,0.20344185829162598,0.2357470989227295,0.2045590877532959,0.23031973838806152,0.20907115936279297,0.20505762100219727,0.2091987133026123,0.2323141098022461,0.23302507400512695,0.2335190773010254,0.2315359115600586,0.2096238136291504,0.2348320484161377,0.22616100311279297,0.23027992248535156,0.21712327003479004,0.23239398002624512,0.2254047393798828,0.2188127040863037,0.25911974906921387,0.2462329864501953,0.23933005332946777,0.21366620063781738,0.21594500541687012,0.21527385711669922,0.23006176948547363,0.22517800331115723,0.21057891845703125,0.23372101783752441,0.47321414947509766,0.5163059234619141,0.2207927703857422,0.23470497131347656,0.24967503547668457,0.22263693809509277,0.24767708778381348
260,0.23691606521606445,0.2312939167022705,0.2505459785461426,0.22000789642333984,0.21542596817016602,0.2276158332824707,0.2639627456665039,0.2057209014892578,0.22375869750976562,0.24001216888427734,0.23532629013061523,0.21712517738342285,0.4910318851470947,0.23503494262695312,0.2083430290222168,0.24695611000061035,0.22940587997436523,0.2239549160003662,0.244401216506958,0.2407989501953125,0.23283886909484863,0.20940589904785156,0.22322726249694824,0.227492094039917,0.20732903480529785,0.2062079906463623,0.20846962928771973,0.20754218101501465,0.2505779266357422,0.20568299293518066,0.20851492881774902,0.2023780345916748,0.24392986297607422,0.22179412841796875,0.23024582862854004,0.23898696899414062,0.24370574951171875,0.2186119556427002,0.20562505722045898,0.22534394264221191,0.21228790283203125,0.5177640914916992,0.20928597450256348,0.20652008056640625,0.5031423568725586,0.20310521125793457,0.24396491050720215,0.23735618591308594,0.20187115669250488,0.20970606803894043
261,0.23175668716430664,0.2039799690246582,0.2087230682373047,0.23218798637390137,0.2458498477935791,0.22284913063049316,0.48232221603393555,0.23131299018859863,0.21923303604125977,0.2345120906829834,0.205610990524292,0.23247885704040527,0.23670196533203125,0.21010589599609375,0.24534296989440918,0.20447206497192383,0.20744872093200684,0.23426318168640137,0.21297478675842285,0.20959711074829102,0.20811700820922852,0.20437002182006836,0.23173999786376953,0.20972299575805664,0.24115896224975586,0.24643898010253906,0.23522400856018066,0.21053814888000488,0.21767401695251465,0.2341310977935791,0.2523691654205322,0.22556114196777344,0.21270298957824707,0.2180187702178955,0.22958111763000488,0.23451900482177734,0.20905590057373047,0.21025681495666504,0.23102378845214844,0.23990726470947266,0.24945592880249023,0.2392106056213379,0.5008611679077148,0.22964000701904297,0.20917606353759766,0.21594476699829102,0.2589428424835205,0.23209500312805176,0.2354128360748291,0.2081890106201172
262,0.22817111015319824,0.20844507217407227,0.25952696800231934,0.20807504653930664,0.24295878410339355,0.23167634010314941,0.24483370780944824,0.20743298530578613,0.22209572792053223,0.23796701431274414,0.22443222999572754,0.22220587730407715,0.2225971221923828,0.23851275444030762,0.2131340503692627,0.21373486518859863,0.25002098083496094,0.2357480525970459,0.22896385192871094,0.23381304740905762,0.23214435577392578,0.23891377449035645,0.20758485794067383,0.22086310386657715,0.22038984298706055,0.20750689506530762,0.2502739429473877,0.23220133781433105,0.22191905975341797,0.2214210033416748,0.23848867416381836,0.22645187377929688,0.23296523094177246,0.23142600059509277,0.23082399368286133,0.25174903869628906,0.20513296127319336,0.2188708782196045,0.22773027420043945,0.23551201820373535,0.21138906478881836,0.23607182502746582,0.8182599544525146,0.21674013137817383,0.5018999576568604,0.2402951717376709,0.23684191703796387,0.20819902420043945,0.20998215675354004,0.2215409278869629
263,0.22841787338256836,0.24777817726135254,0.36986708641052246,0.22347497940063477,0.24283313751220703,0.20732808113098145,0.2061600685119629,0.24709200859069824,0.20582103729248047,0.23554682731628418,0.2228379249572754,0.24202489852905273,0.21509289741516113,0.23003602027893066,0.2299649715423584,0.22474217414855957,0.20487403869628906,0.20318007469177246,0.20956182479858398,0.23565125465393066,0.2252058982849121,0.2310178279876709,0.23216009140014648,0.20752501487731934,0.24271202087402344,0.2231769561767578,0.23996686935424805,0.22501111030578613,0.24686813354492188,0.21599483489990234,0.23404526710510254,0.20564508438110352,0.23375892639160156,0.2355489730834961,0.23678922653198242,0.23491811752319336,0.22813200950622559,0.24013113975524902,0.2437911033630371,0.23260712623596191,0.23757314682006836,0.23818612098693848,0.2473738193511963,0.23644590377807617,0.25124597549438477,0.22537994384765625,0.26062893867492676,0.23875808715820312,0.22755122184753418,0.21610403060913086
264,0.20534586906433105,0.2080860137939453,0.4873230457305908,0.22720003128051758,0.2264699935913086,0.22737693786621094,0.2342090606689453,0.20949673652648926,0.22597599029541016,0.24712204933166504,0.22133708000183105,0.2157890796661377,0.22865509986877441,0.23383092880249023,0.20789408683776855,0.21684765815734863,0.23395824432373047,0.2039499282836914,0.22942781448364258,0.20805096626281738,0.20386099815368652,0.2306809425354004,0.20319199562072754,0.23278284072875977,0.23470377922058105,0.2265479564666748,0.20868992805480957,0.23546504974365234,0.2282421588897705,0.23103094100952148,0.23877286911010742,0.21853089332580566,0.23799395561218262,0.23419475555419922,0.23890995979309082,0.23045086860656738,0.20819592475891113,0.232496976852417,0.23941802978515625,0.23939085006713867,0.23313617706298828,0.5293371677398682,0.25348806381225586,0.23732566833496094,0.2052457332611084,0.20690512657165527,0.28408384323120117,0.5023407936096191,0.21812677383422852,0.2455298900604248
265,0.23444390296936035,0.23177790641784668,0.4874410629272461,0.22452902793884277,0.23976707458496094,0.20389294624328613,0.44200801849365234,0.22989106178283691,0.23273992538452148,0.20975399017333984,0.21194863319396973,0.22506213188171387,0.2195758819580078,0.20934724807739258,0.2261359691619873,0.23910999298095703,0.21028876304626465,0.2441110610961914,0.20703697204589844,0.24640512466430664,0.21799492835998535,0.20930790901184082,0.22034096717834473,0.2379159927368164,0.20556306838989258,0.21350502967834473,0.21410107612609863,0.22896718978881836,0.25103306770324707,0.2062067985534668,0.23441004753112793,0.20343518257141113,0.22603583335876465,0.21017813682556152,0.23145389556884766,0.21338915824890137,0.250913143157959,0.21892929077148438,0.22812986373901367,0.25032877922058105,0.2331218719482422,0.24753904342651367,0.530095100402832,0.22307825088500977,0.2325906753540039,0.48609209060668945,0.23670578002929688,0.24795222282409668,0.207780122756958,0.23333001136779785
266,0.2103879451751709,0.21033215522766113,0.23080706596374512,0.26147913932800293,0.22867703437805176,0.2320849895477295,0.2062220573425293,0.20749902725219727,0.20733404159545898,0.2512688636779785,0.23328733444213867,0.23287725448608398,0.20735692977905273,0.2086479663848877,0.2345881462097168,0.21033811569213867,0.20690512657165527,0.20909976959228516,0.22548723220825195,0.2059037685394287,0.2602839469909668,0.23409795761108398,0.2042369842529297,0.23713207244873047,0.23689508438110352,0.23708200454711914,0.23038530349731445,0.21146869659423828,0.2405381202697754,0.24885797500610352,0.24414396286010742,0.20725011825561523,0.4538571834564209,0.22860383987426758,0.2404317855834961,0.23742222785949707,0.23741722106933594,0.2180931568145752,0.23099207878112793,0.23465323448181152,0.2489299774169922,0.20957016944885254,0.22364521026611328,0.25406789779663086,0.22493886947631836,0.2364039421081543,0.23091816902160645,0.23855996131896973,0.22098803520202637,0.2140212059020996
267,0.24616503715515137,0.22981595993041992,0.20824193954467773,0.23462986946105957,0.23251700401306152,0.2263169288635254,0.23627877235412598,0.20588183403015137,0.23473191261291504,0.22773408889770508,0.24924492835998535,0.21656489372253418,0.2137598991394043,0.23444509506225586,0.20490503311157227,0.22995305061340332,0.2316148281097412,0.2340250015258789,0.2272348403930664,0.20568084716796875,0.208143949508667,0.25032997131347656,0.23465299606323242,0.24840903282165527,0.2057809829711914,0.20546293258666992,0.22632694244384766,0.20499372482299805,0.23053288459777832,0.20686006546020508,0.20751595497131348,0.20201325416564941,0.24766016006469727,0.2413170337677002,0.2408597469329834,0.25090718269348145,0.23591303825378418,0.2196338176727295,0.2127528190612793,0.23119020462036133,0.20901989936828613,0.22222375869750977,0.2525818347930908,0.47275400161743164,0.23334693908691406,0.2313549518585205,0.50895094871521,0.2345900535583496,0.22131109237670898,0.22639083862304688
268,0.2090439796447754,0.22197389602661133,0.23794317245483398,0.20572376251220703,0.24018216133117676,0.21215176582336426,0.2287759780883789,0.2458198070526123,0.23481225967407227,0.2183828353881836,0.21069812774658203,0.22009801864624023,0.21596598625183105,0.22723674774169922,0.2126610279083252,0.20990705490112305,0.23311710357666016,0.2045888900756836,0.20854401588439941,0.23059725761413574,0.23423075675964355,0.20936298370361328,0.20793390274047852,0.21924877166748047,0.25095319747924805,0.2122049331665039,0.23009681701660156,0.24327826499938965,0.21765398979187012,0.20538020133972168,0.21341991424560547,0.23293113708496094,0.23429489135742188,0.23648905754089355,0.24442100524902344,0.23408079147338867,0.23263001441955566,0.23199009895324707,0.24599480628967285,0.21162819862365723,0.23718595504760742,0.22618508338928223,0.8761951923370361,0.2065410614013672,0.2649998664855957,0.22771596908569336,0.20622897148132324,0.23663616180419922,0.22434020042419434,0.20332980155944824
269,0.2301928997039795,0.21634721755981445,0.21188092231750488,0.23286008834838867,0.23655080795288086,0.22483110427856445,0.20802879333496094,0.20654606819152832,0.24870514869689941,0.21793699264526367,0.20499396324157715,0.24516010284423828,0.49049901962280273,0.20831990242004395,0.23325204849243164,0.20610690116882324,0.23166298866271973,0.2067091464996338,0.23403477668762207,0.23978090286254883,0.20580005645751953,0.20557904243469238,0.23239779472351074,0.2146010398864746,0.2397770881652832,0.234757661819458,0.20857000350952148,0.21175289154052734,0.22271513938903809,0.23590993881225586,0.22442007064819336,0.22986912727355957,0.23511719703674316,0.24984478950500488,0.21592283248901367,0.23848795890808105,0.2086350917816162,0.20952510833740234,0.2131040096282959,0.23778486251831055,0.23645687103271484,0.24098587036132812,0.23537302017211914,0.24010705947875977,0.20980095863342285,0.2191019058227539,0.46712207794189453,0.22925090789794922,0.2230677604675293,0.22359490394592285
270,0.21178293228149414,0.23529505729675293,0.23163294792175293,0.4881629943847656,0.23074698448181152,0.21471118927001953,0.49283313751220703,0.2334117889404297,0.21040081977844238,0.22659897804260254,0.22043490409851074,0.2312941551208496,0.4554159641265869,0.23360705375671387,0.2047281265258789,0.24746274948120117,0.2118079662322998,0.24324297904968262,0.23473620414733887,0.2526838779449463,0.23275184631347656,0.22417521476745605,0.22499465942382812,0.2159137725830078,0.2380218505859375,0.24273109436035156,0.231781005859375,0.23311185836791992,0.22853517532348633,0.23751497268676758,0.21591496467590332,0.22020196914672852,0.5425348281860352,0.23751115798950195,0.2201700210571289,0.2284400463104248,0.24436187744140625,0.26657772064208984,0.26388096809387207,0.25009703636169434,0.23961305618286133,0.25214624404907227,0.5269677639007568,0.23943185806274414,0.23794913291931152,0.493419885635376,0.5398390293121338,0.22747325897216797,0.20273900032043457,0.2333240509033203
271,0.20480680465698242,0.23357009887695312,0.21646690368652344,0.3387467861175537,0.24158787727355957,0.2346632480621338,0.2255539894104004,0.23753881454467773,0.21003508567810059,0.25284814834594727,0.2293088436126709,0.24744677543640137,0.45552492141723633,0.23731303215026855,0.24759697914123535,0.23522686958312988,0.22656989097595215,0.20305895805358887,0.25311923027038574,0.23519587516784668,0.22538304328918457,0.22812223434448242,0.2274010181427002,0.23302674293518066,0.2276771068572998,0.24452614784240723,0.20378684997558594,0.24002504348754883,0.23153090476989746,0.24771618843078613,0.23511505126953125,0.2163858413696289,0.22530198097229004,0.22743821144104004,0.21863675117492676,0.2336292266845703,0.21072697639465332,0.24843215942382812,0.20925188064575195,0.23765087127685547,0.24888873100280762,0.23315906524658203,0.2394411563873291,0.23636507987976074,0.2344372272491455,0.22534608840942383,0.49844789505004883,0.23640108108520508,0.2296297550201416,0.20421504974365234
272,0.24234509468078613,0.2086501121520996,0.23726224899291992,0.26304101943969727,0.23697304725646973,0.20544004440307617,0.20811200141906738,0.20928716659545898,0.21777796745300293,0.20828795433044434,0.22141504287719727,0.21766018867492676,0.20754361152648926,0.2499399185180664,0.20977473258972168,0.20811915397644043,0.236494779586792,0.21203398704528809,0.2335669994354248,0.23627591133117676,0.20463991165161133,0.24858593940734863,0.2029399871826172,0.24952912330627441,0.21359586715698242,0.20566797256469727,0.22010278701782227,0.2348167896270752,0.23755121231079102,0.2410750389099121,0.22869300842285156,0.22210478782653809,0.38776612281799316,0.21275973320007324,0.22896313667297363,0.22981882095336914,0.23000502586364746,0.2269439697265625,0.2231612205505371,0.23576092720031738,0.23624014854431152,0.2381281852722168,0.23162293434143066,0.2457258701324463,0.2219829559326172,0.2300870418548584,0.2279338836669922,0.2666592597961426,0.20284223556518555,0.20573711395263672
273,0.20590829849243164,0.24898791313171387,0.24914121627807617,0.2057783603668213,0.21605610847473145,0.21722197532653809,0.20295190811157227,0.24381494522094727,0.23266267776489258,0.23626017570495605,0.23113203048706055,0.2367410659790039,0.21877694129943848,0.20685505867004395,0.2328929901123047,0.23083806037902832,0.204423189163208,0.23227691650390625,0.20549917221069336,0.22603583335876465,0.22948694229125977,0.2102499008178711,0.2137761116027832,0.24045109748840332,0.23954200744628906,0.2355329990386963,0.23218488693237305,0.2501790523529053,0.23546099662780762,0.2313699722290039,0.23531603813171387,0.2242271900177002,0.23562407493591309,0.23524928092956543,0.22540497779846191,0.23524975776672363,0.548220157623291,0.23458290100097656,0.23835492134094238,0.23653101921081543,0.23623299598693848,0.2271108627319336,0.21232223510742188,0.23789215087890625,0.2634460926055908,0.2104330062866211,0.2214517593383789,0.23599529266357422,0.20955681800842285,0.23477888107299805
274,0.20499086380004883,0.20783090591430664,0.2201371192932129,0.23426198959350586,0.2152268886566162,0.23212099075317383,0.22317004203796387,0.2133798599243164,0.24535512924194336,0.23858880996704102,0.21080398559570312,0.2340531349182129,0.24087119102478027,0.20699000358581543,0.20424199104309082,0.21032118797302246,0.20960569381713867,0.20557308197021484,0.21029186248779297,0.21415281295776367,0.20811915397644043,0.23056721687316895,0.22970318794250488,0.2335350513458252,0.21799397468566895,0.2054917812347412,0.23941588401794434,0.20805096626281738,0.2325448989868164,0.22855496406555176,0.20835494995117188,0.2177138328552246,0.5185990333557129,0.25518059730529785,0.21311497688293457,0.23717498779296875,0.551184892654419,0.2184436321258545,0.20601606369018555,0.22371506690979004,0.2157149314880371,0.21236705780029297,0.22656488418579102,0.2340240478515625,0.23559308052062988,0.22895503044128418,0.20497512817382812,0.23571085929870605,0.21883106231689453,0.22222375869750977
275,0.23124027252197266,0.2228991985321045,0.2524392604827881,0.4428539276123047,0.21891403198242188,0.20430898666381836,0.2296910285949707,0.2063751220703125,0.2113180160522461,0.23386192321777344,0.2201099395751953,0.23788118362426758,0.517315149307251,0.22923016548156738,0.22417211532592773,0.23880410194396973,0.23256993293762207,0.24974989891052246,0.23306989669799805,0.25006103515625,0.2339322566986084,0.23530912399291992,0.22114992141723633,0.22420120239257812,0.21800518035888672,0.23448395729064941,0.24108481407165527,0.22018909454345703,0.24303889274597168,0.2102980613708496,0.23642706871032715,0.2146451473236084,0.23620200157165527,0.2360677719116211,0.23074889183044434,0.2356119155883789,0.23681116104125977,0.22159695625305176,0.2129368782043457,0.22817397117614746,0.21169710159301758,0.24819183349609375,0.21665096282958984,0.2136831283569336,0.2513859272003174,0.20346903800964355,0.21433806419372559,0.2361311912536621,0.2237081527709961,0.22866415977478027
276,0.212554931640625,0.20535588264465332,0.22553324699401855,0.2169511318206787,0.21595215797424316,0.2431328296661377,0.20730113983154297,0.21680617332458496,0.22939324378967285,0.2534060478210449,0.2052621841430664,0.24685215950012207,0.23854994773864746,0.20959687232971191,0.24676203727722168,0.2073822021484375,0.2125861644744873,0.2049248218536377,0.22271108627319336,0.2412571907043457,0.24614787101745605,0.20540213584899902,0.204146146774292,0.20723700523376465,0.22704505920410156,0.25278210639953613,0.21910715103149414,0.22583293914794922,0.21529793739318848,0.2532210350036621,0.25257420539855957,0.22191691398620605,0.23923397064208984,0.22970008850097656,0.2087111473083496,0.23260807991027832,0.26518797874450684,0.21518492698669434,0.22981810569763184,0.23961424827575684,0.2279648780822754,0.2142620086669922,0.7285289764404297,0.22940492630004883,0.22821712493896484,0.2259378433227539,0.24348807334899902,0.2505147457122803,0.23378896713256836,0.2042980194091797
277,0.24285602569580078,0.21197986602783203,0.24753880500793457,0.2506382465362549,0.23737406730651855,0.2181401252746582,0.2471160888671875,0.22720599174499512,0.22855925559997559,0.24257588386535645,0.24528098106384277,0.2291247844696045,0.21959400177001953,0.24567008018493652,0.23596596717834473,0.21151304244995117,0.23769903182983398,0.20528006553649902,0.2255878448486328,0.230942964553833,0.22113490104675293,0.2524268627166748,0.23445510864257812,0.23969578742980957,0.20752501487731934,0.23795700073242188,0.24306678771972656,0.20833897590637207,0.2410597801208496,0.23761796951293945,0.23311710357666016,0.31809091567993164,0.4637279510498047,0.24071812629699707,0.25200819969177246,0.25557708740234375,0.25211501121520996,0.2349989414215088,0.20754218101501465,0.23730206489562988,0.22986912727355957,0.22562813758850098,0.8030459880828857,0.5168569087982178,0.21076393127441406,0.2327437400817871,1.0288550853729248,0.24706315994262695,0.23642706871032715,0.20958781242370605
278,0.21237802505493164,0.2481999397277832,0.2571990489959717,0.2031707763671875,0.2434248924255371,0.22737812995910645,0.20753931999206543,0.21152424812316895,0.20721101760864258,0.2477419376373291,0.23492670059204102,0.23640918731689453,0.22772908210754395,0.2051692008972168,0.2067551612854004,0.2376539707183838,0.22124314308166504,0.20281195640563965,0.21428298950195312,0.23943400382995605,0.20933866500854492,0.24302077293395996,0.2083592414855957,0.20857501029968262,0.2494797706604004,0.23976802825927734,0.20778512954711914,0.24792814254760742,0.23052406311035156,0.24070501327514648,0.23855209350585938,0.23625874519348145,0.21634292602539062,0.23445606231689453,0.2382068634033203,0.23435711860656738,0.23480701446533203,0.2550389766693115,0.2483668327331543,0.23216795921325684,0.20849990844726562,0.20978307723999023,0.5155730247497559,0.5062839984893799,0.2420201301574707,0.20769405364990234,0.23714590072631836,0.4843587875366211,0.22505497932434082,0.23240876197814941
279,0.20392203330993652,0.20755410194396973,0.20552873611450195,0.23481225967407227,0.23675775527954102,0.2130448818206787,0.205003023147583,0.23192071914672852,0.23967504501342773,0.21896719932556152,0.21104001998901367,0.21902227401733398,0.2350022792816162,0.23482918739318848,0.22958803176879883,0.2312471866607666,0.2156999111175537,0.22861695289611816,0.229323148727417,0.2362680435180664,0.23885512351989746,0.23547911643981934,0.20333194732666016,0.2022876739501953,0.22669076919555664,0.228043794631958,0.20633316040039062,0.21239113807678223,0.24158215522766113,0.22798514366149902,0.23286986351013184,0.2370128631591797,0.22268915176391602,0.2424769401550293,0.22855877876281738,0.21468901634216309,0.23599886894226074,0.22446703910827637,0.23322510719299316,0.24206995964050293,0.23512911796569824,0.23296904563903809,0.23172998428344727,0.2555520534515381,0.23158693313598633,0.23044395446777344,0.2343311309814453,0.49198102951049805,0.22414708137512207,0.22200798988342285
280,0.22782492637634277,0.23382091522216797,0.20842218399047852,0.20769000053405762,0.2275090217590332,0.22440600395202637,0.203751802444458,0.20754575729370117,0.23357272148132324,0.2129228115081787,0.23000001907348633,0.2328031063079834,0.2239360809326172,0.23436188697814941,0.22043418884277344,0.22420811653137207,0.2046499252319336,0.2335507869720459,0.2065110206604004,0.24334001541137695,0.2030799388885498,0.22495794296264648,0.24596667289733887,0.2370438575744629,0.20420408248901367,0.20937013626098633,0.21740388870239258,0.22450804710388184,0.2540931701660156,0.2126619815826416,0.2368929386138916,0.23593902587890625,0.21523022651672363,0.21370315551757812,0.2410440444946289,0.21570706367492676,0.5484139919281006,0.22491002082824707,0.2357649803161621,0.24840998649597168,0.23683691024780273,0.5175449848175049,0.21323800086975098,0.23116588592529297,0.27310895919799805,0.20810699462890625,0.23352885246276855,0.2347736358642578,0.20583200454711914,0.23550105094909668
281,0.20617914199829102,0.20661497116088867,0.46790289878845215,0.23237919807434082,0.21500110626220703,0.22919917106628418,0.22462105751037598,0.2411360740661621,0.21817708015441895,0.23587512969970703,0.20780277252197266,0.25640130043029785,0.448638916015625,0.20467686653137207,0.22968292236328125,0.22870993614196777,0.21993613243103027,0.2264547348022461,0.23921585083007812,0.21156811714172363,0.2428300380706787,0.21988606452941895,0.20968389511108398,0.20711612701416016,0.21939992904663086,0.2374560832977295,0.24195599555969238,0.20260930061340332,0.22022604942321777,0.23412203788757324,0.2422020435333252,0.2493751049041748,0.24066400527954102,0.2398700714111328,0.2353839874267578,0.2361910343170166,0.5464229583740234,0.23668503761291504,0.20978879928588867,0.23697686195373535,0.24436187744140625,0.46833014488220215,0.24986910820007324,0.5212681293487549,0.6472561359405518,0.25077295303344727,0.2646181583404541,0.23973512649536133,0.20466184616088867,0.23525714874267578
282,0.22019505500793457,0.2308051586151123,0.4998960494995117,0.24077796936035156,0.24085712432861328,0.2289137840270996,0.22614407539367676,0.20335984230041504,0.21213197708129883,0.21406102180480957,0.24526429176330566,0.22929787635803223,0.2097010612487793,0.2248990535736084,0.20345807075500488,0.2112140655517578,0.23256278038024902,0.2095777988433838,0.23496341705322266,0.2359018325805664,0.21116209030151367,0.22965407371520996,0.22847604751586914,0.2417459487915039,0.22959208488464355,0.2068490982055664,0.23971891403198242,0.20584487915039062,0.21994805335998535,0.20502972602844238,0.20641207695007324,0.23798298835754395,0.21051597595214844,0.24031519889831543,0.25461912155151367,0.25806593894958496,0.20923113822937012,0.2530231475830078,0.2305741310119629,0.20862793922424316,0.2103428840637207,0.23324108123779297,0.22517704963684082,0.2100379467010498,0.22636103630065918,0.2338571548461914,0.3815176486968994,0.23677897453308105,0.20329523086547852,0.21032500267028809
283,0.23273992538452148,0.221696138381958,0.2330939769744873,0.23789501190185547,0.2207498550415039,0.20814180374145508,0.20840072631835938,0.21013402938842773,0.2356419563293457,0.2361891269683838,0.20728397369384766,0.2414231300354004,0.23345589637756348,0.23709702491760254,0.22134685516357422,0.24769115447998047,0.22708415985107422,0.23267292976379395,0.24860811233520508,0.20695996284484863,0.23138213157653809,0.20422792434692383,0.2200019359588623,0.20661306381225586,0.2570149898529053,0.21942710876464844,0.2119917869567871,0.24454808235168457,0.20876789093017578,0.22111725807189941,0.22194981575012207,0.23334980010986328,0.23456597328186035,0.21847796440124512,0.22233080863952637,0.2291090488433838,0.2769291400909424,0.23712515830993652,0.2344052791595459,0.22873497009277344,0.2378849983215332,0.2195601463317871,0.2263481616973877,0.22347688674926758,0.44679808616638184,0.2088320255279541,0.24625396728515625,0.23849892616271973,0.23073887825012207,0.20421195030212402
284,0.21026396751403809,0.23602008819580078,0.3563380241394043,0.20283913612365723,0.21798396110534668,0.2235431671142578,0.4670579433441162,0.23703384399414062,0.24825787544250488,0.23204302787780762,0.2046959400177002,0.22260403633117676,0.25072383880615234,0.2343440055847168,0.2248539924621582,0.5288848876953125,0.2068028450012207,0.2039029598236084,0.23763179779052734,0.23110198974609375,0.49874114990234375,0.20895004272460938,0.2117607593536377,0.23762917518615723,0.23289203643798828,0.22066998481750488,0.2295398712158203,0.2377171516418457,0.21281003952026367,0.22727417945861816,0.21144795417785645,0.2081458568572998,0.22870707511901855,0.23724579811096191,0.21509385108947754,0.24101996421813965,0.22682499885559082,0.21489477157592773,0.21323704719543457,0.24223613739013672,0.23665308952331543,0.221635103225708,0.4915578365325928,0.22759437561035156,0.23491501808166504,0.23464083671569824,0.24852609634399414,0.2493438720703125,0.2353677749633789,0.2391951084136963
285,0.22866082191467285,0.2088630199432373,0.22842884063720703,0.2381303310394287,0.22011590003967285,0.22121596336364746,0.5438718795776367,0.23434114456176758,0.2046980857849121,0.23506426811218262,0.23576116561889648,0.24351811408996582,0.24637317657470703,0.23494410514831543,0.20772194862365723,0.5151448249816895,0.233353853225708,0.22012591361999512,0.2352151870727539,0.2241809368133545,0.2119600772857666,0.21751999855041504,0.24391770362854004,0.21021485328674316,0.23727893829345703,0.21812868118286133,0.20948314666748047,0.20220184326171875,0.24959707260131836,0.2433006763458252,0.23758506774902344,0.22694706916809082,0.20771193504333496,0.2172250747680664,0.23731303215026855,0.23650693893432617,0.7096729278564453,0.21618199348449707,0.23216700553894043,0.2498772144317627,0.22954392433166504,0.2272341251373291,0.23898696899414062,0.500648021697998,0.2336740493774414,0.23845291137695312,0.5319211483001709,0.2330329418182373,0.21018290519714355,0.22115826606750488
286,0.20342803001403809,0.2319347858428955,0.21116375923156738,0.23355579376220703,0.21608924865722656,0.2339799404144287,0.21186614036560059,0.20923185348510742,0.20567965507507324,0.22741985321044922,0.23789596557617188,0.23943877220153809,0.2197868824005127,0.20752787590026855,0.24970388412475586,0.2070760726928711,0.21023011207580566,0.20397520065307617,0.2373189926147461,0.23322296142578125,0.2285449504852295,0.22433209419250488,0.20308995246887207,0.21706819534301758,0.2314307689666748,0.24422907829284668,0.20725202560424805,0.23526597023010254,0.23995208740234375,0.24987196922302246,0.24919915199279785,0.21520709991455078,0.22612595558166504,0.21978187561035156,0.23984575271606445,0.22580671310424805,0.21840786933898926,0.231644868850708,0.23863792419433594,0.23996520042419434,0.2315218448638916,0.2338731288909912,0.2307109832763672,0.505687952041626,0.238908052444458,0.2518582344055176,0.45740294456481934,0.2105567455291748,0.20363736152648926,0.2109367847442627
287,0.22760391235351562,0.204833984375,0.22623801231384277,0.47431015968322754,0.23584818840026855,0.20301604270935059,0.2288818359375,0.23105096817016602,0.23215317726135254,0.22784113883972168,0.25034022331237793,0.24497485160827637,0.1914050579071045,0.2548999786376953,0.20613503456115723,0.24207091331481934,0.24341487884521484,0.23327207565307617,0.20882606506347656,0.23368501663208008,0.48328709602355957,0.22960209846496582,0.21004199981689453,0.25048303604125977,0.21398019790649414,0.24224281311035156,0.23488593101501465,0.2088618278503418,0.2255840301513672,0.2346019744873047,0.23757219314575195,0.2249279022216797,0.2339949607849121,0.2135601043701172,0.2471637725830078,0.23075485229492188,0.5349490642547607,0.22727513313293457,0.23154997825622559,0.22111201286315918,0.21604204177856445,0.24884295463562012,0.49186110496520996,0.49610376358032227,0.24713397026062012,0.23430895805358887,0.27439308166503906,0.5013699531555176,0.22623896598815918,0.23285293579101562
288,0.2275829315185547,0.25029516220092773,0.21048903465270996,0.21379303932189941,0.24547100067138672,0.23146796226501465,0.2260279655456543,0.22432303428649902,0.23481392860412598,0.23949432373046875,0.23736810684204102,0.22398829460144043,0.23317813873291016,0.21744012832641602,0.23169803619384766,0.21230578422546387,0.20394110679626465,0.2094249725341797,0.24803590774536133,0.20514893531799316,0.7391800880432129,0.22649288177490234,0.2602372169494629,0.23507094383239746,0.2403719425201416,0.22072219848632812,0.22717809677124023,0.24440407752990723,0.24516701698303223,0.23416972160339355,0.23445892333984375,0.24560809135437012,0.23938298225402832,0.23860692977905273,0.24083209037780762,0.23718714714050293,0.21887826919555664,0.23572206497192383,0.2458641529083252,0.22810101509094238,0.22790980339050293,0.5086669921875,0.24008893966674805,0.2161269187927246,0.20997405052185059,0.8737127780914307,0.22734308242797852,0.23622775077819824,0.22698235511779785,0.2089531421661377
289,0.21430706977844238,0.24001002311706543,0.23331427574157715,0.2299802303314209,0.21551108360290527,0.23531508445739746,0.43918728828430176,0.20389509201049805,0.22379708290100098,0.2421398162841797,0.23424673080444336,0.24738812446594238,0.230299711227417,0.21179914474487305,0.20519208908081055,0.23366594314575195,0.21049189567565918,0.22911572456359863,0.2367701530456543,0.20865416526794434,0.2099921703338623,0.21161127090454102,0.21068787574768066,0.23790597915649414,0.20717906951904297,0.20882296562194824,0.20808887481689453,0.20322513580322266,0.22221112251281738,0.22757983207702637,0.20772385597229004,0.231827974319458,0.4853639602661133,0.25121212005615234,0.2318568229675293,0.23470282554626465,0.21694111824035645,0.21495795249938965,0.2125232219696045,0.2045149803161621,0.2037220001220703,0.22589492797851562,0.23615503311157227,0.2230830192565918,0.21307921409606934,0.24030613899230957,0.24273991584777832,0.2357931137084961,0.22535085678100586,0.24252581596374512
290,0.22765898704528809,0.21146202087402344,0.4957561492919922,0.22393321990966797,0.22244501113891602,0.20679998397827148,0.23232603073120117,0.22368097305297852,0.2294309139251709,0.2258470058441162,0.2068641185760498,0.22150611877441406,0.23668766021728516,0.21416807174682617,0.20682382583618164,0.28229618072509766,0.23462295532226562,0.22680330276489258,0.2357020378112793,0.2462320327758789,0.2289891242980957,0.22721290588378906,0.23162603378295898,0.20865392684936523,0.23779010772705078,0.21625995635986328,0.22982406616210938,0.2066190242767334,0.231917142868042,0.21292400360107422,0.2236309051513672,0.23487591743469238,0.2609548568725586,0.23946070671081543,0.2369980812072754,0.24310994148254395,0.20778894424438477,0.2101290225982666,0.2787168025970459,0.22680282592773438,0.207719087600708,0.21054792404174805,0.8274600505828857,0.4765901565551758,0.6512260437011719,0.23531794548034668,0.22911310195922852,0.25310206413269043,0.23494410514831543,0.20447683334350586
291,0.2072770595550537,0.21455907821655273,0.20724868774414062,0.22702813148498535,0.21672296524047852,0.2379162311553955,0.20592522621154785,0.5167639255523682,0.21103715896606445,0.21336698532104492,0.20644879341125488,0.25975704193115234,0.24835777282714844,0.2178499698638916,0.253068208694458,0.2915658950805664,0.2362680435180664,0.2268979549407959,0.23944973945617676,0.209381103515625,0.21128129959106445,0.20568275451660156,0.2074742317199707,0.2310628890991211,0.23298215866088867,0.2354879379272461,0.21220993995666504,0.24025297164916992,0.23563909530639648,0.2601141929626465,0.24776506423950195,0.22735905647277832,0.23830389976501465,0.22970294952392578,0.2154390811920166,0.23800230026245117,0.5083022117614746,0.21764302253723145,0.2419888973236084,0.22591304779052734,0.2526109218597412,0.2389988899230957,0.5144119262695312,0.19292211532592773,0.23988890647888184,0.23248696327209473,0.2560997009277344,0.21382713317871094,0.23811984062194824,0.21015000343322754
292,0.24767208099365234,0.2302262783050537,0.22824811935424805,0.20336675643920898,0.2338099479675293,0.22772216796875,0.21939706802368164,0.2239208221435547,0.22795510292053223,0.24256086349487305,0.2467188835144043,0.2321178913116455,0.23700690269470215,0.24012494087219238,0.2324371337890625,0.5144269466400146,0.25162577629089355,0.2177281379699707,0.23359203338623047,0.2341780662536621,0.23200297355651855,0.2229747772216797,0.23041701316833496,0.2507288455963135,0.20893597602844238,0.22468900680541992,0.24517416954040527,0.2340099811553955,0.22728586196899414,0.2284247875213623,0.2329556941986084,0.2094259262084961,0.2306532859802246,0.24296927452087402,0.23632001876831055,0.2567312717437744,0.23786497116088867,0.23202919960021973,0.20843911170959473,0.2068650722503662,0.23903489112854004,0.23316597938537598,0.23979687690734863,0.6300017833709717,0.27604007720947266,0.24828004837036133,0.5017998218536377,0.25017690658569336,0.23473286628723145,0.23411989212036133
293,0.20909523963928223,0.22500300407409668,0.234144926071167,0.2423410415649414,0.21871113777160645,0.2104480266571045,0.23177814483642578,0.20905590057373047,0.20714688301086426,0.246049165725708,0.20762109756469727,0.22817611694335938,0.2233259677886963,0.2159271240234375,0.20588278770446777,0.8133409023284912,0.23383188247680664,0.20286917686462402,0.2531702518463135,0.23602008819580078,0.2241811752319336,0.23493504524230957,0.2305910587310791,0.23813986778259277,0.24410796165466309,0.2088642120361328,0.2106020450592041,0.25032711029052734,0.22690200805664062,0.24181485176086426,0.2380681037902832,0.2581329345703125,0.4804959297180176,0.22336411476135254,0.21102309226989746,0.2366161346435547,0.24039387702941895,0.29833078384399414,0.24024200439453125,0.23942184448242188,0.23486900329589844,0.2553081512451172,0.5007650852203369,0.2066669464111328,0.23316597938537598,0.2114551067352295,0.2314300537109375,0.2100369930267334,0.23115110397338867,0.20682787895202637
294,0.20403695106506348,0.22626709938049316,0.23307013511657715,0.22946977615356445,0.21880388259887695,0.20824813842773438,0.22674894332885742,0.23602890968322754,0.22405505180358887,0.21072101593017578,0.22248578071594238,0.21697425842285156,0.22857999801635742,0.2226560115814209,0.23665094375610352,0.21072626113891602,0.20713019371032715,0.21969270706176758,0.24660921096801758,0.2352590560913086,0.22779631614685059,0.23560094833374023,0.43756794929504395,0.23514175415039062,0.20668601989746094,0.22960114479064941,0.20524311065673828,0.23862600326538086,0.23771095275878906,0.23452162742614746,0.23660516738891602,0.23024797439575195,0.2338402271270752,0.22958683967590332,0.22385787963867188,0.21712803840637207,0.21862506866455078,0.2317790985107422,0.2194361686706543,0.23253297805786133,0.2335221767425537,0.4831359386444092,0.5024869441986084,0.2630329132080078,0.2123880386352539,0.23300600051879883,0.5516269207000732,0.23897194862365723,0.2323288917541504,0.2414839267730713
295,0.23104286193847656,0.21825408935546875,0.46880197525024414,0.21856379508972168,0.21979475021362305,0.22793817520141602,0.4901766777038574,0.23514914512634277,0.22892332077026367,0.21350812911987305,0.22942900657653809,0.2473440170288086,0.2057502269744873,0.2148289680480957,0.20419812202453613,0.2889840602874756,0.20658302307128906,0.23634886741638184,0.20781326293945312,0.22313809394836426,0.20452094078063965,0.20877408981323242,0.22959303855895996,0.23637104034423828,0.20896410942077637,0.21049904823303223,0.2191600799560547,0.23616719245910645,0.25519824028015137,0.23485708236694336,0.23521995544433594,0.21001291275024414,0.2363748550415039,0.236008882522583,0.22047019004821777,0.21556901931762695,0.22133493423461914,0.21006298065185547,0.2186412811279297,0.2562220096588135,0.23962712287902832,0.24219298362731934,0.25101375579833984,0.19365882873535156,0.23899388313293457,0.2394702434539795,0.4771430492401123,0.2525038719177246,0.2182910442352295,0.22898316383361816
296,0.20787262916564941,0.2231309413909912,0.2434852123260498,0.2138500213623047,0.21434903144836426,0.22485780715942383,0.2203681468963623,0.24956798553466797,0.20942902565002441,0.2180638313293457,0.2347240447998047,0.23456215858459473,0.20888376235961914,0.21075010299682617,0.22098112106323242,0.7409670352935791,0.22078418731689453,0.22211384773254395,0.2270641326904297,0.2056441307067871,0.2086338996887207,0.23213815689086914,0.20809197425842285,0.23574209213256836,0.2321150302886963,0.23477482795715332,0.24019908905029297,0.20839691162109375,0.22481107711791992,0.24518203735351562,0.23907995223999023,0.2272038459777832,0.252810001373291,0.23962688446044922,0.2128770351409912,0.2195720672607422,0.21984481811523438,0.22652173042297363,0.20421099662780762,0.22366881370544434,0.2343282699584961,0.4633011817932129,0.19521379470825195,0.2510190010070801,0.23042011260986328,0.23872685432434082,0.5019991397857666,0.32208991050720215,0.2202439308166504,0.23284482955932617
297,0.24777770042419434,0.20996809005737305,0.4688990116119385,0.24382519721984863,0.2562880516052246,0.23038315773010254,0.22532200813293457,0.20473599433898926,0.23298907279968262,0.24811482429504395,0.22647595405578613,0.21934103965759277,0.2362689971923828,0.2326807975769043,0.23052382469177246,0.23235392570495605,0.24597597122192383,0.21091413497924805,0.2277970314025879,0.22883987426757812,0.23221111297607422,0.2478172779083252,0.23351812362670898,0.2480030059814453,0.23456907272338867,0.20564985275268555,0.23990106582641602,0.21817708015441895,0.21468496322631836,0.2113022804260254,0.20840001106262207,0.21372699737548828,0.2338881492614746,0.23612380027770996,0.24789810180664062,0.23127198219299316,0.21230483055114746,0.21378016471862793,0.21504902839660645,0.20995020866394043,0.2039487361907959,0.2232072353363037,0.2481849193572998,0.23810410499572754,0.2582080364227295,0.2511909008026123,0.24222278594970703,0.23952722549438477,0.2231769561767578,0.20803093910217285
298,0.20775604248046875,0.22040104866027832,0.20693302154541016,0.21344208717346191,0.22754693031311035,0.20702409744262695,0.2210979461669922,0.2076280117034912,0.23659086227416992,0.23460817337036133,0.22562098503112793,0.24641990661621094,0.24781012535095215,0.22372102737426758,0.20612120628356934,0.23635601997375488,0.20426511764526367,0.23181366920471191,0.20844507217407227,0.20773816108703613,0.2231600284576416,0.20654582977294922,0.2231590747833252,0.2532958984375,0.22364401817321777,0.22344088554382324,0.20814108848571777,0.24575495719909668,0.22063326835632324,0.23986291885375977,0.21731090545654297,0.23661398887634277,0.23833179473876953,0.237440824508667,0.22942709922790527,0.2317981719970703,0.2436690330505371,0.22796297073364258,0.24061298370361328,0.2098100185394287,0.2240581512451172,0.23935294151306152,0.5154109001159668,0.46836376190185547,0.2296600341796875,0.23473405838012695,0.22713804244995117,0.23301196098327637,0.21102309226989746,0.20807290077209473
299,0.20433568954467773,0.23253893852233887,0.21985602378845215,0.21970820426940918,0.218048095703125,0.2323007583618164,0.2309408187866211,0.23131608963012695,0.22400593757629395,0.2377758026123047,0.20621418952941895,0.22503900527954102,0.5104901790618896,0.21238923072814941,0.23813605308532715,0.22229719161987305,0.23650789260864258,0.2086641788482666,0.23283815383911133,0.23348307609558105,0.23453402519226074,0.20986008644104004,0.4696950912475586,0.20788788795471191,0.23186707496643066,0.22326111793518066,0.2406001091003418,0.2026360034942627,0.23253226280212402,0.23975205421447754,0.23251724243164062,0.2074878215789795,0.2385549545288086,0.2427678108215332,0.21179699897766113,0.23833584785461426,0.20621895790100098,0.2212202548980713,0.22907710075378418,0.23153281211853027,0.22796416282653809,0.236159086227417,0.2157580852508545,0.21190905570983887,0.2571299076080322,0.2345271110534668,0.5073950290679932,0.23992133140563965,0.2516140937805176,0.23590397834777832
300,0.2228071689605713,0.2336418628692627,0.22931218147277832,0.22040796279907227,0.21521902084350586,0.2094271183013916,0.20782804489135742,0.2120227813720703,0.20559000968933105,0.22977995872497559,0.2082529067993164,0.23840999603271484,0.232316255569458,0.22808218002319336,0.23529887199401855,0.5132017135620117,0.23344111442565918,0.22065401077270508,0.2361600399017334,0.2561159133911133,0.29454517364501953,0.2325441837310791,0.24543190002441406,0.23760485649108887,0.2070779800415039,0.21448302268981934,0.22145295143127441,0.2394571304321289,0.25588512420654297,0.22148680686950684,0.2365550994873047,0.20506691932678223,0.24917984008789062,0.2425096035003662,0.23646998405456543,0.23505210876464844,0.20876312255859375,0.21437621116638184,0.2049858570098877,0.22523808479309082,0.20670700073242188,0.23019194602966309,0.4676530361175537,0.23622488975524902,0.22903800010681152,0.21035003662109375,0.27897000312805176,0.4865541458129883,0.22734904289245605,0.21397089958190918
301,0.2036888599395752,0.20965290069580078,0.280411958694458,0.2363450527191162,0.22112417221069336,0.2333531379699707,0.23302197456359863,0.23065400123596191,0.22749900817871094,0.20984911918640137,0.23868322372436523,0.23365473747253418,0.229780912399292,0.2107100486755371,0.2237250804901123,0.20778393745422363,0.21195220947265625,0.21660423278808594,0.23772096633911133,0.24196195602416992,0.494657039642334,0.2372419834136963,0.20259928703308105,0.24316692352294922,0.22976088523864746,0.24813604354858398,0.2066967487335205,0.24465417861938477,0.23123908042907715,0.23689699172973633,0.7357649803161621,0.23914003372192383,0.2090308666229248,0.231734037399292,0.24999094009399414,0.21393370628356934,0.24117708206176758,0.2333507537841797,0.2254791259765625,0.23208379745483398,0.25917887687683105,0.24642610549926758,0.25557899475097656,0.244279146194458,0.2119138240814209,0.22488999366760254,0.26259875297546387,0.23226380348205566,0.2120659351348877,0.23799490928649902
302,0.23492789268493652,0.23246288299560547,0.23994898796081543,0.21015334129333496,0.23191022872924805,0.20508599281311035,0.2072761058807373,0.3683788776397705,0.21366000175476074,0.22972583770751953,0.2475588321685791,0.23343515396118164,0.23534584045410156,0.23801708221435547,0.22028088569641113,0.22995591163635254,0.2346172332763672,0.23544812202453613,0.20853614807128906,0.2133629322052002,0.22805404663085938,0.25123095512390137,0.21477580070495605,0.2306818962097168,0.21063709259033203,0.23529314994812012,0.23477816581726074,0.21044397354125977,0.23387384414672852,0.21003103256225586,0.23638176918029785,0.21497511863708496,0.2141859531402588,0.21707487106323242,0.2530233860015869,0.23581695556640625,0.22088289260864258,0.22487401962280273,0.22149300575256348,0.2341451644897461,0.2217271327972412,0.4928719997406006,0.1957230567932129,0.22634601593017578,0.4618968963623047,0.25647902488708496,0.21206092834472656,0.24936389923095703,0.22572875022888184,0.22565913200378418
303,0.22783589363098145,0.22497105598449707,0.2294168472290039,0.23113107681274414,0.22034096717834473,0.23225879669189453,0.20561623573303223,0.21906590461730957,0.22603631019592285,0.21463394165039062,0.20759868621826172,0.2405567169189453,0.20603084564208984,0.20868396759033203,0.2255260944366455,0.21630287170410156,0.20348691940307617,0.23511815071105957,0.2189481258392334,0.2058701515197754,0.2330009937286377,0.23317885398864746,0.22888708114624023,0.23081278800964355,0.25086307525634766,0.23219990730285645,0.22092175483703613,0.24020624160766602,0.23820281028747559,0.23243284225463867,0.20979022979736328,0.25151896476745605,0.23260712623596191,0.21856904029846191,0.24215388298034668,0.21151995658874512,0.21724390983581543,0.23015928268432617,0.23368334770202637,0.20732378959655762,0.21132993698120117,0.2214808464050293,0.2447662353515625,0.23552203178405762,0.23542213439941406,0.20516014099121094,0.21170377731323242,0.2076427936553955,0.22948098182678223,0.22214889526367188
304,0.20987200736999512,0.22539973258972168,0.20871305465698242,0.21025681495666504,0.21564006805419922,0.2367250919342041,0.24458694458007812,0.22218799591064453,0.2272031307220459,0.22350001335144043,0.2308800220489502,0.22210001945495605,0.22840309143066406,0.22095322608947754,0.2051992416381836,0.22926807403564453,0.2282700538635254,0.20690083503723145,0.24864506721496582,0.22608089447021484,0.22530007362365723,0.20888113975524902,0.2077476978302002,0.2355818748474121,0.23422908782958984,0.20753097534179688,0.21662521362304688,0.20536518096923828,0.22966790199279785,0.2055039405822754,0.22984695434570312,0.2310619354248047,0.24989795684814453,0.24153494834899902,0.22893500328063965,0.23305606842041016,0.2870149612426758,0.22574901580810547,0.20544886589050293,0.20625829696655273,0.2037339210510254,0.20421504974365234,0.2169208526611328,0.23426198959350586,0.21807408332824707,0.23502516746520996,0.21283984184265137,0.22259783744812012,0.2529888153076172,0.2283473014831543
305,0.2322218418121338,0.20369291305541992,0.22641301155090332,0.23267912864685059,0.24473786354064941,0.20808911323547363,0.2108910083770752,0.23258399963378906,0.22974514961242676,0.21385908126831055,0.20929408073425293,0.24459123611450195,0.3533198833465576,0.21514296531677246,0.20976924896240234,0.28305816650390625,0.21924710273742676,0.2465810775756836,0.2415769100189209,0.23296689987182617,0.20544004440307617,0.20667171478271484,0.24705910682678223,0.20645594596862793,0.20778799057006836,0.2310030460357666,0.22252416610717773,0.22660088539123535,0.22516918182373047,0.23592400550842285,0.2534918785095215,0.23900389671325684,0.2527592182159424,0.20725512504577637,0.23527884483337402,0.24192380905151367,0.20657920837402344,0.21122002601623535,0.21590089797973633,0.24954485893249512,0.23458409309387207,0.48351407051086426,0.2296450138092041,0.22967815399169922,0.22896099090576172,0.23888897895812988,0.37697792053222656,0.21264290809631348,0.2399439811706543,0.20538592338562012
306,0.20700311660766602,0.20956206321716309,0.24706315994262695,0.22202801704406738,0.2320270538330078,0.24474120140075684,0.2181079387664795,0.22500205039978027,0.20565199851989746,0.220869779586792,0.20647716522216797,0.2432551383972168,0.20755624771118164,0.22249293327331543,0.24753189086914062,0.2352769374847412,0.20956993103027344,0.2121448516845703,0.2329089641571045,0.21483373641967773,0.2265176773071289,0.2228710651397705,0.20989584922790527,0.20733213424682617,0.22621488571166992,0.23144006729125977,0.22374701499938965,0.2074110507965088,0.24501776695251465,0.25725793838500977,0.23702096939086914,0.22605299949645996,0.2354140281677246,0.23235082626342773,0.21561789512634277,0.23612499237060547,0.2324371337890625,0.23197221755981445,0.23050284385681152,0.23955917358398438,0.2572197914123535,0.24034476280212402,0.24120688438415527,0.2122349739074707,0.23626399040222168,0.23186492919921875,0.20716309547424316,0.2471909523010254,0.2199409008026123,0.2179560661315918
307,0.24173784255981445,0.23635506629943848,0.47518086433410645,0.22582197189331055,0.2480909824371338,0.2120668888092041,0.2319190502166748,0.2321300506591797,0.2051689624786377,0.23974204063415527,0.2433791160583496,0.24175000190734863,0.2122499942779541,0.25582194328308105,0.20881199836730957,0.3676939010620117,0.2519500255584717,0.22538399696350098,0.23345613479614258,0.2327408790588379,0.21837401390075684,0.2386479377746582,0.22876906394958496,0.24705219268798828,0.21231293678283691,0.22384190559387207,0.22720789909362793,0.2344958782196045,0.22390413284301758,0.2331838607788086,0.2357029914855957,0.21297526359558105,0.2532341480255127,0.20823383331298828,0.2553889751434326,0.24240517616271973,0.2250819206237793,0.25754284858703613,0.20558905601501465,0.2325420379638672,0.23550629615783691,0.235396146774292,0.4570760726928711,0.25043678283691406,0.23433995246887207,0.20831513404846191,0.4022979736328125,0.20529603958129883,0.22467708587646484,0.22995901107788086
308,0.20546293258666992,0.24985980987548828,0.21407318115234375,0.20580315589904785,0.23787593841552734,0.22536396980285645,0.20871901512145996,0.22950196266174316,0.23348617553710938,0.2113969326019287,0.2048351764678955,0.21775579452514648,0.2320549488067627,0.20880484580993652,0.2314159870147705,0.49848508834838867,0.2323441505432129,0.20513582229614258,0.20923113822937012,0.23456192016601562,0.2169480323791504,0.21399211883544922,0.20481300354003906,0.21076202392578125,0.24590492248535156,0.21359992027282715,0.22066092491149902,0.22305798530578613,0.24775218963623047,0.23543882369995117,0.23788094520568848,0.23539495468139648,0.23090100288391113,0.22974419593811035,0.22192692756652832,0.21352291107177734,0.20447611808776855,0.24764227867126465,0.24986886978149414,0.2391800880432129,0.2287740707397461,0.5155329704284668,0.22501921653747559,0.4756300449371338,0.24878978729248047,0.24313974380493164,0.23436808586120605,0.23531389236450195,0.20668697357177734,0.23499298095703125
309,0.2122490406036377,0.20743179321289062,0.2105090618133545,0.21285390853881836,0.23335576057434082,0.20665597915649414,0.24869513511657715,0.20688271522521973,0.2231600284576416,0.21086406707763672,0.23559284210205078,0.22103118896484375,0.22423005104064941,0.22298502922058105,0.20841026306152344,0.8470959663391113,0.21363520622253418,0.20819997787475586,0.22516894340515137,0.20768308639526367,0.24631023406982422,0.23249197006225586,0.2083446979522705,0.2284529209136963,0.20830011367797852,0.22948026657104492,0.2071549892425537,0.22885584831237793,0.2253398895263672,0.2414090633392334,0.23401188850402832,0.20699024200439453,0.21153903007507324,0.22215509414672852,0.24756383895874023,0.20701026916503906,0.21798205375671387,0.21403098106384277,0.23593902587890625,0.23459601402282715,0.21272492408752441,0.5199141502380371,0.21566390991210938,0.23819398880004883,0.21472883224487305,0.2147531509399414,0.23286700248718262,0.43927502632141113,0.22528910636901855,0.22575902938842773
310,0.23080897331237793,0.23116183280944824,0.22569799423217773,0.23354697227478027,0.2323780059814453,0.23879790306091309,0.21181797981262207,0.21359705924987793,0.2252488136291504,0.2225630283355713,0.20577287673950195,0.24712705612182617,0.22945308685302734,0.21396994590759277,0.22297000885009766,0.21986699104309082,0.20650315284729004,0.24939322471618652,0.20606422424316406,0.23827004432678223,0.23662304878234863,0.2337510585784912,0.24910807609558105,0.20761418342590332,0.23602509498596191,0.20877790451049805,0.21157383918762207,0.20823907852172852,0.25863194465637207,0.22177886962890625,0.2478010654449463,0.2470991611480713,0.2518739700317383,0.24011683464050293,0.22298002243041992,0.21935009956359863,0.23707222938537598,0.21695494651794434,0.2308359146118164,0.2507758140563965,0.21885108947753906,0.22970080375671387,0.22928595542907715,0.22104501724243164,0.23325729370117188,0.2184441089630127,0.2464749813079834,0.24097108840942383,0.23053288459777832,0.22674012184143066
311,0.20967984199523926,0.2101268768310547,0.23099899291992188,0.23523902893066406,0.21503591537475586,0.22302985191345215,0.4748561382293701,0.22709107398986816,0.22326207160949707,0.21227812767028809,0.23447012901306152,0.2419261932373047,0.20988965034484863,0.21427083015441895,0.2222301959991455,0.24037790298461914,0.21569275856018066,0.2048938274383545,0.24827790260314941,0.20665287971496582,0.23232793807983398,0.20854997634887695,0.23734307289123535,0.2336580753326416,0.24632906913757324,0.22347593307495117,0.23380613327026367,0.20579910278320312,0.23076105117797852,0.23202991485595703,0.20970797538757324,0.20787286758422852,0.49361205101013184,0.22882676124572754,0.24824810028076172,0.22535490989685059,0.2327709197998047,0.22666406631469727,0.20707297325134277,0.2283802032470703,0.2334451675415039,0.497359037399292,0.22730183601379395,0.22053217887878418,0.23897290229797363,0.23634576797485352,0.21345114707946777,0.2655181884765625,0.2078862190246582,0.21172714233398438
312,0.24109387397766113,0.2055962085723877,0.4595458507537842,0.2209179401397705,0.256990909576416,0.22988510131835938,0.4719269275665283,0.21435809135437012,0.2133650779724121,0.2478959560394287,0.22235393524169922,0.24219322204589844,0.2331383228302002,0.23315978050231934,0.21865415573120117,0.24207329750061035,0.24334120750427246,0.23574519157409668,0.22298598289489746,0.2164440155029297,0.2119910717010498,0.24432682991027832,0.20523285865783691,0.24677395820617676,0.21551275253295898,0.22065424919128418,0.22207903861999512,0.23227405548095703,0.21528387069702148,0.2061150074005127,0.23752999305725098,0.23406577110290527,0.2282581329345703,0.21636724472045898,0.23748207092285156,0.22745585441589355,0.25480008125305176,0.2103440761566162,0.2141401767730713,0.2089550495147705,0.20396900177001953,0.51531982421875,0.24573421478271484,0.4827001094818115,0.22811412811279297,0.5019278526306152,0.22804689407348633,0.2512080669403076,0.22160792350769043,0.2079310417175293
313,0.22075605392456055,0.23363208770751953,0.21500205993652344,0.23389101028442383,0.22342610359191895,0.20949077606201172,0.21382999420166016,0.24263787269592285,0.22977399826049805,0.23566985130310059,0.20389914512634277,0.22994399070739746,0.20569801330566406,0.22108888626098633,0.2195582389831543,0.20960712432861328,0.2075209617614746,0.2048020362854004,0.2151632308959961,0.22288203239440918,0.22749805450439453,0.20566296577453613,0.23195099830627441,0.21114182472229004,0.24570989608764648,0.2146012783050537,0.23183584213256836,0.2509622573852539,0.23867583274841309,0.22646212577819824,0.22760534286499023,0.2277359962463379,0.2524590492248535,0.22464895248413086,0.21564483642578125,0.22878789901733398,0.28301525115966797,0.2522420883178711,0.23616409301757812,0.2403409481048584,0.23129606246948242,0.24068498611450195,0.5043220520019531,0.22838497161865234,0.25953102111816406,0.2351219654083252,0.4949150085449219,0.2399129867553711,0.23516201972961426,0.21307992935180664
314,0.21712875366210938,0.22944998741149902,0.2264878749847412,0.20665812492370605,0.21779084205627441,0.23104405403137207,0.23035693168640137,0.20863986015319824,0.22409915924072266,0.2348039150238037,0.22578096389770508,0.2400510311126709,0.21277999877929688,0.21535110473632812,0.2157909870147705,0.5284099578857422,0.2306537628173828,0.23224973678588867,0.243818998336792,0.2178668975830078,0.2576558589935303,0.21132278442382812,0.21095705032348633,0.23585987091064453,0.23656177520751953,0.2350761890411377,0.20685601234436035,0.21169495582580566,0.22164487838745117,0.2084660530090332,0.21478796005249023,0.21178197860717773,0.22806406021118164,0.22297096252441406,0.24473786354064941,0.20865321159362793,0.24996399879455566,0.2398850917816162,0.2608170509338379,0.24085021018981934,0.20501494407653809,0.5104148387908936,0.238753080368042,0.20847797393798828,0.22667384147644043,0.49298620223999023,0.23615574836730957,0.22406911849975586,0.24542474746704102,0.24782705307006836
315,0.2044210433959961,0.2107539176940918,0.22745704650878906,0.20598292350769043,0.21693921089172363,0.21148896217346191,0.23668408393859863,0.22965025901794434,0.20602798461914062,0.23461389541625977,0.22386503219604492,0.21730709075927734,0.21074986457824707,0.2298879623413086,0.23072004318237305,0.20831894874572754,0.2125687599182129,0.2303318977355957,0.23760581016540527,0.24415016174316406,0.23400187492370605,0.2297379970550537,0.23747467994689941,0.23981976509094238,0.20819091796875,0.2354288101196289,0.22761201858520508,0.22768783569335938,0.22912311553955078,0.2366940975189209,0.2366957664489746,0.2519569396972656,0.22495198249816895,0.2324979305267334,0.22203898429870605,0.2310810089111328,0.23347187042236328,0.23396515846252441,0.22551202774047852,0.24414396286010742,0.20525407791137695,0.47690892219543457,0.516726016998291,0.22685980796813965,0.21326589584350586,0.48499512672424316,0.23869895935058594,0.19943594932556152,0.2303307056427002,0.20984411239624023
316,0.21471500396728516,0.22554302215576172,0.23003196716308594,0.22796320915222168,0.2198622226715088,0.22191214561462402,0.4502298831939697,0.20505094528198242,0.2304549217224121,0.21025991439819336,0.21950888633728027,0.23636126518249512,0.24550986289978027,0.23754191398620605,0.22031188011169434,0.22559523582458496,0.22876596450805664,0.22521519660949707,0.23468589782714844,0.23649883270263672,0.20491313934326172,0.20996713638305664,0.2052140235900879,0.2370622158050537,0.20644092559814453,0.25081968307495117,0.20685482025146484,0.20917987823486328,0.2261970043182373,0.24918079376220703,0.217238187789917,0.20864605903625488,0.20932507514953613,0.2048180103302002,0.21747207641601562,0.20691800117492676,0.2263476848602295,0.22812891006469727,0.22568726539611816,0.24139070510864258,0.24620389938354492,0.23284101486206055,0.4611508846282959,0.2144486904144287,0.20842814445495605,0.23489785194396973,0.4721248149871826,0.2321321964263916,0.20717525482177734,0.23007893562316895
317,0.22138381004333496,0.22374510765075684,0.2887909412384033,0.2277519702911377,0.2599201202392578,0.22397208213806152,0.20671486854553223,0.20876812934875488,0.22649693489074707,0.2433478832244873,0.2297229766845703,0.24143195152282715,0.20854496955871582,0.2422339916229248,0.23353099822998047,0.22532415390014648,0.21927928924560547,0.21490979194641113,0.20837616920471191,0.23207688331604004,0.48841094970703125,0.48522019386291504,0.21902918815612793,0.24492383003234863,0.2170720100402832,0.23337984085083008,0.22457504272460938,0.23314595222473145,0.21247506141662598,0.238847017288208,0.2172558307647705,0.23281002044677734,0.23151803016662598,0.20858001708984375,0.26354503631591797,0.25164794921875,0.2133779525756836,0.2585179805755615,0.2122361660003662,0.23095703125,0.21197080612182617,0.23562407493591309,0.23829388618469238,0.23169207572937012,0.21308231353759766,0.5290770530700684,0.5154139995574951,0.20891785621643066,0.2135310173034668,0.20765113830566406
318,0.23118877410888672,0.22574591636657715,0.2201519012451172,0.23070812225341797,0.22807717323303223,0.21056413650512695,0.22257590293884277,0.2338860034942627,0.22983694076538086,0.22377705574035645,0.2286090850830078,0.2230548858642578,0.24547100067138672,0.20749521255493164,0.20448684692382812,0.2082960605621338,0.20475006103515625,0.2257530689239502,0.24134397506713867,0.20582079887390137,0.24958491325378418,0.2312479019165039,0.230363130569458,0.24027299880981445,0.24586200714111328,0.206251859664917,0.23340201377868652,0.22769594192504883,0.22668194770812988,0.2315657138824463,0.21167278289794922,0.239732027053833,0.22623991966247559,0.233597993850708,0.22207403182983398,0.23765110969543457,0.23221611976623535,0.2637009620666504,0.22213220596313477,0.23402070999145508,0.22632908821105957,0.4901161193847656,0.4409148693084717,0.25287318229675293,0.24302911758422852,0.21412897109985352,0.8187620639801025,0.23111414909362793,0.23180794715881348,0.22813796997070312
319,0.20982885360717773,0.22734403610229492,0.24037790298461914,0.20601391792297363,0.217634916305542,0.23124313354492188,0.27190089225769043,0.24009990692138672,0.24727296829223633,0.22843599319458008,0.2096860408782959,0.24619269371032715,0.21022629737854004,0.2179419994354248,0.23621678352355957,0.4955308437347412,0.22850990295410156,0.20934605598449707,0.24805402755737305,0.2100369930267334,0.21641087532043457,0.20911383628845215,0.23610591888427734,0.22596096992492676,0.20904183387756348,0.2087688446044922,0.23764872550964355,0.20921087265014648,0.2082817554473877,0.21402406692504883,0.20992183685302734,0.235213041305542,0.23060107231140137,0.2546389102935791,0.21968793869018555,0.2384021282196045,0.225600004196167,0.21342015266418457,0.2152869701385498,0.21274280548095703,0.20403099060058594,0.49740099906921387,0.23401999473571777,0.23584794998168945,0.21649909019470215,0.2227168083190918,0.25512194633483887,0.477374792098999,0.2537729740142822,0.2285161018371582
320,0.23128175735473633,0.2043449878692627,0.23950409889221191,0.23189210891723633,0.24167299270629883,0.2367079257965088,0.22205471992492676,0.2524261474609375,0.21511292457580566,0.21810579299926758,0.22620415687561035,0.2277839183807373,0.2292637825012207,0.22034978866577148,0.2364652156829834,0.23711919784545898,0.2073049545288086,0.24567079544067383,0.23060989379882812,0.25011682510375977,0.25559210777282715,0.20715689659118652,0.2548329830169678,0.21265912055969238,0.2313249111175537,0.2233269214630127,0.23949909210205078,0.21830105781555176,0.2246558666229248,0.2236008644104004,0.24980711936950684,0.2436079978942871,0.20749807357788086,0.23593497276306152,0.23391103744506836,0.23850178718566895,0.23362994194030762,0.21298789978027344,0.23579812049865723,0.250842809677124,0.20900201797485352,0.5029969215393066,0.8296091556549072,0.21649575233459473,0.22630071640014648,0.2218918800354004,0.229935884475708,0.2803316116333008,0.23805999755859375,0.20779705047607422
321,0.20965790748596191,0.21294903755187988,0.20581984519958496,0.2105879783630371,0.22034525871276855,0.2251300811767578,0.21139216423034668,0.23433494567871094,0.22061491012573242,0.5066759586334229,0.20398926734924316,0.2578709125518799,0.20585012435913086,0.22152018547058105,0.22191524505615234,0.2515721321105957,0.20397114753723145,0.20826125144958496,0.20958805084228516,0.23517608642578125,0.2359151840209961,0.23198223114013672,0.2296431064605713,0.23460602760314941,0.20769786834716797,0.2282712459564209,0.22468924522399902,0.22034502029418945,0.2330470085144043,0.2316141128540039,0.24049782752990723,0.2104809284210205,0.23476219177246094,0.2335050106048584,0.2163529396057129,0.2277226448059082,0.23582220077514648,0.21460795402526855,0.2397630214691162,0.2342979907989502,0.2553379535675049,0.48912692070007324,0.23942971229553223,0.2179279327392578,0.21046018600463867,0.2051551342010498,0.540762186050415,0.22069692611694336,0.23067688941955566,0.21891999244689941
322,0.24185395240783691,0.22955703735351562,0.2304069995880127,0.22313213348388672,0.234724760055542,0.22881793975830078,0.2306370735168457,0.22712182998657227,0.2047739028930664,0.24532508850097656,0.22778987884521484,0.22410082817077637,0.22911906242370605,0.23246979713439941,0.23241114616394043,0.2354569435119629,0.25097107887268066,0.20419096946716309,0.4824061393737793,0.2368941307067871,0.23894405364990234,0.24712491035461426,0.23026704788208008,0.22307300567626953,0.2306499481201172,0.23070812225341797,0.23905205726623535,0.22841215133666992,0.24377083778381348,0.22852420806884766,0.2324981689453125,0.23505306243896484,0.23211407661437988,0.237199068069458,0.2570011615753174,0.2554187774658203,0.20779705047607422,0.22681808471679688,0.22803211212158203,0.23809480667114258,0.23261475563049316,0.4847269058227539,0.45116496086120605,0.4788649082183838,0.22844171524047852,0.22527599334716797,0.2059009075164795,0.21534276008605957,0.24072718620300293,0.22897005081176758
323,0.20597600936889648,0.22377777099609375,0.22926115989685059,0.21846699714660645,0.2167520523071289,0.20523381233215332,0.2238001823425293,0.21223211288452148,0.21758675575256348,0.2133641242980957,0.23147320747375488,0.2165539264678955,0.23839688301086426,0.21812200546264648,0.23785901069641113,0.35398125648498535,0.2070329189300537,0.23405194282531738,0.22110795974731445,0.23454999923706055,0.23081612586975098,0.20872282981872559,0.21240997314453125,0.23824787139892578,0.22590899467468262,0.2435290813446045,0.2059621810913086,0.25308895111083984,0.22172212600708008,0.20749211311340332,0.2351059913635254,0.24329495429992676,0.2363908290863037,0.21410083770751953,0.2282090187072754,0.22523188591003418,0.22831201553344727,0.2474989891052246,0.2520880699157715,0.23212385177612305,0.23809099197387695,0.5001509189605713,0.27819013595581055,0.5320560932159424,0.20336079597473145,0.22252511978149414,0.2232499122619629,0.21268391609191895,0.2122349739074707,0.23391485214233398
324,0.21186304092407227,0.22481417655944824,0.22577381134033203,0.22597241401672363,0.2195892333984375,0.20764803886413574,0.23246097564697266,0.23274016380310059,0.24543094635009766,0.24078702926635742,0.20877909660339355,0.2474229335784912,0.21210408210754395,0.2287590503692627,0.23437905311584473,0.23820209503173828,0.22693085670471191,0.20513176918029785,0.22025179862976074,0.23621487617492676,0.2856638431549072,0.2338862419128418,0.22532916069030762,0.23458528518676758,0.20734095573425293,0.22457194328308105,0.20888495445251465,0.2352149486541748,0.21199989318847656,0.2336728572845459,0.23735499382019043,0.2306060791015625,0.20618700981140137,0.23419618606567383,0.20969581604003906,0.21406912803649902,0.2238609790802002,0.21365809440612793,0.21398615837097168,0.23726606369018555,0.23467278480529785,0.33229589462280273,0.21030592918395996,0.23684406280517578,0.2269449234008789,0.225938081741333,0.4938690662384033,0.20960497856140137,0.22887611389160156,0.2264080047607422
325,0.23116612434387207,0.22392010688781738,0.22910618782043457,0.20834088325500488,0.21696162223815918,0.22867798805236816,0.20784926414489746,0.25176405906677246,0.2350020408630371,0.21419024467468262,0.2303478717803955,0.2180478572845459,0.47411608695983887,0.20550084114074707,0.20661091804504395,0.2487940788269043,0.20338201522827148,0.246917724609375,0.20640897750854492,0.22133207321166992,0.2276320457458496,0.2358250617980957,0.24392390251159668,0.23342108726501465,0.22589588165283203,0.21300315856933594,0.22915887832641602,0.2272183895111084,0.2444617748260498,0.236602783203125,0.2472670078277588,0.2557668685913086,0.23411917686462402,0.2403569221496582,0.2273879051208496,0.23662686347961426,0.20492005348205566,0.2281198501586914,0.2211899757385254,0.2525038719177246,0.2307147979736328,0.23424935340881348,0.22279810905456543,0.23977088928222656,0.23317289352416992,0.2091662883758545,0.24166607856750488,0.20371770858764648,0.23198676109313965,0.22794198989868164
326,0.23706698417663574,0.2098526954650879,0.22514796257019043,0.23263788223266602,0.21527457237243652,0.2509927749633789,0.21798300743103027,0.20741796493530273,0.2103440761566162,0.21759414672851562,0.2123429775238037,0.23303580284118652,0.2450571060180664,0.23421025276184082,0.24848413467407227,0.20812082290649414,0.21412301063537598,0.2084338665008545,0.2341291904449463,0.2385399341583252,0.21221518516540527,0.23415803909301758,0.20739102363586426,0.20973706245422363,0.2069377899169922,0.22267389297485352,0.21101593971252441,0.21266818046569824,0.23802876472473145,0.23720693588256836,0.20909380912780762,0.23640704154968262,0.48450589179992676,0.22484421730041504,0.2128610610961914,0.2416689395904541,0.22618603706359863,0.23027491569519043,0.20426297187805176,0.20914983749389648,0.2250380516052246,0.2519068717956543,0.5213718414306641,0.24309396743774414,0.23846793174743652,0.23022103309631348,0.2313251495361328,0.2291100025177002,0.20731306076049805,0.20734906196594238
327,0.22124099731445312,0.20575404167175293,0.7281718254089355,0.224686861038208,0.2602372169494629,0.20694899559020996,0.22450709342956543,0.23232102394104004,0.230133056640625,0.22464394569396973,0.2419111728668213,0.21994709968566895,0.23459291458129883,0.2266559600830078,0.2108139991760254,0.3186953067779541,0.24285507202148438,0.20440387725830078,0.2050480842590332,0.22651386260986328,0.23035883903503418,0.22153997421264648,0.2331700325012207,0.21985912322998047,0.23446297645568848,0.22448396682739258,0.24653291702270508,0.22942590713500977,0.20828008651733398,0.21257781982421875,0.23937726020812988,0.22838783264160156,0.21313691139221191,0.2150118350982666,0.2453291416168213,0.24249911308288574,0.21596884727478027,0.2111189365386963,0.21940088272094727,0.2157456874847412,0.23871922492980957,0.2337479591369629,0.2034130096435547,0.23188495635986328,0.23827195167541504,0.23256397247314453,0.8333649635314941,0.21545910835266113,0.23267221450805664,0.20804214477539062
328,0.2223377227783203,0.24223685264587402,0.23090004920959473,0.2298111915588379,0.23952603340148926,0.23296380043029785,0.6135711669921875,0.2092890739440918,0.2108616828918457,0.21168804168701172,0.20647096633911133,0.24458599090576172,0.20582199096679688,0.22307872772216797,0.22998499870300293,0.2121598720550537,0.2109849452972412,0.23275399208068848,0.23424410820007324,0.2257997989654541,0.20573806762695312,0.20796608924865723,0.22373104095458984,0.22182726860046387,0.22224688529968262,0.21090006828308105,0.2065889835357666,0.2293710708618164,0.2373368740081787,0.21199893951416016,0.23432707786560059,0.22998499870300293,0.24225783348083496,0.21941018104553223,0.21443915367126465,0.21551203727722168,0.2302098274230957,0.26935791969299316,0.24051189422607422,0.23701190948486328,0.22946381568908691,0.2140963077545166,0.23517417907714844,0.23184585571289062,0.23302006721496582,0.22539186477661133,0.37797093391418457,0.5016520023345947,0.2355504035949707,0.22976303100585938
329,0.22734403610229492,0.21617984771728516,0.21438384056091309,0.20400691032409668,0.21930789947509766,0.20852398872375488,0.2282400131225586,0.2300877571105957,0.23872685432434082,0.24517178535461426,0.23593378067016602,0.23371219635009766,0.4981248378753662,0.2245931625366211,0.2082047462463379,0.22125530242919922,0.23108386993408203,0.2082211971282959,0.22479009628295898,0.20866775512695312,0.2224431037902832,0.23256206512451172,0.24416804313659668,0.22012591361999512,0.2372589111328125,0.22063612937927246,0.23160481452941895,0.2297208309173584,0.22441887855529785,0.23417282104492188,0.2360539436340332,0.21137309074401855,0.2390437126159668,0.23466873168945312,0.22118496894836426,0.21718978881835938,0.2531580924987793,0.23134112358093262,0.20914578437805176,0.2370288372039795,0.2145061492919922,0.2285609245300293,0.4755382537841797,0.2372269630432129,0.250762939453125,0.20506596565246582,0.26053714752197266,0.22320199012756348,0.25364089012145996,0.25187206268310547
330,0.20511889457702637,0.2215099334716797,0.2174699306488037,0.21095609664916992,0.22011804580688477,0.2232520580291748,0.206862211227417,0.22075915336608887,0.2070450782775879,0.23110294342041016,0.2089369297027588,0.21665406227111816,0.21141290664672852,0.21011996269226074,0.23505687713623047,0.22286605834960938,0.20711016654968262,0.22023510932922363,0.24584698677062988,0.2501981258392334,0.2292308807373047,0.23549389839172363,0.21211504936218262,0.222822904586792,0.23451018333435059,0.23303914070129395,0.20581889152526855,0.20551180839538574,0.24513697624206543,0.2351980209350586,0.2502291202545166,0.2614431381225586,0.2294158935546875,0.22141575813293457,0.21873784065246582,0.2202129364013672,0.23704981803894043,0.22161316871643066,0.23535585403442383,0.25449514389038086,0.22702288627624512,0.24097990989685059,0.20448589324951172,0.22928071022033691,0.22658514976501465,0.24066925048828125,0.2200782299041748,0.2353529930114746,0.22299814224243164,0.2067561149597168
331,0.20969200134277344,0.21833276748657227,0.24778318405151367,0.23132610321044922,0.2466590404510498,0.22257089614868164,0.37587618827819824,0.20573997497558594,0.20920896530151367,0.2099461555480957,0.21861791610717773,0.24544405937194824,0.22907805442810059,0.23257231712341309,0.24881911277770996,0.20858001708984375,0.20505976676940918,0.23282790184020996,0.4437551498413086,0.2338869571685791,0.38538503646850586,0.20725107192993164,0.20522522926330566,0.2119898796081543,0.21038818359375,0.2506587505340576,0.2092900276184082,0.2344970703125,0.24085402488708496,0.25388479232788086,0.23758816719055176,0.22650384902954102,0.20966601371765137,0.20533084869384766,0.21917200088500977,0.21205615997314453,0.22591185569763184,0.21439909934997559,0.23723697662353516,0.23334908485412598,0.22554612159729004,0.23353075981140137,0.22693204879760742,0.20926618576049805,0.21191120147705078,0.25501418113708496,0.2347428798675537,0.21328306198120117,0.2069239616394043,0.23297905921936035
332,0.2477257251739502,0.2168748378753662,0.21929073333740234,0.2503490447998047,0.24396204948425293,0.21669983863830566,0.2298438549041748,0.23072528839111328,0.2324049472808838,0.24277496337890625,0.24840307235717773,0.2418360710144043,0.2108619213104248,0.24823212623596191,0.2059180736541748,0.21018695831298828,0.21801280975341797,0.2352750301361084,0.23351383209228516,0.23030710220336914,0.20982122421264648,0.2459421157836914,0.22441911697387695,0.24997401237487793,0.21309995651245117,0.20748019218444824,0.24705982208251953,0.20886683464050293,0.2381601333618164,0.2296619415283203,0.22638368606567383,0.24353408813476562,0.21211910247802734,0.22090816497802734,0.24232029914855957,0.2552649974822998,0.21211624145507812,0.2222898006439209,0.23171687126159668,0.23749089241027832,0.2221980094909668,0.5487589836120605,0.2267591953277588,0.2262420654296875,0.23514604568481445,0.2287611961364746,0.21794509887695312,0.46487879753112793,0.22861790657043457,0.20820093154907227
333,0.20684099197387695,0.24257779121398926,0.24742913246154785,0.20789098739624023,0.21785306930541992,0.22989106178283691,0.24940276145935059,0.23521089553833008,0.20749902725219727,0.23466086387634277,0.20539379119873047,0.22310519218444824,0.2450847625732422,0.20996403694152832,0.20605206489562988,0.8397328853607178,0.2317960262298584,0.20865821838378906,0.23976707458496094,0.20668387413024902,0.20605707168579102,0.23681902885437012,0.22313714027404785,0.2352139949798584,0.250262975692749,0.20813703536987305,0.23655295372009277,0.22607898712158203,0.22323393821716309,0.23190617561340332,0.2080690860748291,0.23340916633605957,0.22396397590637207,0.2117900848388672,0.2397630214691162,0.24167776107788086,0.23438000679016113,0.23559808731079102,0.22755193710327148,0.23061084747314453,0.20325088500976562,0.5157361030578613,0.2143700122833252,0.23777484893798828,0.20723295211791992,0.24245595932006836,0.21854496002197266,0.2214510440826416,0.2439255714416504,0.23165106773376465
334,0.2326488494873047,0.20848584175109863,0.21019291877746582,0.26274991035461426,0.2360072135925293,0.224686861038208,0.22426509857177734,0.209306001663208,0.24794912338256836,0.252349853515625,0.23452377319335938,0.2186751365661621,0.2085719108581543,0.23409509658813477,0.23447394371032715,0.23636484146118164,0.20689606666564941,0.23000001907348633,0.23974394798278809,0.21289896965026855,0.22185397148132324,0.20848298072814941,0.25121116638183594,0.2064352035522461,0.24065589904785156,0.2159719467163086,0.238983154296875,0.2104809284210205,0.21474194526672363,0.21264266967773438,0.21210002899169922,0.23398709297180176,0.23262476921081543,0.25040507316589355,0.23534274101257324,0.22856497764587402,0.2578291893005371,0.21482276916503906,0.23537087440490723,0.20985007286071777,0.22156906127929688,0.5176730155944824,0.22898411750793457,0.21738100051879883,0.24568986892700195,0.23469209671020508,0.2275562286376953,0.2229299545288086,0.25324296951293945,0.24036622047424316
335,0.2083888053894043,0.20545482635498047,0.2252519130706787,0.20721101760864258,0.22383904457092285,0.2296757698059082,0.48907995223999023,0.24663615226745605,0.20583724975585938,0.23120522499084473,0.2033991813659668,0.24485301971435547,0.22891497611999512,0.20652389526367188,0.23649883270263672,0.4830930233001709,0.2346198558807373,0.22603797912597656,0.22768115997314453,0.23703598976135254,0.2200629711151123,0.20683979988098145,0.2070169448852539,0.20900368690490723,0.23724102973937988,0.23517584800720215,0.23891425132751465,0.23073720932006836,0.2487030029296875,0.24194717407226562,0.25099802017211914,0.22926783561706543,0.4736940860748291,0.23726320266723633,0.21496891975402832,0.24220705032348633,0.23550009727478027,0.20982789993286133,0.2704930305480957,0.2535209655761719,0.2278130054473877,0.2230830192565918,0.2392110824584961,0.2052619457244873,0.2096409797668457,0.2447659969329834,0.20949506759643555,0.36714696884155273,0.2168281078338623,0.20795702934265137
336,0.23130202293395996,0.2318098545074463,0.21567416191101074,0.23023200035095215,0.21686005592346191,0.22191596031188965,0.22072505950927734,0.20801401138305664,0.23328399658203125,0.23944973945617676,0.2073831558227539,0.24213671684265137,0.20586013793945312,0.23267507553100586,0.22139883041381836,0.21342110633850098,0.2088921070098877,0.22759032249450684,0.23989510536193848,0.23017191886901855,0.24289917945861816,0.23399782180786133,0.2351078987121582,0.21472907066345215,0.22765278816223145,0.2501959800720215,0.23647165298461914,0.20886588096618652,0.24483704566955566,0.2629880905151367,0.23263978958129883,0.2273271083831787,0.2150740623474121,0.23345208168029785,0.22022104263305664,0.2294628620147705,0.23662996292114258,0.2310807704925537,0.25074315071105957,0.23301005363464355,0.2199409008026123,0.22815465927124023,0.23058319091796875,0.2156229019165039,0.23517894744873047,0.2101128101348877,0.2219099998474121,0.21877312660217285,0.2326829433441162,0.22114992141723633
337,0.22376394271850586,0.20636606216430664,0.22499608993530273,0.20845985412597656,0.2342851161956787,0.23282504081726074,0.2175579071044922,0.2287769317626953,0.20679593086242676,0.22762393951416016,0.24766993522644043,0.2410290241241455,0.21000099182128906,0.22419500350952148,0.23330307006835938,0.820645809173584,0.242448091506958,0.2043437957763672,0.23614192008972168,0.23838496208190918,0.4849216938018799,0.25055694580078125,0.233306884765625,0.24622797966003418,0.2178339958190918,0.23798704147338867,0.23806500434875488,0.23181486129760742,0.2218940258026123,0.229140043258667,0.23869585990905762,0.5166521072387695,0.23535585403442383,0.23659491539001465,0.2615962028503418,0.25470495223999023,0.23034334182739258,0.2347278594970703,0.20469403266906738,0.23728489875793457,0.2376542091369629,0.48215389251708984,0.23819923400878906,0.22994208335876465,0.22512102127075195,0.23987412452697754,0.22907686233520508,0.20555901527404785,0.2316269874572754,0.22181487083435059
338,0.20398497581481934,0.25255584716796875,0.2109990119934082,0.23718786239624023,0.21823596954345703,0.20428705215454102,0.2271590232849121,0.20511317253112793,0.23623299598693848,0.21246695518493652,0.20676088333129883,0.2181072235107422,0.2477571964263916,0.22866129875183105,0.23433399200439453,0.5186741352081299,0.21710896492004395,0.20886015892028809,0.2098090648651123,0.23409008979797363,0.22597694396972656,0.2408127784729004,0.20331692695617676,0.23990297317504883,0.22733211517333984,0.23961877822875977,0.20426511764526367,0.22572612762451172,0.21915912628173828,0.2240147590637207,0.23470282554626465,0.9524610042572021,0.2103562355041504,0.2110459804534912,0.23200106620788574,0.21142077445983887,0.23134684562683105,0.24037981033325195,0.2386629581451416,0.23903322219848633,0.23608112335205078,0.2559542655944824,0.2103409767150879,0.25583410263061523,0.21426701545715332,0.23199200630187988,0.24046993255615234,0.2245638370513916,0.2102949619293213,0.21077990531921387
339,0.23106908798217773,0.2331099510192871,0.20799016952514648,0.24619579315185547,0.21845674514770508,0.2361288070678711,0.22562265396118164,0.2120652198791504,0.2239060401916504,0.2567586898803711,0.23233485221862793,0.22872495651245117,0.23717784881591797,0.21096587181091309,0.20775794982910156,0.5488741397857666,0.20267081260681152,0.23088693618774414,0.229935884475708,0.23218393325805664,0.22168898582458496,0.23088884353637695,0.23229002952575684,0.23519110679626465,0.20491909980773926,0.22485899925231934,0.21664810180664062,0.22825908660888672,0.2127082347869873,0.20799684524536133,0.2338712215423584,0.22985076904296875,0.21734976768493652,0.2495410442352295,0.23252582550048828,0.23479890823364258,0.2287919521331787,0.22430896759033203,0.21938705444335938,0.23034286499023438,0.2370309829711914,0.23317885398864746,0.24884700775146484,0.2366619110107422,0.2563939094543457,0.24030017852783203,0.5195949077606201,0.24043703079223633,0.24759817123413086,0.2466731071472168
340,0.21117711067199707,0.20874500274658203,0.46650218963623047,0.22089433670043945,0.22022390365600586,0.21100807189941406,0.23256206512451172,0.245805025100708,0.22934794425964355,0.227935791015625,0.20876288414001465,0.2390899658203125,0.23681902885437012,0.2062067985534668,0.20633816719055176,0.2517261505126953,0.21680402755737305,0.2299511432647705,0.24085593223571777,0.2273859977722168,0.20763230323791504,0.23236703872680664,0.21689987182617188,0.23679590225219727,0.23482608795166016,0.20499420166015625,0.22772002220153809,0.20303702354431152,0.2479538917541504,0.2261960506439209,0.22389817237854004,0.21165990829467773,0.21417999267578125,0.23830294609069824,0.2397477626800537,0.23159503936767578,0.23259425163269043,0.2096700668334961,0.20557284355163574,0.2470417022705078,0.2297663688659668,0.252716064453125,0.2179427146911621,0.22959160804748535,0.2344961166381836,0.2504110336303711,0.22060894966125488,0.38069987297058105,0.21007180213928223,0.2093820571899414
341,0.23158693313598633,0.22670197486877441,0.23671865463256836,0.2094268798828125,0.2358870506286621,0.24283719062805176,0.22193598747253418,0.23455381393432617,0.20653605461120605,0.22330594062805176,0.23302602767944336,0.24303483963012695,0.23401880264282227,0.22185587882995605,0.23605728149414062,0.23752117156982422,0.23022985458374023,0.22946691513061523,0.23671293258666992,0.2282719612121582,0.24983716011047363,0.23135900497436523,0.22968029975891113,0.22371506690979004,0.2408757209777832,0.23117327690124512,0.2125720977783203,0.21148395538330078,0.23200416564941406,0.22449803352355957,0.23641610145568848,0.23172402381896973,0.23341703414916992,0.22852110862731934,0.23302721977233887,0.2390761375427246,0.24504995346069336,0.2246689796447754,0.21782827377319336,0.20795798301696777,0.22565126419067383,0.48554301261901855,0.22964906692504883,0.24070978164672852,0.2337958812713623,0.23670196533203125,0.23484015464782715,0.20428228378295898,0.2303328514099121,0.22762417793273926
342,0.2220611572265625,0.20465874671936035,0.23383402824401855,0.23026204109191895,0.25473523139953613,0.21048283576965332,0.22536993026733398,0.21030282974243164,0.2333238124847412,0.2409679889678955,0.2235870361328125,0.2436070442199707,0.21039605140686035,0.23597288131713867,0.23183894157409668,0.23448801040649414,0.22547411918640137,0.2347567081451416,0.4998941421508789,0.21146178245544434,0.4788382053375244,0.22935795783996582,0.20523691177368164,0.2248518466949463,0.2305762767791748,0.22657012939453125,0.24704265594482422,0.23412108421325684,0.2094416618347168,0.2086789608001709,0.2375953197479248,0.2165839672088623,0.2509138584136963,0.24357008934020996,0.2445979118347168,0.2522151470184326,0.22839093208312988,0.2539241313934326,0.2311999797821045,0.21267414093017578,0.2391033172607422,0.49234580993652344,0.21117806434631348,0.22963523864746094,0.23546409606933594,0.23118376731872559,0.22977805137634277,0.249100923538208,0.2082979679107666,0.20434021949768066
343,0.2312331199645996,0.22639894485473633,0.2380809783935547,0.21112704277038574,0.22552800178527832,0.2314000129699707,0.20470404624938965,0.23138928413391113,0.23743486404418945,0.23416399955749512,0.20413684844970703,0.2254641056060791,0.2376701831817627,0.2175750732421875,0.23453187942504883,0.2075819969177246,0.2275838851928711,0.21007394790649414,0.2378380298614502,0.23314714431762695,0.23398399353027344,0.2365732192993164,0.23557019233703613,0.21220612525939941,0.22031521797180176,0.20969796180725098,0.23706388473510742,0.22023296356201172,0.2386767864227295,0.2295701503753662,0.23575282096862793,0.21861791610717773,0.23612594604492188,0.2246689796447754,0.2159409523010254,0.23803091049194336,0.2391648292541504,0.23822736740112305,0.2226550579071045,0.22921490669250488,0.2335660457611084,0.21092891693115234,0.23487401008605957,0.22993159294128418,0.26905322074890137,0.21230626106262207,0.23062968254089355,0.22040796279907227,0.23113799095153809,0.20798087120056152
344,0.2108631134033203,0.23331999778747559,0.24550914764404297,0.23778820037841797,0.24736881256103516,0.20637202262878418,0.21521592140197754,0.2083752155303955,0.22111201286315918,0.23419809341430664,0.22999811172485352,0.24235105514526367,0.20571017265319824,0.2203841209411621,0.20693278312683105,0.23791790008544922,0.21540522575378418,0.20520901679992676,0.45737409591674805,0.23366999626159668,0.23399710655212402,0.235368013381958,0.2216930389404297,0.2333071231842041,0.2322709560394287,0.2328169345855713,0.23586392402648926,0.23684096336364746,0.24256205558776855,0.21735620498657227,0.23369216918945312,0.24419212341308594,0.23481273651123047,0.2290637493133545,0.24370574951171875,0.22126412391662598,0.25165820121765137,0.22327566146850586,0.22290897369384766,0.2397158145904541,0.2396838665008545,0.4929180145263672,0.23372292518615723,0.24029326438903809,0.2355949878692627,0.22205090522766113,0.23162102699279785,0.2480146884918213,0.22575783729553223,0.2505679130554199
345,0.20601963996887207,0.20468974113464355,0.21328997611999512,0.20413780212402344,0.2525448799133301,0.2056410312652588,0.21630096435546875,0.22035598754882812,0.23791003227233887,0.21105098724365234,0.20625615119934082,0.21905088424682617,0.22125625610351562,0.22550582885742188,0.23112797737121582,0.23139405250549316,0.22629690170288086,0.23649311065673828,0.5187649726867676,0.22268915176391602,0.2141561508178711,0.2059619426727295,0.22785091400146484,0.2361588478088379,0.20962214469909668,0.23751401901245117,0.2122669219970703,0.23869109153747559,0.237443208694458,0.2216808795928955,0.2545928955078125,0.23713397979736328,0.21149492263793945,0.22795581817626953,0.22052597999572754,0.21670293807983398,0.23551177978515625,0.21216797828674316,0.21921205520629883,0.25352025032043457,0.23467493057250977,0.5000360012054443,0.2100229263305664,0.22030115127563477,0.4557178020477295,0.2461681365966797,0.3020777702331543,0.22432708740234375,0.2075347900390625,0.2349100112915039
346,0.2262260913848877,0.23549699783325195,0.20799589157104492,0.22779273986816406,0.25039005279541016,0.2417140007019043,0.4719409942626953,0.209669828414917,0.23577117919921875,0.25107884407043457,0.23568058013916016,0.23627114295959473,0.2199690341949463,0.21023797988891602,0.22662782669067383,0.20932817459106445,0.20152711868286133,0.22530198097229004,0.23805594444274902,0.23357486724853516,0.22364377975463867,0.234205961227417,0.44868993759155273,0.23935699462890625,0.20423197746276855,0.24743413925170898,0.21402502059936523,0.23199820518493652,0.21828293800354004,0.23070001602172852,0.22894525527954102,0.22683191299438477,0.23164796829223633,0.20683503150939941,0.21914386749267578,0.2068462371826172,0.2123279571533203,0.2245621681213379,0.22344183921813965,0.2334280014038086,0.245866060256958,0.24776601791381836,0.24783086776733398,0.21828317642211914,0.24132990837097168,0.2400798797607422,0.5012218952178955,0.5023338794708252,0.2162339687347412,0.2084360122680664
347,0.22368717193603516,0.20579099655151367,0.2304058074951172,0.20728206634521484,0.262969970703125,0.21600890159606934,0.2243027687072754,0.24271798133850098,0.2079169750213623,0.23539090156555176,0.2204759120941162,0.24756383895874023,0.21168303489685059,0.22350573539733887,0.222214937210083,0.24897384643554688,0.22130680084228516,0.20865488052368164,0.5502519607543945,0.204758882522583,0.20586109161376953,0.2510688304901123,0.2258129119873047,0.24834299087524414,0.2259829044342041,0.2108469009399414,0.24956631660461426,0.2275240421295166,0.24510478973388672,0.2287001609802246,0.20739412307739258,0.21215009689331055,0.24548006057739258,0.23134279251098633,0.2301778793334961,0.2446749210357666,0.22218966484069824,0.2140820026397705,0.20419883728027344,0.23074603080749512,0.2113969326019287,0.20969009399414062,0.21755218505859375,0.2249312400817871,0.2362520694732666,0.23825287818908691,0.25817203521728516,0.2380993366241455,0.2319188117980957,0.23381924629211426
348,0.23167705535888672,0.22154808044433594,0.22790908813476562,0.23381876945495605,0.22498607635498047,0.2291851043701172,0.24274301528930664,0.2328810691833496,0.2297971248626709,0.2395460605621338,0.23302197456359863,0.22339296340942383,0.2500739097595215,0.21781706809997559,0.20517301559448242,0.2359330654144287,0.2275087833404541,0.23415184020996094,0.23626923561096191,0.23302197456359863,0.22381901741027832,0.2092740535736084,0.47487688064575195,0.23650383949279785,0.2356719970703125,0.20800089836120605,0.23365020751953125,0.22194528579711914,0.2269749641418457,0.20500993728637695,0.20917677879333496,0.23639917373657227,0.2201218605041504,0.22015619277954102,0.23137211799621582,0.2421431541442871,0.210158109664917,0.23866009712219238,0.22228193283081055,0.20852994918823242,0.21441197395324707,0.544389009475708,0.2491161823272705,0.22343921661376953,0.5175888538360596,0.2223649024963379,0.27162909507751465,0.23520684242248535,0.24351000785827637,0.22917914390563965
349,0.2115640640258789,0.20426511764526367,0.21136093139648438,0.2231137752532959,0.23633217811584473,0.20714187622070312,0.21186518669128418,0.21158981323242188,0.22585225105285645,0.22311806678771973,0.20757079124450684,0.24466609954833984,0.23471903800964355,0.23578906059265137,0.2165851593017578,0.8103630542755127,0.2056570053100586,0.20700860023498535,0.5157349109649658,0.2089238166809082,0.2708921432495117,0.20787906646728516,0.22442913055419922,0.21168065071105957,0.21398711204528809,0.2219250202178955,0.20889925956726074,0.21369171142578125,0.2173748016357422,0.20615601539611816,0.22148895263671875,0.25643396377563477,0.21437621116638184,0.23069477081298828,0.2358400821685791,0.2271120548248291,0.2524909973144531,0.21015405654907227,0.2192091941833496,0.24102997779846191,0.23925185203552246,0.24051189422607422,0.41611409187316895,0.23366904258728027,0.23199725151062012,0.2440800666809082,0.22913479804992676,0.5138468742370605,0.23724126815795898,0.22267413139343262
350,0.22973203659057617,0.22245311737060547,0.49959897994995117,0.23403167724609375,0.24272727966308594,0.23471522331237793,0.20196199417114258,0.23192191123962402,0.23018527030944824,0.21614313125610352,0.20698094367980957,0.22774910926818848,0.20765185356140137,0.23650693893432617,0.22936797142028809,0.8011720180511475,0.2052009105682373,0.24334168434143066,0.23917818069458008,0.24913811683654785,0.32903575897216797,0.22588419914245605,0.22973895072937012,0.22564220428466797,0.23155832290649414,0.21638202667236328,0.23248910903930664,0.22372198104858398,0.248305082321167,0.22928905487060547,0.23113512992858887,0.23670029640197754,0.21830224990844727,0.23407411575317383,0.21399807929992676,0.24264979362487793,0.23644709587097168,0.21430397033691406,0.22578191757202148,0.24938178062438965,0.2387540340423584,0.5000960826873779,0.2313249111175537,0.2127082347869873,0.254727840423584,0.23414015769958496,0.24338603019714355,0.24346232414245605,0.2203199863433838,0.20664000511169434
351,0.2070939540863037,0.22741317749023438,0.2334001064300537,0.23333287239074707,0.22711586952209473,0.22240185737609863,0.22169017791748047,0.23380088806152344,0.22759413719177246,0.2394721508026123,0.2302398681640625,0.2520473003387451,0.20771193504333496,0.23577094078063965,0.22354793548583984,0.2447829246520996,0.23023080825805664,0.21361708641052246,0.7113769054412842,0.236037015914917,0.22534823417663574,0.21019625663757324,0.2105569839477539,0.21053504943847656,0.20496892929077148,0.2489469051361084,0.20753216743469238,0.21881484985351562,0.2398979663848877,0.22313690185546875,0.2317638397216797,0.23065710067749023,0.22846627235412598,0.23521113395690918,0.2284681797027588,0.2350771427154541,0.23587584495544434,0.2228991985321045,0.21312594413757324,0.23580694198608398,0.2464139461517334,0.21169495582580566,0.8288531303405762,0.22771096229553223,0.2345740795135498,0.20523595809936523,0.4709758758544922,0.5758099555969238,0.21392488479614258,0.23677325248718262
352,0.2201840877532959,0.20969605445861816,0.25054001808166504,0.20543909072875977,0.25867390632629395,0.22742795944213867,0.4823477268218994,0.20569586753845215,0.20508813858032227,0.2316889762878418,0.22391605377197266,0.21758794784545898,0.2247159481048584,0.25047874450683594,0.23262691497802734,0.22498607635498047,0.2394397258758545,0.2053050994873047,0.2333080768585205,0.23790192604064941,0.22072124481201172,0.2476942539215088,0.20533299446105957,0.2490530014038086,0.2316880226135254,0.2297670841217041,0.237717866897583,0.22692012786865234,0.2319929599761963,0.23594331741333008,0.23549199104309082,0.23868393898010254,0.48961710929870605,0.2310469150543213,0.25818514823913574,0.24254488945007324,0.23285293579101562,0.2162182331085205,0.227186918258667,0.2381439208984375,0.21155786514282227,0.4726831912994385,0.22967886924743652,0.24512672424316406,0.20967507362365723,0.24280285835266113,0.2425708770751953,0.21932005882263184,0.20830726623535156,0.23572993278503418
353,0.21697688102722168,0.23953890800476074,0.2347731590270996,0.23028087615966797,0.22072815895080566,0.204848051071167,0.2488420009613037,0.20740985870361328,0.2271890640258789,0.21074199676513672,0.2318880558013916,0.2308969497680664,0.23189616203308105,0.20972895622253418,0.23563694953918457,0.2297649383544922,0.2064511775970459,0.2277519702911377,0.25351977348327637,0.23536324501037598,0.22026920318603516,0.23685073852539062,0.220566987991333,0.2375638484954834,0.21982789039611816,0.2090461254119873,0.20636820793151855,0.22463321685791016,0.2411792278289795,0.23375797271728516,0.2364490032196045,0.2326509952545166,0.23630189895629883,0.21160602569580078,0.22337889671325684,0.2192702293395996,0.23147916793823242,0.3082280158996582,0.2302699089050293,0.2359628677368164,0.22237110137939453,0.5132510662078857,0.4750678539276123,0.23959612846374512,0.23406100273132324,0.2858619689941406,0.2323908805847168,0.3939337730407715,0.21304702758789062,0.2357339859008789
354,0.23568487167358398,0.21776366233825684,0.20810389518737793,0.2424001693725586,0.21900010108947754,0.20961213111877441,0.23675107955932617,0.2497248649597168,0.22290802001953125,0.21566319465637207,0.2068469524383545,0.2194232940673828,0.22158169746398926,0.2212529182434082,0.20870399475097656,0.22556209564208984,0.20409107208251953,0.20847797393798828,0.44988489151000977,0.20558905601501465,0.2116708755493164,0.23740720748901367,0.24307012557983398,0.2332925796508789,0.20975089073181152,0.23011994361877441,0.21413135528564453,0.23057794570922852,0.22663187980651855,0.2387378215789795,0.23163676261901855,0.22876882553100586,0.24266386032104492,0.253587007522583,0.2472090721130371,0.22452092170715332,0.23031020164489746,0.2379469871520996,0.2259831428527832,0.2336442470550537,0.21728992462158203,0.23862195014953613,0.4990057945251465,0.21596479415893555,0.2678699493408203,0.2078700065612793,0.21088385581970215,0.2369837760925293,0.2255113124847412,0.22346282005310059
355,0.23328590393066406,0.228118896484375,0.23638105392456055,0.22751402854919434,0.21582722663879395,0.2331218719482422,0.20917820930480957,0.2337508201599121,0.23525404930114746,0.22513079643249512,0.23287582397460938,0.24493908882141113,0.23247480392456055,0.20969605445861816,0.20629000663757324,0.4910299777984619,0.2313690185546875,0.2473142147064209,0.4692251682281494,0.2516648769378662,0.23511290550231934,0.23297715187072754,0.2095048427581787,0.23655223846435547,0.2304210662841797,0.20716500282287598,0.23154211044311523,0.20257878303527832,0.25767016410827637,0.22498202323913574,0.22421598434448242,0.22306394577026367,0.24906396865844727,0.22760915756225586,0.22168278694152832,0.214569091796875,0.2344520092010498,0.23769807815551758,0.2048482894897461,0.24638009071350098,0.20879578590393066,0.2257828712463379,0.22286415100097656,0.21757888793945312,0.23583388328552246,0.6473369598388672,0.2170119285583496,0.2702908515930176,0.23277616500854492,0.23124217987060547
356,0.21114683151245117,0.20778226852416992,0.22586274147033691,0.22919273376464844,0.24515509605407715,0.22416996955871582,0.22941803932189941,0.7988090515136719,0.23507475852966309,0.22950291633605957,0.20899200439453125,0.2434072494506836,0.22357988357543945,0.2129838466644287,0.23746776580810547,0.8932709693908691,0.2102830410003662,0.20662784576416016,0.22566819190979004,0.24254107475280762,0.23285722732543945,0.20735597610473633,0.23252010345458984,0.2086031436920166,0.20967817306518555,0.24896001815795898,0.24463677406311035,0.21123623847961426,0.2149491310119629,0.22613096237182617,0.23730897903442383,0.23391270637512207,0.23499608039855957,0.2121429443359375,0.21827912330627441,0.22239089012145996,0.2369372844696045,0.20871400833129883,0.20811986923217773,0.21204400062561035,0.22432398796081543,0.2175891399383545,0.23265790939331055,0.2294330596923828,0.251262903213501,0.22983789443969727,0.23116588592529297,0.22851204872131348,0.24088692665100098,0.20990800857543945
357,0.24454092979431152,0.21010994911193848,0.24667787551879883,0.23641610145568848,0.24373698234558105,0.23087501525878906,0.21923017501831055,0.23279619216918945,0.20801711082458496,0.22422003746032715,0.24259495735168457,0.24260973930358887,0.2101130485534668,0.2450411319732666,0.21936893463134766,0.3666391372680664,0.2464430332183838,0.23278117179870605,0.22759199142456055,0.22980713844299316,0.2265610694885254,0.2261190414428711,0.20692205429077148,0.24675774574279785,0.2311391830444336,0.20923209190368652,0.2601480484008789,0.2309281826019287,0.22546792030334473,0.24108099937438965,0.23576688766479492,0.23081111907958984,0.23616719245910645,0.22073006629943848,0.23015284538269043,0.2365267276763916,0.23927998542785645,0.21422529220581055,0.23437166213989258,0.23859906196594238,0.23664617538452148,0.21057701110839844,0.21733570098876953,0.20508980751037598,0.23620033264160156,0.22824597358703613,0.4813833236694336,0.22792816162109375,0.2240149974822998,0.2269599437713623
358,0.21049904823303223,0.24524688720703125,0.23230719566345215,0.20895886421203613,0.2425081729888916,0.20970702171325684,0.20578289031982422,0.20540714263916016,0.221390962600708,0.21464204788208008,0.20549607276916504,0.22626376152038574,0.2063302993774414,0.23699307441711426,0.2267591953277588,0.20994210243225098,0.20795917510986328,0.20788192749023438,0.20494484901428223,0.24219417572021484,0.2263178825378418,0.2220139503479004,0.23354387283325195,0.23770594596862793,0.22483491897583008,0.23075580596923828,0.23661208152770996,0.22038698196411133,0.23824524879455566,0.23750877380371094,0.24083495140075684,0.23971891403198242,0.23548603057861328,0.21989870071411133,0.2097001075744629,0.21159601211547852,0.22367405891418457,0.22780704498291016,0.26325392723083496,0.23677682876586914,0.23846030235290527,0.4770009517669678,0.23197579383850098,0.24579524993896484,0.24740219116210938,0.22951388359069824,0.23771381378173828,0.5351641178131104,0.21625804901123047,0.21327590942382812
359,0.22562789916992188,0.22551202774047852,0.21228718757629395,0.23723602294921875,0.22462105751037598,0.22887492179870605,0.4944479465484619,0.25015711784362793,0.22245502471923828,0.21999216079711914,0.20961308479309082,0.23419976234436035,0.2213609218597412,0.24314212799072266,0.20649099349975586,0.23209691047668457,0.23265385627746582,0.20584917068481445,0.21064186096191406,0.2271721363067627,0.20602917671203613,0.2140190601348877,0.44263601303100586,0.23770403861999512,0.242264986038208,0.21030783653259277,0.20744895935058594,0.23913073539733887,0.23305010795593262,0.23687291145324707,0.2328040599822998,0.25016307830810547,0.5315709114074707,0.23337006568908691,0.2309880256652832,0.22969913482666016,0.22934794425964355,0.22468090057373047,0.2734498977661133,0.22795414924621582,0.23366689682006836,0.23224306106567383,0.23495173454284668,0.21132993698120117,0.2685220241546631,0.21314096450805664,0.23514699935913086,0.21196317672729492,0.24537396430969238,0.23678374290466309
360,0.20618700981140137,0.21971678733825684,0.22260499000549316,0.20522069931030273,0.24339938163757324,0.20528602600097656,0.24002599716186523,0.2359619140625,0.2146129608154297,0.20929408073425293,0.22981595993041992,0.21746611595153809,0.2298879623413086,0.22226691246032715,0.23532509803771973,0.5023360252380371,0.2078080177307129,0.24877524375915527,0.22199010848999023,0.25734400749206543,0.2089850902557373,0.22355294227600098,0.24449729919433594,0.2384018898010254,0.2117929458618164,0.22907614707946777,0.2073211669921875,0.23188400268554688,0.2579152584075928,0.2315208911895752,0.2482771873474121,0.252565860748291,0.20805001258850098,0.21170306205749512,0.23693299293518066,0.20634698867797852,0.22960925102233887,0.21328401565551758,0.23255491256713867,0.25676631927490234,0.23859405517578125,0.22166800498962402,0.2121109962463379,0.23541808128356934,0.23580431938171387,0.23474907875061035,0.22910118103027344,0.4702780246734619,0.20827293395996094,0.22327423095703125
361,0.20917391777038574,0.22077584266662598,0.5568985939025879,0.2189629077911377,0.2326960563659668,0.24942994117736816,0.49834489822387695,0.5127558708190918,0.23397397994995117,0.23319602012634277,0.2162189483642578,0.2588467597961426,0.20847392082214355,0.22021722793579102,0.251054048538208,0.23259997367858887,0.2034440040588379,0.23287701606750488,0.498154878616333,0.23445987701416016,0.5167078971862793,0.21423101425170898,0.2105121612548828,0.23509502410888672,0.21897315979003906,0.22682499885559082,0.22240900993347168,0.2383120059967041,0.21720504760742188,0.2531399726867676,0.2363290786743164,0.23440289497375488,0.23740601539611816,0.20532679557800293,0.23740291595458984,0.23810100555419922,0.20500874519348145,0.22363805770874023,0.21342778205871582,0.23973798751831055,0.24783897399902344,0.23702192306518555,0.2612481117248535,0.23797607421875,0.24656391143798828,0.3741030693054199,0.40274500846862793,0.4842057228088379,0.23634576797485352,0.21209406852722168
362,0.24729704856872559,0.2183542251586914,0.23752403259277344,0.22587919235229492,0.2512671947479248,0.20992207527160645,0.23386335372924805,0.2063279151916504,0.23350191116333008,0.21804404258728027,0.24158406257629395,0.22255706787109375,0.2463386058807373,0.22423291206359863,0.20262980461120605,0.512017011642456,0.23752188682556152,0.20894408226013184,0.24260401725769043,0.21273493766784668,0.2364799976348877,0.2447659969329834,0.22896575927734375,0.2503960132598877,0.24365592002868652,0.22657418251037598,0.23087382316589355,0.21544909477233887,0.23158907890319824,0.23458313941955566,0.20758891105651855,0.43044209480285645,0.2362520694732666,0.2357161045074463,0.2442338466644287,0.2493600845336914,0.23025989532470703,0.2166461944580078,0.20654797554016113,0.22577309608459473,0.22878789901733398,0.2298440933227539,0.23601889610290527,0.23627996444702148,0.46216917037963867,0.4087543487548828,0.24157404899597168,0.23942804336547852,0.22762417793273926,0.2316889762878418
363,0.20738887786865234,0.23054790496826172,0.44141697883605957,0.20914101600646973,0.2167186737060547,0.22373199462890625,0.20745205879211426,0.22414803504943848,0.20816302299499512,0.21702909469604492,0.2336728572845459,0.24332904815673828,0.20799493789672852,0.20805978775024414,0.20522117614746094,0.2578396797180176,0.2224419116973877,0.2314000129699707,0.2257859706878662,0.22929930686950684,0.24886584281921387,0.23691320419311523,0.21367716789245605,0.22994518280029297,0.22846484184265137,0.20777297019958496,0.23117494583129883,0.2267611026763916,0.22963976860046387,0.2109510898590088,0.2326960563659668,0.24002909660339355,0.24069595336914062,0.23508787155151367,0.24201226234436035,0.2108747959136963,0.22304081916809082,0.234788179397583,0.23247218132019043,0.22335004806518555,0.21067285537719727,0.21470212936401367,0.24010109901428223,0.25034594535827637,0.23727798461914062,0.23946809768676758,0.4861302375793457,0.23742389678955078,0.21415495872497559,0.20733404159545898
364,0.23155808448791504,0.2046198844909668,0.23317670822143555,0.24916982650756836,0.22420883178710938,0.22983121871948242,0.48815202713012695,0.23187804222106934,0.24791502952575684,0.22666096687316895,0.21544504165649414,0.23221302032470703,0.23043298721313477,0.23525023460388184,0.23257207870483398,0.5210251808166504,0.22059917449951172,0.2070300579071045,0.21516132354736328,0.24225807189941406,0.20968985557556152,0.21146512031555176,0.22846698760986328,0.21098113059997559,0.23338580131530762,0.23617887496948242,0.23608708381652832,0.22830700874328613,0.20809197425842285,0.2298140525817871,0.2343759536743164,0.5285918712615967,0.5291202068328857,0.2519807815551758,0.22602272033691406,0.22211670875549316,0.22652506828308105,0.2658839225769043,0.22111797332763672,0.22721385955810547,0.23648309707641602,0.4413340091705322,0.22999095916748047,0.22738885879516602,0.5167899131774902,0.23339080810546875,0.23207688331604004,0.22844171524047852,0.24440717697143555,0.22063684463500977
365,0.2100229263305664,0.2256770133972168,0.22397971153259277,0.23350095748901367,0.24764299392700195,0.20522785186767578,0.2270219326019287,0.20789670944213867,0.20721197128295898,0.2386319637298584,0.20464491844177246,0.23484086990356445,0.20534181594848633,0.23681402206420898,0.23601889610290527,1.36834716796875,0.22342824935913086,0.24884605407714844,0.22328996658325195,0.2379899024963379,0.2322680950164795,0.2267148494720459,0.22468090057373047,0.23772096633911133,0.23282790184020996,0.2085249423980713,0.20607209205627441,0.20952296257019043,0.22957587242126465,0.24150872230529785,0.2291569709777832,0.2849428653717041,0.23659086227416992,0.23267698287963867,0.21696686744689941,0.2297351360321045,0.23665785789489746,0.23780608177185059,0.23106884956359863,0.2532382011413574,0.20532989501953125,0.2314591407775879,0.25377416610717773,0.21321702003479004,0.2410731315612793,0.22812294960021973,0.2134110927581787,0.210313081741333,0.2417137622833252,0.22812485694885254
366,0.22437787055969238,0.21640706062316895,0.21723222732543945,0.21176910400390625,0.22087693214416504,0.2474062442779541,0.20419096946716309,0.23052477836608887,0.2070016860961914,0.24797987937927246,0.21661901473999023,0.2445669174194336,0.20742297172546387,0.23494386672973633,0.22165894508361816,0.22894597053527832,0.21837401390075684,0.22566914558410645,0.21169304847717285,0.22123098373413086,0.23968219757080078,0.21749138832092285,0.225600004196167,0.23442506790161133,0.20885109901428223,0.24586820602416992,0.23290610313415527,0.23219799995422363,0.22172808647155762,0.24911093711853027,0.2199239730834961,0.35627269744873047,0.2351839542388916,0.2393331527709961,0.23670697212219238,0.2332899570465088,0.23181724548339844,0.24109888076782227,0.22694778442382812,0.22625994682312012,0.21898126602172852,0.45488810539245605,0.2380659580230713,0.2430579662322998,0.22947287559509277,0.228193998336792,0.22385716438293457,0.23086094856262207,0.23633313179016113,0.21132421493530273
367,0.22201800346374512,0.22194314002990723,0.22181224822998047,0.20546817779541016,0.23393487930297852,0.20867300033569336,0.21209120750427246,0.21006107330322266,0.22798991203308105,0.20973992347717285,0.24497675895690918,0.21614718437194824,0.2420511245727539,0.25457096099853516,0.2324049472808838,0.22966814041137695,0.23046207427978516,0.20398592948913574,0.2223670482635498,0.21196293830871582,0.20431303977966309,0.23525094985961914,0.20493793487548828,0.25296711921691895,0.2258620262145996,0.208298921585083,0.22256183624267578,0.20682024955749512,0.22904300689697266,0.23528027534484863,0.22490906715393066,0.28185296058654785,0.24843120574951172,0.22434210777282715,0.258054256439209,0.24385595321655273,0.23849987983703613,0.22135090827941895,0.21954011917114258,0.21437382698059082,0.23749232292175293,0.25379490852355957,0.22344303131103516,0.22388982772827148,0.23767399787902832,0.22789812088012695,0.20711779594421387,0.23072290420532227,0.21462130546569824,0.23234081268310547
368,0.21402716636657715,0.24152302742004395,0.21323895454406738,0.22374486923217773,0.22557806968688965,0.2044055461883545,0.5105791091918945,0.2316601276397705,0.20670604705810547,0.23557686805725098,0.20552492141723633,0.2448432445526123,0.2081737518310547,0.22904109954833984,0.207366943359375,0.21864032745361328,0.2245640754699707,0.23001432418823242,0.497143030166626,0.23082375526428223,0.23450636863708496,0.21643304824829102,0.21459102630615234,0.23415184020996094,0.22281384468078613,0.23162508010864258,0.21881794929504395,0.24681520462036133,0.23566365242004395,0.2375950813293457,0.23958802223205566,0.22998285293579102,0.23930072784423828,0.21179890632629395,0.22161483764648438,0.21331357955932617,0.21146821975708008,0.23458504676818848,0.2354280948638916,0.21793103218078613,0.2346210479736328,0.23487281799316406,0.23288202285766602,0.23156404495239258,0.20845985412597656,0.232774019241333,0.24132204055786133,0.21692895889282227,0.21274495124816895,0.2062079906463623
369,0.23145604133605957,0.23230266571044922,0.2458038330078125,0.2287611961364746,0.2289421558380127,0.2299330234527588,0.22584199905395508,0.2044680118560791,0.2515528202056885,0.23253512382507324,0.23276591300964355,0.22588086128234863,0.23049378395080566,0.2147078514099121,0.22695398330688477,0.21039104461669922,0.20193815231323242,0.2085247039794922,0.2090461254119873,0.2059948444366455,0.23003387451171875,0.2176058292388916,0.6707839965820312,0.23949074745178223,0.208848237991333,0.21001505851745605,0.23438811302185059,0.21129322052001953,0.2290787696838379,0.2313098907470703,0.20937490463256836,0.49563097953796387,0.23791003227233887,0.258591890335083,0.24518990516662598,0.24421405792236328,0.24254107475280762,0.21381688117980957,0.21918797492980957,0.22173404693603516,0.23647713661193848,0.23058605194091797,0.4881746768951416,0.21537089347839355,0.27035999298095703,0.5453898906707764,0.22852110862731934,0.22757315635681152,0.2476637363433838,0.2484879493713379
370,0.20682406425476074,0.21655702590942383,0.22662687301635742,0.22324109077453613,0.2155473232269287,0.2104778289794922,0.22685790061950684,0.22145295143127441,0.23430299758911133,0.21579480171203613,0.2089097499847412,0.24357295036315918,0.20994091033935547,0.2300248146057129,0.20545101165771484,0.49694395065307617,0.21109676361083984,0.2501518726348877,0.4706699848175049,0.2511422634124756,0.20662307739257812,0.2312021255493164,0.21073102951049805,0.23192882537841797,0.2361741065979004,0.20730090141296387,0.23595309257507324,0.20647501945495605,0.2517383098602295,0.21182727813720703,0.24981021881103516,0.23752522468566895,0.23488116264343262,0.23549103736877441,0.2242600917816162,0.22494220733642578,0.24059176445007324,0.2254629135131836,0.20543694496154785,0.23031282424926758,0.2128582000732422,0.22857379913330078,0.22020602226257324,0.22969698905944824,0.4986000061035156,0.23975515365600586,0.2400221824645996,0.23610305786132812,0.24191927909851074,0.20754504203796387
371,0.2319328784942627,0.20210599899291992,0.20760798454284668,0.22318792343139648,0.24447298049926758,0.23902201652526855,0.20958209037780762,0.226243257522583,0.2091381549835205,0.23313283920288086,0.2281358242034912,0.2370467185974121,0.2321460247039795,0.2360849380493164,0.22853732109069824,0.22516202926635742,0.20360016822814941,0.23499703407287598,0.5146653652191162,0.2085709571838379,0.23194289207458496,0.2107839584350586,0.23628687858581543,0.20922088623046875,0.2387089729309082,0.23931622505187988,0.24059319496154785,0.21714210510253906,0.21248888969421387,0.2536168098449707,0.23581480979919434,0.21072983741760254,0.22178411483764648,0.23734498023986816,0.21820282936096191,0.21491098403930664,0.23717713356018066,0.21136021614074707,0.2159712314605713,0.20478391647338867,0.24393391609191895,0.21409010887145996,0.2143261432647705,0.20704197883605957,0.2687191963195801,0.23489999771118164,0.5128879547119141,0.23875713348388672,0.2238781452178955,0.20734190940856934
372,0.22446799278259277,0.21718811988830566,0.22100281715393066,0.21463513374328613,0.23805975914001465,0.22777485847473145,0.2902951240539551,0.6997270584106445,0.23142409324645996,0.2314910888671875,0.22081685066223145,0.21805596351623535,0.22301888465881348,0.22429609298706055,0.22867107391357422,0.21719598770141602,0.24721813201904297,0.20811700820922852,0.82464599609375,0.23338603973388672,0.20906805992126465,0.24574685096740723,0.20429491996765137,0.24567914009094238,0.23391270637512207,0.21390008926391602,0.24286103248596191,0.2218928337097168,0.23523902893066406,0.22544288635253906,0.23586606979370117,0.23759794235229492,0.2217411994934082,0.23275113105773926,0.2261359691619873,0.2367079257965088,0.2294149398803711,0.2384650707244873,0.2336719036102295,0.22940778732299805,0.23966002464294434,0.4733541011810303,0.24904084205627441,0.20597028732299805,0.23475003242492676,0.25048184394836426,0.19499897956848145,0.2289581298828125,0.21203303337097168,0.22096681594848633
373,0.23001503944396973,0.24677610397338867,0.21436309814453125,0.22739028930664062,0.2171308994293213,0.20569300651550293,0.19396114349365234,0.2321469783782959,0.20462298393249512,0.23801779747009277,0.21331310272216797,0.21748089790344238,0.2065131664276123,0.23070001602172852,0.2066059112548828,0.2147982120513916,0.2075059413909912,0.22725296020507812,0.5171759128570557,0.20664286613464355,0.24512410163879395,0.21262598037719727,0.2305748462677002,0.20609617233276367,0.24989604949951172,0.22854399681091309,0.21841001510620117,0.24267292022705078,0.24138593673706055,0.21676111221313477,0.23828792572021484,0.22573614120483398,0.2189350128173828,0.235090970993042,0.21375012397766113,0.2184460163116455,0.24295902252197266,0.2588348388671875,0.2507948875427246,0.20824217796325684,0.23322081565856934,0.22187018394470215,0.237900972366333,0.24605202674865723,0.5301339626312256,0.21014022827148438,0.23568415641784668,0.22812986373901367,0.23142719268798828,0.22179412841796875
374,0.20576000213623047,0.20762181282043457,0.23024773597717285,0.22091412544250488,0.21802020072937012,0.22832417488098145,0.2474510669708252,0.20849108695983887,0.22151494026184082,0.21006393432617188,0.2257249355316162,0.21758675575256348,0.22346782684326172,0.2095508575439453,0.2365891933441162,0.29516077041625977,0.23553204536437988,0.2051253318786621,0.21152782440185547,0.23012995719909668,0.2268211841583252,0.2190990447998047,0.23466897010803223,0.23537302017211914,0.2069389820098877,0.2380990982055664,0.21637201309204102,0.20558404922485352,0.23105263710021973,0.21784424781799316,0.23335909843444824,0.21254420280456543,0.22180795669555664,0.24524164199829102,0.2238471508026123,0.22171783447265625,0.24935197830200195,0.222031831741333,0.23791217803955078,0.23580384254455566,0.23909711837768555,0.4845757484436035,0.23711299896240234,0.2084488868713379,0.21068334579467773,0.2145850658416748,0.25917577743530273,0.2264719009399414,0.24896621704101562,0.23446917533874512
375,0.20735907554626465,0.2304530143737793,0.2523379325866699,0.20746493339538574,0.21962213516235352,0.20479798316955566,0.20448589324951172,0.22728610038757324,0.23485684394836426,0.214432954788208,0.21554303169250488,0.24480628967285156,0.22309207916259766,0.22588896751403809,0.23410296440124512,0.22012615203857422,0.20642614364624023,0.22291898727416992,0.2262728214263916,0.22794318199157715,0.20450401306152344,0.22202777862548828,0.20703387260437012,0.23978185653686523,0.20808887481689453,0.23577594757080078,0.20542693138122559,0.2344040870666504,0.2575550079345703,0.22289204597473145,0.25275087356567383,0.2324669361114502,0.21724987030029297,0.21110010147094727,0.21488308906555176,0.2055668830871582,0.22722911834716797,0.24042892456054688,0.2354600429534912,0.25238585472106934,0.2289440631866455,0.23657703399658203,0.23243498802185059,0.22914695739746094,0.4913783073425293,0.7266700267791748,0.31400012969970703,0.4485619068145752,0.20987606048583984,0.22717618942260742
376,0.23108887672424316,0.21198105812072754,0.41347289085388184,0.23265624046325684,0.24415826797485352,0.2286691665649414,0.20644402503967285,0.20563983917236328,0.2331697940826416,0.2284862995147705,0.22241806983947754,0.24514412879943848,0.21136999130249023,0.2059621810913086,0.22755694389343262,1.090766191482544,0.2043592929840088,0.2376241683959961,0.21498394012451172,0.22539114952087402,0.2440509796142578,0.21526789665222168,0.25124216079711914,0.2325272560119629,0.22160601615905762,0.25090575218200684,0.2239999771118164,0.2077467441558838,0.22272396087646484,0.22969985008239746,0.23480725288391113,0.20809340476989746,0.21929669380187988,0.23968505859375,0.22968816757202148,0.21521615982055664,0.21152615547180176,0.23419427871704102,0.23446393013000488,0.23582792282104492,0.22910475730895996,0.2349228858947754,0.2127838134765625,0.21289825439453125,0.4325742721557617,0.23984599113464355,0.2642371654510498,0.4643440246582031,0.23524188995361328,0.2061481475830078
377,0.22565197944641113,0.22930908203125,0.23815011978149414,0.23703980445861816,0.23201608657836914,0.23267364501953125,0.23330473899841309,0.2243509292602539,0.2089526653289795,0.22700285911560059,0.23984599113464355,0.24387407302856445,0.2476029396057129,0.22402215003967285,0.20277094841003418,0.522080659866333,0.24553298950195312,0.23225998878479004,0.23822426795959473,0.20570898056030273,0.20952987670898438,0.238847017288208,0.23512601852416992,0.22523808479309082,0.22156095504760742,0.20603609085083008,0.23106026649475098,0.20614099502563477,0.21921515464782715,0.22425484657287598,0.21049880981445312,0.23287606239318848,0.23975396156311035,0.235029935836792,0.25452327728271484,0.2424921989440918,0.23780107498168945,0.263638973236084,0.20933198928833008,0.22643709182739258,0.21567797660827637,0.2114260196685791,0.2415788173675537,0.22956299781799316,0.4886350631713867,0.23731398582458496,0.47539710998535156,0.44225621223449707,0.23954391479492188,0.23331379890441895
378,0.22973203659057617,0.22455382347106934,0.2365257740020752,0.2056598663330078,0.22432422637939453,0.23962783813476562,0.2083728313446045,0.23760318756103516,0.23211312294006348,0.2101759910583496,0.20787978172302246,0.22268319129943848,0.2359311580657959,0.22811388969421387,0.21969914436340332,0.21091198921203613,0.2075338363647461,0.21109795570373535,0.46966004371643066,0.24454712867736816,0.22316408157348633,0.2156810760498047,0.2080821990966797,0.22339701652526855,0.23201489448547363,0.23489785194396973,0.22288918495178223,0.24294114112854004,0.20828580856323242,0.20570707321166992,0.23127388954162598,0.4827718734741211,0.4899430274963379,0.23801779747009277,0.23547101020812988,0.20912599563598633,0.2333848476409912,0.23303508758544922,0.2480771541595459,0.21049904823303223,0.20559167861938477,0.4694530963897705,0.220078706741333,0.225449800491333,0.2378520965576172,0.2476520538330078,0.23818707466125488,0.2471621036529541,0.23374485969543457,0.20428705215454102
379,0.20998096466064453,0.20404887199401855,0.4296839237213135,0.2460620403289795,0.23228025436401367,0.2319047451019287,0.23311591148376465,0.22739410400390625,0.2261497974395752,0.22936081886291504,0.20581459999084473,0.2440938949584961,0.23726701736450195,0.2347557544708252,0.2319800853729248,0.529789924621582,0.23125791549682617,0.2291707992553711,0.22779512405395508,0.23725271224975586,0.2278730869293213,0.21439099311828613,0.2062830924987793,0.20390105247497559,0.22627687454223633,0.24007201194763184,0.21560907363891602,0.20971012115478516,0.2127382755279541,0.21719121932983398,0.2386932373046875,0.5010597705841064,0.23685765266418457,0.25324296951293945,0.21605610847473145,0.2309739589691162,0.22418498992919922,0.2097160816192627,0.24032092094421387,0.24083709716796875,0.23427605628967285,0.22489094734191895,0.21634697914123535,0.22850632667541504,0.49948978424072266,0.22599506378173828,0.3118448257446289,0.24025702476501465,0.25810718536376953,0.2513160705566406
380,0.2304978370666504,0.22522592544555664,0.23050808906555176,0.21219992637634277,0.23712491989135742,0.23890924453735352,0.23026609420776367,0.2194197177886963,0.22936391830444336,0.23875904083251953,0.2160811424255371,0.22588300704956055,0.2064189910888672,0.208787202835083,0.23441791534423828,0.5654547214508057,0.20955896377563477,0.22587084770202637,0.23684382438659668,0.24442481994628906,0.2225790023803711,0.24407196044921875,0.22665786743164062,0.21084976196289062,0.20930695533752441,0.23677492141723633,0.224592924118042,0.23320722579956055,0.24248027801513672,0.22227883338928223,0.25296998023986816,0.21262621879577637,0.25109004974365234,0.2272319793701172,0.222855806350708,0.20765995979309082,0.2290489673614502,0.21760916709899902,0.2366018295288086,0.2541518211364746,0.23525309562683105,0.21705198287963867,0.22439122200012207,0.20679616928100586,0.22501492500305176,0.2057352066040039,0.49808526039123535,0.23348617553710938,0.24278616905212402,0.23580098152160645
381,0.207489013671875,0.22215604782104492,0.20744895935058594,0.2277979850769043,0.23016810417175293,0.24912810325622559,0.44376087188720703,0.2140791416168213,0.20511507987976074,0.24776196479797363,0.20574307441711426,0.25275683403015137,0.2359619140625,0.23252296447753906,0.22646093368530273,0.23283791542053223,0.2309739589691162,0.20466828346252441,0.20580697059631348,0.23742413520812988,0.4707369804382324,0.23497796058654785,0.22968196868896484,0.2407066822052002,0.22913837432861328,0.2573118209838867,0.21623706817626953,0.20722508430480957,0.21257710456848145,0.23800277709960938,0.2302558422088623,0.4646799564361572,0.5475718975067139,0.2416849136352539,0.2377769947052002,0.2331089973449707,0.20984721183776855,0.22825193405151367,0.22449707984924316,0.2356739044189453,0.2521529197692871,0.2278308868408203,0.21161699295043945,0.24345016479492188,0.24169683456420898,0.21713471412658691,0.5360229015350342,0.520780086517334,0.21469807624816895,0.20563197135925293
382,0.22153782844543457,0.21169590950012207,0.24661016464233398,0.20554089546203613,0.2581939697265625,0.2097947597503662,0.20454907417297363,0.24436211585998535,0.23717308044433594,0.21009612083435059,0.24911904335021973,0.21681904792785645,0.2501041889190674,0.25067806243896484,0.22922992706298828,0.2379918098449707,0.22737479209899902,0.23258018493652344,0.23230719566345215,0.23683786392211914,0.4579586982727051,0.2524378299713135,0.22812891006469727,0.24586796760559082,0.20646405220031738,0.2215108871459961,0.22173523902893066,0.2335679531097412,0.2315671443939209,0.2104799747467041,0.23992490768432617,0.4789283275604248,0.23813486099243164,0.2117910385131836,0.238677978515625,0.22176790237426758,0.231353759765625,0.2306807041168213,0.2651529312133789,0.2285621166229248,0.23702597618103027,0.4904489517211914,0.247467041015625,0.22989416122436523,0.2285900115966797,0.23618698120117188,0.2695009708404541,0.21918892860412598,0.20967507362365723,0.2321000099182129
383,0.23787808418273926,0.24928784370422363,0.21364498138427734,0.20903396606445312,0.2257847785949707,0.22611689567565918,0.21658778190612793,0.20866823196411133,0.24359393119812012,0.23970818519592285,0.20736908912658691,0.2394101619720459,0.2374098300933838,0.2347860336303711,0.20468521118164062,0.5076689720153809,0.22356319427490234,0.23508000373840332,0.21054697036743164,0.2282719612121582,0.22831511497497559,0.23276019096374512,0.6847898960113525,0.24115991592407227,0.2254629135131836,0.21436524391174316,0.2167668342590332,0.22431278228759766,0.23502302169799805,0.2327258586883545,0.23462486267089844,0.25044798851013184,0.2384200096130371,0.22856497764587402,0.21782398223876953,0.20489883422851562,0.2043929100036621,0.22960305213928223,0.2712719440460205,0.24089717864990234,0.23517894744873047,0.4924290180206299,0.23468375205993652,0.2565927505493164,0.21940994262695312,0.24938273429870605,0.384307861328125,0.21030902862548828,0.21485304832458496,0.2161421775817871
384,0.22896313667297363,0.20398402214050293,0.22649693489074707,0.24983596801757812,0.23403477668762207,0.21507716178894043,0.46981120109558105,0.22750592231750488,0.2472081184387207,0.2259368896484375,0.23105525970458984,0.22402620315551758,0.23448801040649414,0.2055201530456543,0.20477604866027832,0.2615070343017578,0.20586085319519043,0.20583605766296387,0.24852824211120605,0.21266508102416992,0.48653602600097656,0.236785888671875,0.24222373962402344,0.2332911491394043,0.22975897789001465,0.22320294380187988,0.23001503944396973,0.22514009475708008,0.23834013938903809,0.23495101928710938,0.20897388458251953,0.23818588256835938,0.2384791374206543,0.2540261745452881,0.2180020809173584,0.23347020149230957,0.22294092178344727,0.22407174110412598,0.23247790336608887,0.22509098052978516,0.23148584365844727,0.2042701244354248,0.4597742557525635,0.2295989990234375,0.2252669334411621,0.23407411575317383,0.4929831027984619,0.20900702476501465,0.23983526229858398,0.24093890190124512
385,0.21181893348693848,0.23046112060546875,0.21118903160095215,0.23303580284118652,0.21695685386657715,0.22841310501098633,0.20724201202392578,0.22085094451904297,0.2398669719696045,0.21512103080749512,0.20891809463500977,0.2520310878753662,0.20822501182556152,0.23675107955932617,0.22499299049377441,0.20914697647094727,0.2109239101409912,0.24699974060058594,0.48963022232055664,0.25243520736694336,0.21088600158691406,0.23362493515014648,0.20501708984375,0.22914719581604004,0.20870399475097656,0.2077620029449463,0.24295878410339355,0.2076551914215088,0.2403268814086914,0.20617985725402832,0.24037599563598633,0.2291851043701172,0.20928001403808594,0.23058795928955078,0.21821999549865723,0.2422327995300293,0.2356739044189453,0.21364307403564453,0.20527410507202148,0.22777295112609863,0.2104933261871338,0.21002626419067383,0.24330520629882812,0.23868107795715332,0.21817708015441895,0.23749518394470215,0.3928229808807373,0.2410602569580078,0.21348261833190918,0.20915508270263672
386,0.22695183753967285,0.2053358554840088,0.23202109336853027,0.20755720138549805,0.24482202529907227,0.514214038848877,0.23119115829467773,0.2153918743133545,0.22625994682312012,0.2415480613708496,0.22867584228515625,0.2516591548919678,0.2336587905883789,0.20864105224609375,0.24294281005859375,0.22483015060424805,0.23200392723083496,0.21004700660705566,0.5301759243011475,0.23408102989196777,0.2763097286224365,0.21025419235229492,0.20771503448486328,0.21172881126403809,0.23384618759155273,0.2279679775238037,0.2302086353302002,0.20812535285949707,0.2150859832763672,0.24328398704528809,0.21587109565734863,0.5053648948669434,0.21397972106933594,0.24267315864562988,0.2225780487060547,0.23799395561218262,0.23985576629638672,0.21215295791625977,0.22601819038391113,0.20707988739013672,0.25071001052856445,0.2390611171722412,0.24329280853271484,0.2272508144378662,0.24195384979248047,0.22787094116210938,0.49686312675476074,0.2500748634338379,0.23021221160888672,0.20640206336975098
387,0.22745180130004883,0.2086191177368164,0.4882488250732422,0.23283696174621582,0.2401587963104248,0.20886993408203125,0.2103440761566162,0.2464601993560791,0.24184679985046387,0.23974895477294922,0.222883939743042,0.24438691139221191,0.24322724342346191,0.24651002883911133,0.20905685424804688,0.54445481300354,0.22590994834899902,0.2304539680480957,0.2384340763092041,0.2081289291381836,0.23756694793701172,0.25308704376220703,0.23627591133117676,0.24813580513000488,0.23387384414672852,0.22771811485290527,0.2568330764770508,0.23595285415649414,0.2348020076751709,0.22740912437438965,0.22039079666137695,0.24460792541503906,0.23197007179260254,0.23283720016479492,0.22500395774841309,0.24210810661315918,0.2358388900756836,0.2364058494567871,0.21393990516662598,0.2330951690673828,0.23629403114318848,0.5102949142456055,0.2420649528503418,0.212691068649292,0.19356417655944824,0.2106921672821045,0.19604825973510742,0.23520994186401367,0.24411916732788086,0.22603201866149902
388,0.22544312477111816,0.24627208709716797,0.19102001190185547,0.20920324325561523,0.24357199668884277,0.5141091346740723,0.25984883308410645,0.23516011238098145,0.2117469310760498,0.23702621459960938,0.24562501907348633,0.24605107307434082,0.2067577838897705,0.20721173286437988,0.2246079444885254,0.21526598930358887,0.22823190689086914,0.20510530471801758,0.5312879085540771,0.2284560203552246,0.2347581386566162,0.23646903038024902,0.2506752014160156,0.20881199836730957,0.22341513633728027,0.2118079662322998,0.21896004676818848,0.25510597229003906,0.2363882064819336,0.24055695533752441,0.2202286720275879,0.1972332000732422,0.2366962432861328,0.23650383949279785,0.24368786811828613,0.2422327995300293,0.2318880558013916,0.27533793449401855,0.24028897285461426,0.20786213874816895,0.23889470100402832,0.46916913986206055,0.8438868522644043,0.24999117851257324,0.5030419826507568,0.2517261505126953,0.2357039451599121,0.23375701904296875,0.2488100528717041,0.21295690536499023
389,0.20562195777893066,0.2120668888092041,0.241898775100708,0.22268104553222656,0.22488689422607422,0.238494873046875,0.2109980583190918,0.23612213134765625,0.23370695114135742,0.2100522518157959,0.2208099365234375,0.21779513359069824,0.2149372100830078,0.23304986953735352,0.22897911071777344,0.7988920211791992,0.21144509315490723,0.20547199249267578,0.26228928565979004,0.21325993537902832,0.2256641387939453,0.2336118221282959,0.2935950756072998,0.23645687103271484,0.22897624969482422,0.23218679428100586,0.209122896194458,0.23723816871643066,0.2425248622894287,0.23754096031188965,0.22034001350402832,0.2343752384185791,0.25130510330200195,0.2467341423034668,0.23983097076416016,0.2224562168121338,0.25266599655151367,0.2301321029663086,0.2139902114868164,0.23238921165466309,0.23594212532043457,0.4678351879119873,0.2546272277832031,0.20760512351989746,0.23147892951965332,0.23294591903686523,0.5032758712768555,0.5317931175231934,0.23217272758483887,0.24777674674987793
390,0.20903897285461426,0.2287759780883789,0.22861218452453613,0.21953105926513672,0.2396407127380371,0.22619891166687012,0.20364713668823242,0.2062361240386963,0.229050874710083,0.23085689544677734,0.2143709659576416,0.2338249683380127,0.23287200927734375,0.2072310447692871,0.23477697372436523,0.2148590087890625,0.22532892227172852,0.2405986785888672,0.21275973320007324,0.2443850040435791,0.5032079219818115,0.23601174354553223,0.7433359622955322,0.23549294471740723,0.2070760726928711,0.23730087280273438,0.21393108367919922,0.2269449234008789,0.24205899238586426,0.23548603057861328,0.23339581489562988,0.4889976978302002,0.2516171932220459,0.21146011352539062,0.22153186798095703,0.21246099472045898,0.2306652069091797,0.21355390548706055,0.22570395469665527,0.22446990013122559,0.23590493202209473,0.22375822067260742,0.46932291984558105,0.23239612579345703,0.504979133605957,0.21239876747131348,0.2992870807647705,0.2516641616821289,0.20919179916381836,0.2339949607849121
391,0.23325896263122559,0.21261215209960938,0.21891188621520996,0.2212831974029541,0.22755789756774902,0.5230929851531982,0.495830774307251,0.2071828842163086,0.2350318431854248,0.22713494300842285,0.23066115379333496,0.2531552314758301,0.23341584205627441,0.2070751190185547,0.22548389434814453,0.5303788185119629,0.20734000205993652,0.21272993087768555,0.23690390586853027,0.20601296424865723,0.2320411205291748,0.23574399948120117,0.6329271793365479,0.23834800720214844,0.23836493492126465,0.24217700958251953,0.23030591011047363,0.21102571487426758,0.24542784690856934,0.24962687492370605,0.21735286712646484,0.23822903633117676,0.2503960132598877,0.23974108695983887,0.21843671798706055,0.2385401725769043,0.21343278884887695,0.22192883491516113,0.21805500984191895,0.23011302947998047,0.24800801277160645,0.47678494453430176,0.4992990493774414,0.20705890655517578,0.2093830108642578,0.23051905632019043,0.7047998905181885,0.9004569053649902,0.22351288795471191,0.2086641788482666
392,0.25330305099487305,0.22752904891967773,0.2498490810394287,0.22685599327087402,0.23455214500427246,0.2085249423980713,0.2069709300994873,0.2383589744567871,0.21022701263427734,0.22149300575256348,0.22234106063842773,0.22420907020568848,0.24985599517822266,0.23267602920532227,0.20324993133544922,0.23290395736694336,0.2527780532836914,0.23074913024902344,0.23643088340759277,0.20830106735229492,0.20482826232910156,0.2509431838989258,0.24850988388061523,0.24293184280395508,0.24308085441589355,0.20625805854797363,0.22372984886169434,0.20442819595336914,0.2244870662689209,0.230057954788208,0.20899581909179688,0.23784303665161133,0.23487615585327148,0.2295680046081543,0.22984790802001953,0.22377920150756836,0.2419722080230713,0.21852588653564453,0.20583295822143555,0.23157763481140137,0.20990514755249023,0.20781588554382324,0.4690680503845215,0.2350010871887207,0.2155590057373047,0.20725297927856445,0.29129695892333984,0.2558410167694092,0.21312403678894043,0.23047280311584473
393,0.2060410976409912,0.2183680534362793,0.2796661853790283,0.2088639736175537,0.24381303787231445,0.22533082962036133,0.23303794860839844,0.21532797813415527,0.2310779094696045,0.21682524681091309,0.23285293579101562,0.21811890602111816,0.20939087867736816,0.2296299934387207,0.22977375984191895,0.23540687561035156,0.20750689506530762,0.2076728343963623,0.23444008827209473,0.2260570526123047,0.22629094123840332,0.20940017700195312,0.2060718536376953,0.21437811851501465,0.24669218063354492,0.2126619815826416,0.229902982711792,0.2414567470550537,0.21393299102783203,0.212388277053833,0.21672773361206055,0.22935175895690918,0.20774483680725098,0.2418527603149414,0.23089885711669922,0.22972536087036133,0.2179861068725586,0.23175692558288574,0.23076987266540527,0.20589780807495117,0.23241901397705078,0.23559188842773438,0.21907567977905273,0.24965214729309082,0.23523807525634766,0.24448895454406738,0.233978271484375,0.23619699478149414,0.23193717002868652,0.2044379711151123
394,0.23121428489685059,0.20540213584899902,0.2244279384613037,0.24510478973388672,0.22409892082214355,0.22092890739440918,0.22359871864318848,0.23105192184448242,0.22338390350341797,0.22118186950683594,0.20361900329589844,0.21694207191467285,0.22834396362304688,0.20950794219970703,0.20603084564208984,0.2951481342315674,0.22581911087036133,0.23391318321228027,0.22489285469055176,0.20813488960266113,0.21161913871765137,0.21455907821655273,0.7506139278411865,0.23329782485961914,0.2401890754699707,0.23202109336853027,0.20915603637695312,0.21843194961547852,0.24214410781860352,0.23891210556030273,0.22031116485595703,0.4856538772583008,0.23461294174194336,0.24800825119018555,0.20894408226013184,0.20996499061584473,0.23980116844177246,0.20878005027770996,0.23101305961608887,0.2117621898651123,0.2381901741027832,0.23641610145568848,0.21393918991088867,0.21334004402160645,0.22027897834777832,0.20839691162109375,0.25220704078674316,0.2341611385345459,0.25548386573791504,0.2494640350341797
395,0.2113940715789795,0.23101592063903809,0.2304680347442627,0.2101421356201172,0.2397470474243164,0.22876691818237305,0.23101377487182617,0.2363910675048828,0.22185516357421875,0.216386079788208,0.20735430717468262,0.21896696090698242,0.20679879188537598,0.2324531078338623,0.23632478713989258,0.2339320182800293,0.22617506980895996,0.22236108779907227,0.23041701316833496,0.2502479553222656,0.2313978672027588,0.21259784698486328,0.22241687774658203,0.232712984085083,0.2247159481048584,0.23726916313171387,0.2323899269104004,0.21810102462768555,0.24262309074401855,0.2308030128479004,0.23996496200561523,0.21352815628051758,0.23535394668579102,0.23668313026428223,0.2377028465270996,0.22984695434570312,0.2426309585571289,0.22426795959472656,0.24480986595153809,0.2504098415374756,0.23894906044006348,0.2518031597137451,0.24637484550476074,0.22940587997436523,0.25046205520629883,0.21642494201660156,0.2063910961151123,0.2107410430908203,0.22844600677490234,0.21049809455871582
396,0.20766472816467285,0.20340704917907715,0.22451496124267578,0.20488882064819336,0.2302401065826416,0.24946308135986328,0.2097029685974121,0.2368299961090088,0.20618700981140137,0.2378709316253662,0.2290637493133545,0.2593841552734375,0.21016716957092285,0.20674896240234375,0.2200791835784912,0.2543497085571289,0.20726394653320312,0.2054579257965088,0.2834632396697998,0.2368481159210205,0.22268104553222656,0.22528505325317383,0.425612211227417,0.2092149257659912,0.2142629623413086,0.25951313972473145,0.2068488597869873,0.22815990447998047,0.2410898208618164,0.2546696662902832,0.21184396743774414,0.48763108253479004,0.2515749931335449,0.2329699993133545,0.2406320571899414,0.21184206008911133,0.23438811302185059,0.21640586853027344,0.22558999061584473,0.23569798469543457,0.24197697639465332,0.23685383796691895,0.23990583419799805,0.24118304252624512,0.22131991386413574,0.24415898323059082,0.21113300323486328,0.23359107971191406,0.22881507873535156,0.23007822036743164
397,0.23690390586853027,0.20589804649353027,0.463076114654541,0.2184922695159912,0.2566719055175781,0.2305748462677002,0.20389604568481445,0.23143911361694336,0.22118568420410156,0.21057796478271484,0.22907519340515137,0.21918416023254395,0.24724674224853516,0.24666523933410645,0.23677611351013184,0.32582902908325195,0.24653005599975586,0.23182415962219238,0.23030900955200195,0.2351090908050537,0.2313838005065918,0.23049020767211914,0.22080302238464355,0.23488903045654297,0.21059513092041016,0.22091007232666016,0.2323741912841797,0.234755277633667,0.23828411102294922,0.2392256259918213,0.23248505592346191,0.5350723266601562,0.24007296562194824,0.2105259895324707,0.23803210258483887,0.2207489013671875,0.2272629737854004,0.21747684478759766,0.23985624313354492,0.2350308895111084,0.21428799629211426,0.22979474067687988,0.23468303680419922,0.23018097877502441,0.21310901641845703,0.22382879257202148,0.22427129745483398,0.23771429061889648,0.20826005935668945,0.2088029384613037
398,0.21348309516906738,0.24862289428710938,0.2286520004272461,0.23091411590576172,0.2249460220336914,0.24521398544311523,0.22604107856750488,0.22364592552185059,0.2273709774017334,0.24216175079345703,0.22823095321655273,0.2201988697052002,0.23777318000793457,0.21022891998291016,0.2332768440246582,0.5613770484924316,0.20288324356079102,0.20488786697387695,0.2349081039428711,0.22827887535095215,0.2099010944366455,0.2183370590209961,0.2227320671081543,0.4997129440307617,0.2279069423675537,0.22074079513549805,0.23575401306152344,0.22789216041564941,0.22634077072143555,0.21947884559631348,0.22534608840942383,0.31586790084838867,0.22668099403381348,0.23546600341796875,0.24636006355285645,0.2299039363861084,0.21317577362060547,0.23827028274536133,0.2438647747039795,0.23912906646728516,0.23102521896362305,0.19478392601013184,0.24331903457641602,0.25785303115844727,0.4804799556732178,0.23297905921936035,0.21703815460205078,0.2334599494934082,0.21642780303955078,0.23299527168273926
399,0.23070216178894043,0.20864009857177734,0.23047399520874023,0.2217409610748291,0.21641802787780762,0.272305965423584,0.23331809043884277,0.1943056583404541,0.2514350414276123,0.23636507987976074,0.20863699913024902,0.22063684463500977,0.23655009269714355,0.2066640853881836,0.20092177391052246,0.7985937595367432,0.21490693092346191,0.23264312744140625,0.4740431308746338,0.21434307098388672,0.20607805252075195,0.22786712646484375,0.2201838493347168,0.23420333862304688,0.22938179969787598,0.20611095428466797,0.2339928150177002,0.20416879653930664,0.2431468963623047,0.22311019897460938,0.2087857723236084,0.4993400573730469,0.2157609462738037,0.25314784049987793,0.22631382942199707,0.24119210243225098,0.24698209762573242,0.25743889808654785,0.20894479751586914,0.22936701774597168,0.20925521850585938,0.23514008522033691,0.21269798278808594,0.22928500175476074,0.23467803001403809,0.21648812294006348,0.46819210052490234,0.23537707328796387,0.2433159351348877,0.2236011028289795
400,0.20606017112731934,0.22827696800231934,0.20678925514221191,0.2347879409790039,0.24526476860046387,0.22705626487731934,0.22604990005493164,0.24457907676696777,0.23931598663330078,0.23695683479309082,0.23258709907531738,0.24457907676696777,0.23581266403198242,0.21932625770568848,0.2087259292602539,0.5076987743377686,0.2276298999786377,0.22444415092468262,0.20786404609680176,0.2499232292175293,0.22384905815124512,0.22826600074768066,0.2287297248840332,0.22636985778808594,0.21141576766967773,0.21285772323608398,0.23857998847961426,0.22008085250854492,0.23592495918273926,0.2128431797027588,0.23217105865478516,0.2538321018218994,0.20931005477905273,0.23183274269104004,0.24327802658081055,0.23775815963745117,0.21210122108459473,0.2579619884490967,0.24251484870910645,0.2267451286315918,0.2203969955444336,0.47544002532958984,0.23883485794067383,0.23945879936218262,0.5157680511474609,0.2328341007232666,0.24971485137939453,0.23757696151733398,0.24517202377319336,0.22521018981933594
401,0.2356417179107666,0.20383715629577637,0.504370927810669,0.23693418502807617,0.2238903045654297,0.5176939964294434,0.20911407470703125,0.20745086669921875,0.23220205307006836,0.24722981452941895,0.2030792236328125,0.24583101272583008,0.2333676815032959,0.22774100303649902,0.25417590141296387,0.5365948677062988,0.20833182334899902,0.23154187202453613,0.5417821407318115,0.2445828914642334,0.24690723419189453,0.2120208740234375,0.2078840732574463,0.2101268768310547,0.232194185256958,0.2480008602142334,0.23630690574645996,0.22614288330078125,0.21250581741333008,0.25388216972351074,0.22177696228027344,0.24456501007080078,0.23552823066711426,0.2452688217163086,0.21582484245300293,0.23053407669067383,0.23076319694519043,0.20949792861938477,0.24112892150878906,0.2411022186279297,0.2560250759124756,0.24422907829284668,0.2461557388305664,0.21354317665100098,0.2488870620727539,0.22892427444458008,0.5078210830688477,0.24144697189331055,0.22493481636047363,0.20562982559204102
402,0.24882817268371582,0.20892596244812012,0.23075604438781738,0.23560690879821777,0.2333221435546875,0.5126233100891113,0.23047304153442383,0.23532891273498535,0.2263350486755371,0.24016070365905762,0.2235550880432129,0.23804807662963867,0.20534873008728027,0.2535860538482666,0.22153878211975098,0.2169489860534668,0.23895597457885742,0.23523998260498047,0.3271639347076416,0.21994805335998535,0.22960519790649414,0.25136303901672363,0.24613189697265625,0.23922395706176758,0.2332768440246582,0.23599720001220703,0.24779796600341797,0.24120092391967773,0.24405717849731445,0.231065034866333,0.24259686470031738,0.21423792839050293,0.21036577224731445,0.21392202377319336,0.2342848777770996,0.2510700225830078,0.23806285858154297,0.22017693519592285,0.2585031986236572,0.219465970993042,0.2172541618347168,0.21830201148986816,0.4771888256072998,0.2138078212738037,0.21718192100524902,0.2178819179534912,0.4523639678955078,0.233903169631958,0.23922014236450195,0.21451377868652344
403,0.21083498001098633,0.24870896339416504,0.21071195602416992,0.20502996444702148,0.2447648048400879,0.5300838947296143,0.2112741470336914,0.2344808578491211,0.20648694038391113,0.22701501846313477,0.2328629493713379,0.22589397430419922,0.2508878707885742,0.23494482040405273,0.23330903053283691,0.7785582542419434,0.22354793548583984,0.20523500442504883,0.489666223526001,0.22043299674987793,0.23577499389648438,0.21438312530517578,0.21042895317077637,0.22562408447265625,0.22528314590454102,0.23551321029663086,0.20900392532348633,0.2535281181335449,0.24169516563415527,0.20888233184814453,0.23516392707824707,0.9859340190887451,0.23845410346984863,0.2331850528717041,0.2125990390777588,0.23573803901672363,0.23972105979919434,0.2309279441833496,0.2635152339935303,0.21780896186828613,0.22752118110656738,0.22098898887634277,0.2355949878692627,0.2275981903076172,0.5241520404815674,0.23123884201049805,0.486968994140625,0.4533238410949707,0.23004388809204102,0.22905659675598145
404,0.2058870792388916,0.2051999568939209,0.23426604270935059,0.2200782299041748,0.22901678085327148,0.822080135345459,0.20433807373046875,0.20996308326721191,0.2423100471496582,0.21044516563415527,0.20759296417236328,0.2161571979522705,0.21113991737365723,0.20667123794555664,0.23450493812561035,0.5203981399536133,0.21462011337280273,0.20686602592468262,0.49172496795654297,0.2224421501159668,0.44030117988586426,0.2187199592590332,0.20533227920532227,0.22809219360351562,0.22680401802062988,0.2381119728088379,0.20582103729248047,0.2334897518157959,0.22145414352416992,0.23112893104553223,0.23792004585266113,0.19070696830749512,0.2275998592376709,0.24779105186462402,0.22290825843811035,0.2141420841217041,0.24455809593200684,0.21914124488830566,0.21630620956420898,0.22823190689086914,0.20571088790893555,0.21926093101501465,0.23443102836608887,0.22837305068969727,0.20785903930664062,0.21942806243896484,0.5305650234222412,0.24057817459106445,0.22543096542358398,0.22100186347961426
405,0.22927522659301758,0.23441386222839355,0.4743468761444092,0.23181581497192383,0.23886322975158691,0.5363659858703613,0.22875690460205078,0.22246503829956055,0.23534488677978516,0.24184489250183105,0.23301315307617188,0.24469923973083496,0.23218512535095215,0.23046207427978516,0.207381010055542,1.1057991981506348,0.20563721656799316,0.24971914291381836,0.48480796813964844,0.23076105117797852,0.23191595077514648,0.22220802307128906,0.7162158489227295,0.21297311782836914,0.20723199844360352,0.23612427711486816,0.22017192840576172,0.22841119766235352,0.23496603965759277,0.20872879028320312,0.24919605255126953,0.48281311988830566,0.21352601051330566,0.21317100524902344,0.2194058895111084,0.2186899185180664,0.21242403984069824,0.22970104217529297,0.22133302688598633,0.2498319149017334,0.23424005508422852,0.2207508087158203,0.22647380828857422,0.20975303649902344,0.47170281410217285,0.23090195655822754,0.24136900901794434,0.23061299324035645,0.21079301834106445,0.23788809776306152
406,0.23287200927734375,0.20709609985351562,0.21947693824768066,0.23580479621887207,0.21706700325012207,0.2180778980255127,0.20701003074645996,0.7110998630523682,0.21014189720153809,0.24999499320983887,0.20864057540893555,0.24015402793884277,0.23641610145568848,0.2063281536102295,0.23592185974121094,0.5448248386383057,0.22235512733459473,0.20524287223815918,0.21900010108947754,0.20590496063232422,0.20527386665344238,0.21474719047546387,0.5182130336761475,0.22593998908996582,0.23845481872558594,0.2390148639678955,0.23302602767944336,0.21179914474487305,0.21553897857666016,0.24576401710510254,0.20828914642333984,0.22674107551574707,0.23590874671936035,0.22528576850891113,0.22233796119689941,0.2355053424835205,0.22838878631591797,0.2293558120727539,0.20485401153564453,0.2111961841583252,0.22441911697387695,0.24434995651245117,0.35093235969543457,0.23533916473388672,0.23212122917175293,0.23868107795715332,0.3395390510559082,0.25580883026123047,0.23276090621948242,0.2290632724761963
407,0.22784805297851562,0.23158788681030273,0.22300481796264648,0.2093338966369629,0.24344491958618164,0.5219519138336182,0.23341679573059082,0.21541810035705566,0.23090195655822754,0.23724818229675293,0.24519872665405273,0.24538207054138184,0.2357177734375,0.254533052444458,0.20447421073913574,0.28151702880859375,0.23392200469970703,0.2339780330657959,0.2134389877319336,0.2167959213256836,0.22161102294921875,0.23943495750427246,0.8726799488067627,0.23415112495422363,0.2476649284362793,0.20647072792053223,0.2573387622833252,0.21776509284973145,0.22807884216308594,0.20802092552185059,0.23827195167541504,0.23197221755981445,0.22217297554016113,0.21342897415161133,0.2290821075439453,0.25000596046447754,0.20811700820922852,0.21681809425354004,0.21913909912109375,0.21633577346801758,0.2046520709991455,0.2399299144744873,0.5458390712738037,0.23424601554870605,0.5143458843231201,0.23608088493347168,0.5005571842193604,0.48523998260498047,0.23911404609680176,0.21473407745361328
408,0.22826409339904785,0.2192850112915039,0.21230792999267578,0.2300858497619629,0.2189347743988037,0.23575806617736816,0.22321820259094238,0.23029828071594238,0.20924901962280273,0.23632287979125977,0.20628619194030762,0.2231900691986084,0.2075190544128418,0.23601293563842773,0.22724199295043945,0.5471663475036621,0.2211751937866211,0.2081291675567627,0.45705127716064453,0.23105287551879883,0.23603510856628418,0.21021389961242676,0.3236982822418213,0.2054131031036377,0.22854924201965332,0.22746706008911133,0.23202013969421387,0.246812105178833,0.20949316024780273,0.23587703704833984,0.23610329627990723,0.23676633834838867,0.21003484725952148,0.23070693016052246,0.22804784774780273,0.24132704734802246,0.22971105575561523,0.22681427001953125,0.23479080200195312,0.25321221351623535,0.21857595443725586,0.2491457462310791,0.3765370845794678,0.24385929107666016,0.20990610122680664,0.24801421165466309,0.2546579837799072,0.24712920188903809,0.22504878044128418,0.20589280128479004
409,0.2103288173675537,0.20983195304870605,0.2469489574432373,0.22546815872192383,0.2179582118988037,0.2082819938659668,0.23547887802124023,0.23798298835754395,0.24619102478027344,0.22408318519592285,0.20517182350158691,0.21686601638793945,0.2428591251373291,0.23760008811950684,0.21016883850097656,0.23981595039367676,0.21486711502075195,0.23143887519836426,0.20641875267028809,0.234619140625,0.23508882522583008,0.2433478832244873,0.21235299110412598,0.213623046875,0.22960686683654785,0.23925089836120605,0.23393774032592773,0.2411060333251953,0.23367094993591309,0.24315309524536133,0.2346031665802002,0.5009908676147461,0.2398691177368164,0.2538878917694092,0.21097207069396973,0.2236931324005127,0.22687840461730957,0.21238398551940918,0.22795796394348145,0.22907590866088867,0.23088312149047852,0.23534893989562988,0.2367401123046875,0.21597790718078613,0.23523783683776855,0.21184802055358887,0.2369990348815918,0.2106320858001709,0.23163700103759766,0.2300858497619629
410,0.23111677169799805,0.2353830337524414,0.23497486114501953,0.22557783126831055,0.2197721004486084,0.5241100788116455,0.23509788513183594,0.22663497924804688,0.2065427303314209,0.21772289276123047,0.23451805114746094,0.24259305000305176,0.20752215385437012,0.23456215858459473,0.23088812828063965,0.24623513221740723,0.22668910026550293,0.2229759693145752,0.22569990158081055,0.22557401657104492,0.20830798149108887,0.23443984985351562,0.2380998134613037,0.2290177345275879,0.20658016204833984,0.23648905754089355,0.20682501792907715,0.23994183540344238,0.2263650894165039,0.22441387176513672,0.2515079975128174,0.3010380268096924,0.23688411712646484,0.22967028617858887,0.23641300201416016,0.21628594398498535,0.23615574836730957,0.22764086723327637,0.20958995819091797,0.23074984550476074,0.2061021327972412,0.2938530445098877,0.2295849323272705,0.23018908500671387,0.5297131538391113,0.2362217903137207,0.2242128849029541,0.23577332496643066,0.2262248992919922,0.23312735557556152
411,0.2058849334716797,0.23460602760314941,0.4634439945220947,0.20619893074035645,0.21557903289794922,0.22549819946289062,0.21076083183288574,0.22231101989746094,0.20911693572998047,0.2258281707763672,0.23169302940368652,0.23184895515441895,0.23711729049682617,0.20834875106811523,0.23236489295959473,0.2527480125427246,0.21348881721496582,0.20493292808532715,0.4934091567993164,0.22880005836486816,0.2584550380706787,0.23671412467956543,0.22029805183410645,0.20880389213562012,0.2299671173095703,0.25061988830566406,0.20611000061035156,0.23026418685913086,0.22407793998718262,0.23202991485595703,0.23149394989013672,0.238555908203125,0.2515869140625,0.23523783683776855,0.235792875289917,0.21740102767944336,0.22746586799621582,0.21276497840881348,0.22226524353027344,0.23011493682861328,0.24822711944580078,0.2549600601196289,0.24092483520507812,0.20858192443847656,0.19488191604614258,0.227888822555542,0.21806693077087402,0.2406291961669922,0.20890307426452637,0.20409798622131348
412,0.2218029499053955,0.23762106895446777,0.4691128730773926,0.21035003662109375,0.23821401596069336,0.2324538230895996,0.22443771362304688,0.21718597412109375,0.22487878799438477,0.21796798706054688,0.2284228801727295,0.23958230018615723,0.2079939842224121,0.24210786819458008,0.21520304679870605,0.5413837432861328,0.24315881729125977,0.23051786422729492,0.532163143157959,0.23424100875854492,0.2116849422454834,0.25211620330810547,0.23282694816589355,0.24609994888305664,0.20718598365783691,0.2421112060546875,0.2499828338623047,0.2376401424407959,0.21882081031799316,0.2137279510498047,0.21056699752807617,0.21180415153503418,0.2337179183959961,0.2123880386352539,0.2576711177825928,0.22628211975097656,0.21295523643493652,0.24406003952026367,0.222398042678833,0.20607900619506836,0.2079629898071289,0.22778797149658203,0.22806596755981445,0.23079705238342285,0.47172999382019043,0.2437429428100586,0.2376420497894287,0.2422809600830078,0.23850011825561523,0.23761415481567383
413,0.2307729721069336,0.2523832321166992,0.2311418056488037,0.23372101783752441,0.2396090030670166,0.5009679794311523,0.21045994758605957,0.21493983268737793,0.21157383918762207,0.24012494087219238,0.229017972946167,0.2239549160003662,0.23191595077514648,0.2104198932647705,0.22725677490234375,0.5228078365325928,0.2068171501159668,0.2105419635772705,0.5033090114593506,0.2059190273284912,0.23051214218139648,0.23418283462524414,0.22144198417663574,0.2398242950439453,0.25564074516296387,0.22081470489501953,0.2256479263305664,0.24950885772705078,0.21369385719299316,0.21991801261901855,0.2244272232055664,0.5315670967102051,0.23803997039794922,0.23923516273498535,0.22051191329956055,0.2130129337310791,0.22640085220336914,0.2722439765930176,0.2344510555267334,0.2323758602142334,0.23214173316955566,0.4713118076324463,0.21365785598754883,0.22417807579040527,0.23502802848815918,0.25266098976135254,0.502784013748169,0.2089250087738037,0.23732376098632812,0.235090970993042
414,0.21067428588867188,0.227431058883667,0.22880101203918457,0.26319217681884766,0.21808600425720215,0.5140430927276611,0.2053971290588379,0.23030877113342285,0.24497580528259277,0.23492121696472168,0.2086811065673828,0.24587297439575195,0.2539029121398926,0.2085268497467041,0.2048799991607666,0.5253429412841797,0.2341599464416504,0.2250509262084961,0.23694682121276855,0.2102348804473877,0.49931788444519043,0.23506712913513184,0.22902417182922363,0.2298109531402588,0.23494911193847656,0.2171008586883545,0.22023487091064453,0.21027612686157227,0.22577881813049316,0.22521495819091797,0.21116018295288086,0.49324607849121094,0.23230695724487305,0.23601508140563965,0.2201061248779297,0.22899889945983887,0.23517799377441406,0.23478913307189941,0.20241308212280273,0.20419979095458984,0.20372915267944336,0.22596216201782227,0.26875805854797363,0.23004913330078125,0.22463011741638184,0.23043513298034668,0.210313081741333,0.48568177223205566,0.2579777240753174,0.22040700912475586
415,0.22545313835144043,0.2033247947692871,0.23325181007385254,0.20969581604003906,0.23244786262512207,0.2267441749572754,0.2309250831604004,0.20740771293640137,0.2079639434814453,0.23570013046264648,0.230849027633667,0.22220802307128906,0.23355603218078613,0.2245769500732422,0.23467302322387695,0.80625319480896,0.21145296096801758,0.23777008056640625,0.47054314613342285,0.2459580898284912,0.20676136016845703,0.2102367877960205,0.20774292945861816,0.2099010944366455,0.2445380687713623,0.22991108894348145,0.21572494506835938,0.2156229019165039,0.22390413284301758,0.20801520347595215,0.25624513626098633,0.2379169464111328,0.20831990242004395,0.23618412017822266,0.24390578269958496,0.20667195320129395,0.21159100532531738,0.20992493629455566,0.22411108016967773,0.22251200675964355,0.20692086219787598,0.206071138381958,0.23935675621032715,0.21007990837097168,0.22021913528442383,0.23583078384399414,0.23226523399353027,0.23375487327575684,0.22080492973327637,0.20304608345031738
416,0.21478605270385742,0.2123401165008545,0.22986865043640137,0.23115801811218262,0.23247313499450684,0.7857952117919922,0.20913195610046387,0.23273897171020508,0.23361611366271973,0.24770092964172363,0.20383191108703613,0.23224782943725586,0.20877599716186523,0.21352910995483398,0.23125791549682617,0.5157639980316162,0.23369288444519043,0.2113940715789795,0.2111971378326416,0.21057486534118652,0.2343769073486328,0.22686004638671875,0.20612311363220215,0.24207520484924316,0.21912670135498047,0.2259809970855713,0.23134493827819824,0.2326221466064453,0.21071624755859375,0.22668814659118652,0.2346668243408203,0.25439000129699707,0.2532930374145508,0.24956107139587402,0.21630120277404785,0.23984694480895996,0.23705601692199707,0.2261500358581543,0.2186582088470459,0.23258686065673828,0.24607110023498535,0.5174226760864258,0.21965479850769043,0.20702004432678223,0.1978130340576172,0.2124018669128418,0.2319638729095459,0.20581412315368652,0.2153639793395996,0.2300889492034912
417,0.24351096153259277,0.2337207794189453,0.23519206047058105,0.24036931991577148,0.262725830078125,0.21440696716308594,0.5189549922943115,0.23438596725463867,0.2310190200805664,0.23875188827514648,0.2213733196258545,0.21900582313537598,0.20870709419250488,0.24538397789001465,0.22387099266052246,0.5150418281555176,0.25572824478149414,0.22962188720703125,0.22675418853759766,0.22794508934020996,0.20849609375,0.23263072967529297,0.5110619068145752,0.20771193504333496,0.22516703605651855,0.23364496231079102,0.22065305709838867,0.24191999435424805,0.23421573638916016,0.23003101348876953,0.2505640983581543,0.24039101600646973,0.23677587509155273,0.23557496070861816,0.23688888549804688,0.24862313270568848,0.23186206817626953,0.21500015258789062,0.22640085220336914,0.2047119140625,0.21437573432922363,0.5043909549713135,0.4664900302886963,0.22484993934631348,0.22987794876098633,0.23609328269958496,0.24701976776123047,0.23435115814208984,0.22678899765014648,0.2105090618133545
418,0.20881915092468262,0.22527575492858887,0.2328040599822998,0.22601008415222168,0.2467648983001709,0.23305583000183105,0.22774600982666016,0.22378802299499512,0.207352876663208,0.22804689407348633,0.2363119125366211,0.24312496185302734,0.22144198417663574,0.23749208450317383,0.20982789993286133,0.23052287101745605,0.2151322364807129,0.20615673065185547,0.20933198928833008,0.2113649845123291,0.24705195426940918,0.2220008373260498,0.7521250247955322,0.2082350254058838,0.2232811450958252,0.2371671199798584,0.23135113716125488,0.24631881713867188,0.24141287803649902,0.2109050750732422,0.24551892280578613,0.24176907539367676,0.23550701141357422,0.23468279838562012,0.21305441856384277,0.234818696975708,0.24002695083618164,0.24647021293640137,0.22409391403198242,0.23734092712402344,0.2282421588897705,0.3881683349609375,0.33527684211730957,0.2249312400817871,0.5181179046630859,0.2418498992919922,0.26108598709106445,0.24550914764404297,0.22879624366760254,0.23381710052490234
419,0.20492982864379883,0.22895002365112305,0.2080221176147461,0.22906780242919922,0.22250771522521973,0.2360389232635498,0.21941566467285156,0.20656299591064453,0.22679615020751953,0.2108142375946045,0.23557615280151367,0.21859312057495117,0.2333691120147705,0.23523211479187012,0.23273992538452148,0.20942306518554688,0.2329258918762207,0.23749303817749023,0.2344057559967041,0.22897720336914062,0.2086780071258545,0.21328401565551758,0.2054729461669922,0.23095297813415527,0.20716595649719238,0.23320293426513672,0.20483803749084473,0.23719334602355957,0.22345209121704102,0.22789716720581055,0.2152249813079834,0.24277520179748535,0.23587894439697266,0.2122821807861328,0.22592806816101074,0.20949411392211914,0.24126887321472168,0.2270371913909912,0.2339179515838623,0.23794031143188477,0.21514487266540527,0.23915600776672363,0.2404310703277588,0.23955178260803223,0.4946577548980713,0.21445512771606445,0.3730471134185791,0.24417591094970703,0.2245159149169922,0.22124195098876953
420,0.2326059341430664,0.21287894248962402,0.25077104568481445,0.21982288360595703,0.24271488189697266,0.22371506690979004,0.20644092559814453,0.23412203788757324,0.22704601287841797,0.24177885055541992,0.20680785179138184,0.23007512092590332,0.2273571491241455,0.22927284240722656,0.20655083656311035,0.22561883926391602,0.20500731468200684,0.25791287422180176,0.23424625396728516,0.22600603103637695,0.22950387001037598,0.22480201721191406,0.2351081371307373,0.2061469554901123,0.23407411575317383,0.20717406272888184,0.20688986778259277,0.23656797409057617,0.2606348991394043,0.20679688453674316,0.2534980773925781,0.21045589447021484,0.5011470317840576,0.2364790439605713,0.21151399612426758,0.22818994522094727,0.2133350372314453,0.21717309951782227,0.23376703262329102,0.2514920234680176,0.22189593315124512,0.2524278163909912,0.23635268211364746,0.22817182540893555,0.4629249572753906,0.21358990669250488,0.24973201751708984,0.23906707763671875,0.22281599044799805,0.2345428466796875
421,0.22994589805603027,0.22776031494140625,0.23784804344177246,0.22211503982543945,0.21660327911376953,0.2474968433380127,0.21928191184997559,0.2340390682220459,0.2100353240966797,0.2520029544830322,0.23355603218078613,0.24439096450805664,0.2410588264465332,0.20764589309692383,0.22162294387817383,0.22144699096679688,0.2302999496459961,0.22550392150878906,0.19501185417175293,0.2062981128692627,0.42076802253723145,0.2159879207611084,0.20669102668762207,0.22025513648986816,0.23522305488586426,0.2427828311920166,0.20484423637390137,0.21079087257385254,0.23030304908752441,0.24722599983215332,0.20717167854309082,0.23253202438354492,0.23469185829162598,0.22757220268249512,0.22933197021484375,0.21635198593139648,0.2408599853515625,0.22236299514770508,0.21065807342529297,0.23241019248962402,0.22993183135986328,0.4669220447540283,0.24478697776794434,0.24346709251403809,0.23836684226989746,0.2328929901123047,0.49710583686828613,0.23627996444702148,0.2115492820739746,0.20409297943115234
422,0.24068617820739746,0.20746397972106934,0.2525331974029541,0.21636700630187988,0.2478010654449463,0.2061450481414795,0.23374485969543457,0.20773720741271973,0.2334902286529541,0.23594880104064941,0.22446799278259277,0.24659991264343262,0.2301168441772461,0.22763919830322266,0.2311720848083496,0.5136141777038574,0.23679804801940918,0.21478486061096191,0.22150802612304688,0.22826790809631348,0.22439026832580566,0.23472905158996582,0.24958586692810059,0.23482990264892578,0.23420500755310059,0.21199321746826172,0.2464599609375,0.21486520767211914,0.2139739990234375,0.20737218856811523,0.22426414489746094,0.2283461093902588,0.5057289600372314,0.24254989624023438,0.25307178497314453,0.2328202724456787,0.23575496673583984,0.21352386474609375,0.2340540885925293,0.2053241729736328,0.20308208465576172,0.24178099632263184,0.4896230697631836,0.22432994842529297,0.238847017288208,0.20598578453063965,0.47664427757263184,0.4847412109375,0.2410888671875,0.20503807067871094
423,0.20801091194152832,0.22005724906921387,0.26251697540283203,0.23168706893920898,0.23140501976013184,0.29752206802368164,0.22989368438720703,0.23556971549987793,0.23606109619140625,0.23639488220214844,0.22710800170898438,0.22271418571472168,0.2356431484222412,0.23256969451904297,0.23487114906311035,0.22276878356933594,0.21065020561218262,0.22323393821716309,0.48847198486328125,0.21065402030944824,0.21374797821044922,0.21027731895446777,0.2051231861114502,0.2286536693572998,0.22339510917663574,0.23851609230041504,0.20561790466308594,0.25007176399230957,0.2214527130126953,0.24187803268432617,0.2119297981262207,0.46910786628723145,0.23908090591430664,0.23778414726257324,0.22818613052368164,0.22656607627868652,0.22858905792236328,0.2854740619659424,0.2542901039123535,0.2418961524963379,0.22707796096801758,0.46817803382873535,0.4782140254974365,0.2549898624420166,0.5146880149841309,0.2481238842010498,0.23563385009765625,0.23030710220336914,0.21970105171203613,0.21759510040283203
424,0.2322068214416504,0.229813814163208,0.21094703674316406,0.23480606079101562,0.24429583549499512,0.2063302993774414,0.2089228630065918,0.23383593559265137,0.2244551181793213,0.2352151870727539,0.2047121524810791,0.24729418754577637,0.21393585205078125,0.2367110252380371,0.21103501319885254,0.23067283630371094,0.23536109924316406,0.21260380744934082,0.22845220565795898,0.22902798652648926,0.22786307334899902,0.2184770107269287,0.20589590072631836,0.20833706855773926,0.23207402229309082,0.22545719146728516,0.2368769645690918,0.23250389099121094,0.23250389099121094,0.23813199996948242,0.2359938621520996,0.5162758827209473,0.23506903648376465,0.2280290126800537,0.21551895141601562,0.20887136459350586,0.25715088844299316,0.23022007942199707,0.23519301414489746,0.23289918899536133,0.21954679489135742,0.44769287109375,0.25281405448913574,0.21308016777038574,0.5029470920562744,0.21248102188110352,0.3048992156982422,0.2061009407043457,0.23740911483764648,0.24598288536071777
425,0.20865607261657715,0.20584416389465332,0.22891807556152344,0.2247781753540039,0.21808314323425293,0.2134990692138672,0.23253774642944336,0.20589208602905273,0.2059028148651123,0.22684001922607422,0.2067880630493164,0.22132396697998047,0.23000383377075195,0.2368168830871582,0.2321312427520752,0.22477197647094727,0.23422694206237793,0.2234630584716797,0.20904970169067383,0.2238771915435791,0.22537589073181152,0.22059297561645508,0.23319792747497559,0.23104286193847656,0.20618391036987305,0.2249469757080078,0.2371358871459961,0.20560812950134277,0.25868797302246094,0.23456597328186035,0.27013301849365234,0.23948192596435547,0.23069286346435547,0.2504439353942871,0.2441270351409912,0.23295903205871582,0.22431516647338867,0.21520280838012695,0.23675107955932617,0.254669189453125,0.21647000312805176,0.49394726753234863,0.2659299373626709,0.2318589687347412,0.23967885971069336,0.2208690643310547,0.27274584770202637,0.22403407096862793,0.21244096755981445,0.2070331573486328
426,0.20505380630493164,0.20500421524047852,0.46982598304748535,0.2569761276245117,0.22128796577453613,0.24846100807189941,0.20772624015808105,0.24956011772155762,0.22444534301757812,0.22717070579528809,0.20535778999328613,0.23535704612731934,0.25029778480529785,0.23352718353271484,0.22241592407226562,0.9065980911254883,0.20988702774047852,0.2182178497314453,0.23248004913330078,0.23499202728271484,0.23115992546081543,0.21584796905517578,0.23663020133972168,0.23478984832763672,0.22403979301452637,0.22379112243652344,0.21188807487487793,0.23876190185546875,0.22093796730041504,0.2517702579498291,0.2655971050262451,0.23506522178649902,0.2129957675933838,0.21080899238586426,0.22108197212219238,0.2134418487548828,0.21941089630126953,0.23298406600952148,0.26460814476013184,0.2358381748199463,0.24019479751586914,0.4961247444152832,0.24609804153442383,0.24243497848510742,0.5028848648071289,0.2259960174560547,0.22753310203552246,0.23260211944580078,0.20856904983520508,0.23217225074768066
427,0.24341416358947754,0.2330641746520996,0.2693369388580322,0.2150418758392334,0.25539708137512207,0.23511004447937012,0.21976995468139648,0.226334810256958,0.22083473205566406,0.24210095405578613,0.24692201614379883,0.2432548999786377,0.24031996726989746,0.2286238670349121,0.22894787788391113,0.5213611125946045,0.23398685455322266,0.23294901847839355,0.23481392860412598,0.23116207122802734,0.20862793922424316,0.23398399353027344,0.2545950412750244,0.2177727222442627,0.20441603660583496,0.2327098846435547,0.23506784439086914,0.2359941005706787,0.2176659107208252,0.23502063751220703,0.2426302433013916,0.47928619384765625,0.2409350872039795,0.23433589935302734,0.22872114181518555,0.24304509162902832,0.20598316192626953,0.23040986061096191,0.22974610328674316,0.2333672046661377,0.20854401588439941,0.502701997756958,0.243818998336792,0.22748804092407227,0.47087788581848145,0.20962882041931152,0.2571120262145996,0.22386503219604492,0.21892189979553223,0.20812320709228516
428,0.21200299263000488,0.22917819023132324,0.2248380184173584,0.22946786880493164,0.2326500415802002,0.20869088172912598,0.470980167388916,0.23032689094543457,0.2110919952392578,0.23541712760925293,0.2098848819732666,0.22366881370544434,0.2384471893310547,0.20599603652954102,0.2086939811706543,0.761573314666748,0.20448994636535645,0.23728394508361816,0.20778703689575195,0.2054281234741211,0.30243492126464844,0.2274482250213623,0.23563003540039062,0.22276782989501953,0.2444930076599121,0.22796893119812012,0.22088217735290527,0.2420048713684082,0.22626519203186035,0.23478412628173828,0.22514677047729492,0.4774167537689209,0.21384119987487793,0.24181008338928223,0.23531103134155273,0.2336289882659912,0.2150559425354004,0.2525510787963867,0.23043489456176758,0.23567700386047363,0.23125195503234863,0.25493407249450684,0.2659006118774414,0.25575685501098633,0.5021870136260986,0.2510840892791748,0.2286219596862793,0.47155189514160156,0.23204493522644043,0.23596811294555664
429,0.22866082191467285,0.225816011428833,0.45681214332580566,0.20258688926696777,0.21629071235656738,0.22943806648254395,0.231842041015625,0.23641705513000488,0.24713706970214844,0.2365727424621582,0.2315976619720459,0.24766206741333008,0.22073101997375488,0.21502685546875,0.20618271827697754,0.2192518711090088,0.22711491584777832,0.23849701881408691,0.46036362648010254,0.20724701881408691,0.2111797332763672,0.23801708221435547,0.230759859085083,0.22196507453918457,0.20418834686279297,0.2069098949432373,0.22079110145568848,0.20392084121704102,0.230010986328125,0.21067404747009277,0.2236781120300293,0.2539658546447754,0.22067785263061523,0.23114299774169922,0.22376418113708496,0.20968914031982422,0.2538480758666992,0.23746895790100098,0.20404386520385742,0.20955801010131836,0.20201396942138672,0.4823141098022461,0.22045111656188965,0.2373669147491455,0.5475318431854248,0.23542189598083496,0.2120039463043213,0.25066184997558594,0.24904108047485352,0.24583816528320312
430,0.2105569839477539,0.20286917686462402,0.21639394760131836,0.23218202590942383,0.24151086807250977,0.25676608085632324,0.20781993865966797,0.20809483528137207,0.20711302757263184,0.23298215866088867,0.20810437202453613,0.22180914878845215,0.22407293319702148,0.22652220726013184,0.22876596450805664,0.21702218055725098,0.21204900741577148,0.24926328659057617,0.2283191680908203,0.2505531311035156,0.22266197204589844,0.20983028411865234,0.24177193641662598,0.21129179000854492,0.2051410675048828,0.21336579322814941,0.2180500030517578,0.21753501892089844,0.225661039352417,0.22957205772399902,0.27484583854675293,0.2366189956665039,0.20896315574645996,0.25579214096069336,0.2196669578552246,0.23652887344360352,0.22711181640625,0.21226215362548828,0.22208309173583984,0.24516034126281738,0.2142620086669922,0.21260309219360352,0.5179669857025146,0.22778081893920898,0.24068093299865723,0.23494291305541992,0.24024009704589844,0.21274304389953613,0.24171805381774902,0.20334172248840332
431,0.2291889190673828,0.2072281837463379,0.2529263496398926,0.22527098655700684,0.22619009017944336,0.2236616611480713,0.25898075103759766,0.2315831184387207,0.22929000854492188,0.2534949779510498,0.20520901679992676,0.26104211807250977,0.22721409797668457,0.21402716636657715,0.2236039638519287,0.5151889324188232,0.23292994499206543,0.23572897911071777,0.20917391777038574,0.23554205894470215,0.2220630645751953,0.22487497329711914,0.21089625358581543,0.2180922031402588,0.23972702026367188,0.24930691719055176,0.2286229133605957,0.2277989387512207,0.20891714096069336,0.26001596450805664,0.25214695930480957,0.2371809482574463,0.47110819816589355,0.23403000831604004,0.21593379974365234,0.23575997352600098,0.24462008476257324,0.22783708572387695,0.21938467025756836,0.20860695838928223,0.2421739101409912,0.5001780986785889,0.20978093147277832,0.21143794059753418,0.4973618984222412,0.21001601219177246,0.23865294456481934,0.4629957675933838,0.2238163948059082,0.21143174171447754
432,0.22722101211547852,0.20426297187805176,0.218580961227417,0.23130011558532715,0.2574148178100586,0.8049960136413574,0.2104811668395996,0.20458292961120605,0.20601487159729004,0.23622608184814453,0.24339890480041504,0.22544097900390625,0.20613312721252441,0.2431790828704834,0.23332715034484863,0.2143690586090088,0.22223114967346191,0.2321457862854004,0.23319792747497559,0.20724201202392578,0.2153151035308838,0.24320578575134277,0.21573305130004883,0.23271608352661133,0.2284390926361084,0.2358109951019287,0.223128080368042,0.20824313163757324,0.23360204696655273,0.21970582008361816,0.2199840545654297,0.22707700729370117,0.21550512313842773,0.23459291458129883,0.2481088638305664,0.24106478691101074,0.22413992881774902,0.24415278434753418,0.23240184783935547,0.23222088813781738,0.21324610710144043,0.27123212814331055,0.48366880416870117,0.23967623710632324,0.5205199718475342,0.22394990921020508,0.23508405685424805,0.21484804153442383,0.2151660919189453,0.23372411727905273
433,0.20694279670715332,0.24698495864868164,0.21997618675231934,0.20625090599060059,0.22184276580810547,0.22866296768188477,0.23046112060546875,0.20647501945495605,0.2111191749572754,0.21213316917419434,0.20871496200561523,0.21948003768920898,0.23435115814208984,0.20965886116027832,0.20492005348205566,0.829326868057251,0.23163914680480957,0.2137153148651123,0.35168886184692383,0.23088383674621582,0.23146796226501465,0.23920798301696777,0.23395800590515137,0.20547199249267578,0.24702906608581543,0.23760509490966797,0.22664499282836914,0.2552921772003174,0.24055814743041992,0.21867084503173828,0.23225188255310059,0.5210480690002441,0.23529791831970215,0.21190690994262695,0.2430589199066162,0.21747589111328125,0.2117147445678711,0.23819184303283691,0.24213504791259766,0.24063467979431152,0.23247909545898438,0.6218962669372559,0.8252108097076416,0.24982905387878418,0.5367460250854492,0.22795486450195312,0.5249559879302979,0.21488261222839355,0.2087419033050537,0.23593592643737793
434,0.22380495071411133,0.21106195449829102,0.48184895515441895,0.24789905548095703,0.22057414054870605,0.2055048942565918,0.20401597023010254,0.23135805130004883,0.24616765975952148,0.23324799537658691,0.23517107963562012,0.23505687713623047,0.23547911643981934,0.23029708862304688,0.23351025581359863,0.5092706680297852,0.20982003211975098,0.23027706146240234,0.20742201805114746,0.21055388450622559,0.2350001335144043,0.2347400188446045,0.24851202964782715,0.24335384368896484,0.20329904556274414,0.23399877548217773,0.20753717422485352,0.22787976264953613,0.23718500137329102,0.2260732650756836,0.2351548671722412,0.2461538314819336,0.23052477836608887,0.2293698787689209,0.23323893547058105,0.21187996864318848,0.24106884002685547,0.21858787536621094,0.2170398235321045,0.2350170612335205,0.23638510704040527,0.5195498466491699,0.20708894729614258,0.23803329467773438,0.23419594764709473,0.23147201538085938,0.2395319938659668,0.23692727088928223,0.23384714126586914,0.22471284866333008
435,0.21019625663757324,0.22943878173828125,0.2314591407775879,0.2097928524017334,0.2455310821533203,0.21056890487670898,0.20799517631530762,0.23534417152404785,0.2101438045501709,0.2343919277191162,0.23656702041625977,0.2376089096069336,0.23755502700805664,0.20631790161132812,0.2097008228302002,0.23873305320739746,0.20587515830993652,0.22493696212768555,0.48563313484191895,0.2331850528717041,0.26735591888427734,0.23631787300109863,0.19085192680358887,0.2172231674194336,0.2148900032043457,0.20791101455688477,0.24780678749084473,0.2352440357208252,0.24179482460021973,0.20709705352783203,0.24963903427124023,0.4509611129760742,0.2350940704345703,0.2565319538116455,0.23203587532043457,0.23722076416015625,0.20743513107299805,0.21733498573303223,0.2215569019317627,0.24756908416748047,0.23519420623779297,0.2515859603881836,0.4736020565032959,0.2347099781036377,0.20804977416992188,0.20634818077087402,0.24386286735534668,0.5492289066314697,0.22095990180969238,0.22889304161071777
436,0.23474836349487305,0.2168712615966797,0.20685696601867676,0.25046825408935547,0.2168428897857666,0.24581003189086914,0.23936200141906738,0.20733118057250977,0.23185181617736816,0.25209689140319824,0.20606398582458496,0.24819087982177734,0.23464298248291016,0.20960783958435059,0.2188720703125,0.24886417388916016,0.21907877922058105,0.2281808853149414,0.23405122756958008,0.20630908012390137,0.23290300369262695,0.23630523681640625,0.7225770950317383,0.24876809120178223,0.23358893394470215,0.2235698699951172,0.22235703468322754,0.21152091026306152,0.2395327091217041,0.2475130558013916,0.23537707328796387,0.2530858516693115,0.20868277549743652,0.23417305946350098,0.2420969009399414,0.238800048828125,0.21094608306884766,0.2831289768218994,0.20478200912475586,0.2328200340270996,0.2454679012298584,0.2370760440826416,0.498244047164917,0.2357330322265625,0.22997212409973145,0.23401594161987305,0.23096799850463867,0.22507286071777344,0.21725797653198242,0.21073198318481445
437,0.24790215492248535,0.20319199562072754,0.2510812282562256,0.20392394065856934,0.24082016944885254,0.5131840705871582,0.2296130657196045,0.23215675354003906,0.235825777053833,0.23397612571716309,0.24637413024902344,0.2352440357208252,0.2349562644958496,0.24384593963623047,0.2269129753112793,0.7605602741241455,0.23618006706237793,0.21085214614868164,0.23634600639343262,0.2273852825164795,0.20661497116088867,0.24095511436462402,0.2049698829650879,0.23609018325805664,0.2043008804321289,0.22195887565612793,0.23079609870910645,0.23028111457824707,0.2150709629058838,0.20755696296691895,0.20973610877990723,0.22826218605041504,0.21590304374694824,0.23586726188659668,0.2386178970336914,0.25421714782714844,0.2392570972442627,0.20949888229370117,0.21490097045898438,0.2123260498046875,0.20843505859375,0.24904918670654297,0.41303014755249023,0.23265981674194336,0.21474194526672363,0.23686909675598145,0.23629975318908691,0.25844693183898926,0.2250349521636963,0.20758390426635742
438,0.20973777770996094,0.2296009063720703,0.23714303970336914,0.22172021865844727,0.24506807327270508,0.2103867530822754,0.2065720558166504,0.2073681354522705,0.23658967018127441,0.23824810981750488,0.2044978141784668,0.23753595352172852,0.2070307731628418,0.23614001274108887,0.2155001163482666,0.5492360591888428,0.2285628318786621,0.23137593269348145,0.2303910255432129,0.21313214302062988,0.24468016624450684,0.21192097663879395,0.23795604705810547,0.21097493171691895,0.24943804740905762,0.2127978801727295,0.22739005088806152,0.2196826934814453,0.22735381126403809,0.23649883270263672,0.23144102096557617,0.24316692352294922,0.25681495666503906,0.2375779151916504,0.21335768699645996,0.234694242477417,0.22585391998291016,0.23670125007629395,0.24660992622375488,0.23197603225708008,0.24136710166931152,0.2383098602294922,0.2100391387939453,0.24689316749572754,0.21797823905944824,0.2432401180267334,0.204542875289917,0.22616028785705566,0.21324801445007324,0.22119998931884766
439,0.22911381721496582,0.2290031909942627,0.49829983711242676,0.2572181224822998,0.2222461700439453,0.5356097221374512,0.23094820976257324,0.20592904090881348,0.22287726402282715,0.23135709762573242,0.20928001403808594,0.22781014442443848,0.23694109916687012,0.20999789237976074,0.21460199356079102,0.5499930381774902,0.23399019241333008,0.20776605606079102,0.20509600639343262,0.2295522689819336,0.20443296432495117,0.24472618103027344,0.2552480697631836,0.22609782218933105,0.20650315284729004,0.22997379302978516,0.2073531150817871,0.20530271530151367,0.24325203895568848,0.23923611640930176,0.24029994010925293,0.22936296463012695,0.23415803909301758,0.22617006301879883,0.24633312225341797,0.23373699188232422,0.2314918041229248,0.2133467197418213,0.20732808113098145,0.2435300350189209,0.23401498794555664,0.49932122230529785,0.2541208267211914,0.2114572525024414,0.49884700775146484,0.21441388130187988,0.22355985641479492,0.25147008895874023,0.24054980278015137,0.2270510196685791
440,0.2048330307006836,0.21501731872558594,0.2098388671875,0.24970388412475586,0.2466731071472168,0.5257167816162109,0.21064519882202148,0.23319602012634277,0.20714616775512695,0.2285451889038086,0.23015809059143066,0.21733403205871582,0.26523399353027344,0.23166799545288086,0.23415112495422363,0.8201751708984375,0.2096540927886963,0.22233891487121582,0.19971013069152832,0.22361087799072266,0.20938706398010254,0.2347431182861328,0.4574010372161865,0.21954631805419922,0.23460888862609863,0.20894789695739746,0.22956514358520508,0.23521113395690918,0.24672269821166992,0.23776817321777344,0.2511448860168457,0.2417011260986328,0.2383131980895996,0.2542412281036377,0.2218770980834961,0.2309861183166504,0.2230699062347412,0.23445796966552734,0.22254514694213867,0.24656891822814941,0.2402198314666748,0.231003999710083,0.22578811645507812,0.23853707313537598,0.2351360321044922,0.23132014274597168,0.48407983779907227,0.2212538719177246,0.21408390998840332,0.23617911338806152
441,0.21106600761413574,0.217940092086792,0.4719679355621338,0.2193470001220703,0.22941923141479492,0.24723291397094727,0.22648286819458008,0.2342538833618164,0.22264504432678223,0.2282571792602539,0.21084809303283691,0.24487900733947754,0.23717665672302246,0.23628807067871094,0.24821805953979492,0.49912023544311523,0.23111391067504883,0.2287609577178955,0.4854569435119629,0.23010611534118652,0.26395082473754883,0.23678088188171387,0.23012495040893555,0.234328031539917,0.20377278327941895,0.25020313262939453,0.20986509323120117,0.20709824562072754,0.2399590015411377,0.2408130168914795,0.23664116859436035,0.5165019035339355,0.2362840175628662,0.21163535118103027,0.21834206581115723,0.21017694473266602,0.21507573127746582,0.22740817070007324,0.23151421546936035,0.23898601531982422,0.24698090553283691,0.5072929859161377,0.3098142147064209,0.23494410514831543,0.5296378135681152,0.24892377853393555,0.2200329303741455,0.2152698040008545,0.20959997177124023,0.23403406143188477
442,0.23317813873291016,0.23152899742126465,0.22884917259216309,0.21031928062438965,0.25227999687194824,0.207719087600708,0.20537590980529785,0.2075340747833252,0.21918201446533203,0.21348118782043457,0.24441766738891602,0.22092890739440918,0.2367408275604248,0.24308490753173828,0.21723604202270508,0.5151011943817139,0.2217419147491455,0.21018195152282715,0.2451021671295166,0.21016383171081543,0.2487659454345703,0.25154995918273926,0.4851818084716797,0.22583985328674316,0.2086808681488037,0.23777985572814941,0.2519240379333496,0.23178601264953613,0.2265009880065918,0.2159278392791748,0.23135709762573242,0.20977210998535156,0.23590397834777832,0.2328789234161377,0.2643890380859375,0.2530670166015625,0.2059319019317627,0.22034382820129395,0.23584198951721191,0.23287677764892578,0.2381279468536377,0.5051519870758057,0.21613502502441406,0.2384350299835205,0.2657351493835449,0.2508261203765869,0.21906304359436035,0.22819900512695312,0.21729493141174316,0.23772788047790527
443,0.22093796730041504,0.22135305404663086,0.20720887184143066,0.23407411575317383,0.22669482231140137,0.5005612373352051,0.478532075881958,0.2464761734008789,0.22724509239196777,0.22526907920837402,0.2061450481414795,0.2511618137359619,0.20606279373168945,0.20635271072387695,0.20267772674560547,0.36998701095581055,0.2113480567932129,0.23037385940551758,0.9656639099121094,0.20667505264282227,0.20971202850341797,0.22635912895202637,0.8013560771942139,0.20563673973083496,0.24229216575622559,0.21319985389709473,0.23262310028076172,0.21842479705810547,0.2400047779083252,0.22375106811523438,0.20916295051574707,0.517545223236084,0.24599599838256836,0.23995709419250488,0.22011613845825195,0.23092985153198242,0.2290511131286621,0.23087692260742188,0.22661495208740234,0.2327117919921875,0.22982192039489746,0.5071229934692383,0.2132279872894287,0.24711108207702637,0.24494624137878418,0.26847004890441895,0.21903705596923828,0.22369790077209473,0.22353482246398926,0.20466208457946777
444,0.21530604362487793,0.2298130989074707,0.2382521629333496,0.20748519897460938,0.2189168930053711,0.23241090774536133,0.23244190216064453,0.2090620994567871,0.2510848045349121,0.21416401863098145,0.23390412330627441,0.2532012462615967,0.23306798934936523,0.2232060432434082,0.21245574951171875,0.5435912609100342,0.2142949104309082,0.23749303817749023,0.4794790744781494,0.22686004638671875,0.2330329418182373,0.21377825736999512,0.3780648708343506,0.23604083061218262,0.21482586860656738,0.20920395851135254,0.2071521282196045,0.20358037948608398,0.2152249813079834,0.20506811141967773,0.23826003074645996,0.23761892318725586,0.20947813987731934,0.23597097396850586,0.2215442657470703,0.24160528182983398,0.25395798683166504,0.22580766677856445,0.22159504890441895,0.21242499351501465,0.2092270851135254,0.5175328254699707,0.25205087661743164,0.2386181354522705,0.20713591575622559,0.2433321475982666,0.2314128875732422,0.23477792739868164,0.22940278053283691,0.24736285209655762
445,0.2283782958984375,0.2030951976776123,0.4570591449737549,0.2046349048614502,0.24709200859069824,0.20586872100830078,0.24971604347229004,0.23219823837280273,0.2081618309020996,0.22455406188964844,0.20695281028747559,0.24966096878051758,0.2306530475616455,0.21245694160461426,0.22959184646606445,0.24380087852478027,0.2226119041442871,0.25102806091308594,0.47717714309692383,0.2286221981048584,0.23693490028381348,0.21065425872802734,0.23557615280151367,0.22531986236572266,0.23621892929077148,0.21871280670166016,0.23278331756591797,0.23325800895690918,0.24787616729736328,0.20863580703735352,0.2493302822113037,0.5160729885101318,0.23268771171569824,0.2518961429595947,0.23417878150939941,0.2365250587463379,0.23639988899230957,0.21079397201538086,0.2376232147216797,0.24760770797729492,0.23700499534606934,0.5035030841827393,0.23783230781555176,0.2315821647644043,0.2102499008178711,0.22972798347473145,0.19068217277526855,0.23959016799926758,0.23010015487670898,0.20434999465942383
446,0.21013522148132324,0.2085587978363037,0.24125885963439941,0.2317969799041748,0.2502710819244385,0.23629283905029297,0.20979595184326172,0.2061781883239746,0.22993922233581543,0.23027825355529785,0.20605802536010742,0.26287102699279785,0.20652103424072266,0.2320709228515625,0.23369193077087402,0.5622367858886719,0.22268080711364746,0.23533010482788086,0.24743103981018066,0.22798681259155273,0.23157215118408203,0.2196180820465088,0.2093808650970459,0.22148394584655762,0.22185683250427246,0.23862004280090332,0.2068958282470703,0.20252609252929688,0.2374589443206787,0.2553889751434326,0.2358238697052002,0.23756718635559082,0.24006295204162598,0.23618602752685547,0.21687698364257812,0.2351219654083252,0.23305916786193848,0.23901629447937012,0.22704577445983887,0.23845911026000977,0.24808073043823242,0.23746371269226074,0.5050239562988281,0.21352195739746094,0.23730826377868652,0.20708012580871582,0.2493293285369873,0.2215101718902588,0.23731780052185059,0.20639419555664062
447,0.23415279388427734,0.2344977855682373,0.23067712783813477,0.2064361572265625,0.26789093017578125,0.24695491790771484,0.22954916954040527,0.23566722869873047,0.20504188537597656,0.21938204765319824,0.2468128204345703,0.2470378875732422,0.21063709259033203,0.25078725814819336,0.2162177562713623,0.5346896648406982,0.2266390323638916,0.20508193969726562,0.5085229873657227,0.23606395721435547,0.2095661163330078,0.23322820663452148,0.24788522720336914,0.21828508377075195,0.2178041934967041,0.2406141757965088,0.2523820400238037,0.20548295974731445,0.2315669059753418,0.2329390048980713,0.23593497276306152,0.23388004302978516,0.2358691692352295,0.2283179759979248,0.25543808937072754,0.24927592277526855,0.23949885368347168,0.28048110008239746,0.2869999408721924,0.23730206489562988,0.23483061790466309,0.21193599700927734,0.25791287422180176,0.2355799674987793,0.2315840721130371,0.21966195106506348,0.23576807975769043,0.4647040367126465,0.2326507568359375,0.2051239013671875
448,0.21077394485473633,0.22305893898010254,0.23427700996398926,0.2513718605041504,0.24755573272705078,0.21529221534729004,0.24110913276672363,0.23752999305725098,0.20867395401000977,0.20972704887390137,0.2502126693725586,0.2256147861480713,0.23447394371032715,0.23594403266906738,0.22967290878295898,0.2534651756286621,0.233353853225708,0.20993304252624512,0.23178696632385254,0.20905208587646484,0.2212531566619873,0.2227189540863037,0.2071239948272705,0.22689199447631836,0.2362680435180664,0.24056291580200195,0.21099591255187988,0.2547571659088135,0.23782706260681152,0.23884868621826172,0.23686718940734863,0.23717999458312988,0.2506899833679199,0.211259126663208,0.2274928092956543,0.22493982315063477,0.22795796394348145,0.22639894485473633,0.2529480457305908,0.23075604438781738,0.2111673355102539,0.5132768154144287,0.23690319061279297,0.253248929977417,0.23874688148498535,0.25569796562194824,0.2339458465576172,0.2487170696258545,0.21018171310424805,0.2222588062286377
449,0.216871976852417,0.23006010055541992,0.20783114433288574,0.2342541217803955,0.22495627403259277,0.22854900360107422,0.2250959873199463,0.2083289623260498,0.2491779327392578,0.459597110748291,0.20922589302062988,0.24834084510803223,0.23586606979370117,0.2361431121826172,0.20535492897033691,0.2240140438079834,0.20491504669189453,0.23467111587524414,0.24080204963684082,0.23055481910705566,0.2280740737915039,0.21462702751159668,0.39533472061157227,0.2070751190185547,0.20406508445739746,0.22539496421813965,0.21265912055969238,0.23569202423095703,0.23249411582946777,0.23579692840576172,0.23525404930114746,0.24132609367370605,0.5327539443969727,0.23288607597351074,0.24402093887329102,0.21157193183898926,0.22721529006958008,0.22271227836608887,0.23003196716308594,0.24129414558410645,0.22794008255004883,0.530555009841919,0.2563469409942627,0.22223186492919922,0.23894691467285156,0.23305130004882812,0.256181001663208,0.2588658332824707,0.25319409370422363,0.24546003341674805
450,0.22574400901794434,0.21140217781066895,0.2509768009185791,0.20885777473449707,0.24069690704345703,0.20945978164672852,0.20447301864624023,0.2286849021911621,0.23636293411254883,0.24115514755249023,0.23105525970458984,0.21819686889648438,0.23658490180969238,0.20821094512939453,0.20408225059509277,0.24678516387939453,0.20919299125671387,0.24829483032226562,0.35018301010131836,0.22156596183776855,0.26541900634765625,0.22679591178894043,0.23650789260864258,0.23891305923461914,0.21996402740478516,0.21466302871704102,0.2306990623474121,0.22484040260314941,0.2531929016113281,0.2323901653289795,0.24790692329406738,0.2110919952392578,0.23646903038024902,0.2576611042022705,0.22317123413085938,0.21521782875061035,0.2265338897705078,0.21860980987548828,0.2223050594329834,0.2466869354248047,0.2130107879638672,0.2437140941619873,0.21137666702270508,0.21894192695617676,0.22993779182434082,0.2129969596862793,0.4517021179199219,0.2534358501434326,0.23628592491149902,0.20856595039367676
451,0.21046090126037598,0.2304210662841797,0.3368232250213623,0.2468278408050537,0.2156982421875,0.2282259464263916,0.21187114715576172,0.20680594444274902,0.23462128639221191,0.23719000816345215,0.21201395988464355,0.2638840675354004,0.20772409439086914,0.2299182415008545,0.24772191047668457,0.27028417587280273,0.22835206985473633,0.23802590370178223,0.22855329513549805,0.2371079921722412,0.20653414726257324,0.2383260726928711,0.25058507919311523,0.2445080280303955,0.22313714027404785,0.2259211540222168,0.20944595336914062,0.2120039463043213,0.22713232040405273,0.24912619590759277,0.2108001708984375,0.5090670585632324,0.23288702964782715,0.23537278175354004,0.21859312057495117,0.24935674667358398,0.22197484970092773,0.21891999244689941,0.20579981803894043,0.20908617973327637,0.22091293334960938,0.5300219058990479,0.21675705909729004,0.21620893478393555,0.21167898178100586,0.23423194885253906,0.26166391372680664,0.2191610336303711,0.2339160442352295,0.23165202140808105
452,0.24010825157165527,0.20330476760864258,0.2088010311126709,0.20430898666381836,0.2449018955230713,0.22669601440429688,0.2363119125366211,0.2481670379638672,0.20776009559631348,0.23364782333374023,0.23586583137512207,0.22182083129882812,0.22446894645690918,0.23104095458984375,0.20641207695007324,0.6354260444641113,0.25313568115234375,0.2400529384613037,0.48357081413269043,0.23627591133117676,0.24650287628173828,0.22692203521728516,0.20705175399780273,0.24066472053527832,0.21754717826843262,0.2135469913482666,0.24624156951904297,0.23233389854431152,0.21430206298828125,0.2115621566772461,0.23772597312927246,0.5148780345916748,0.2091221809387207,0.23421812057495117,0.23264408111572266,0.24932122230529785,0.2444770336151123,0.20824098587036133,0.21232390403747559,0.22184205055236816,0.22185111045837402,0.681779146194458,0.23736095428466797,0.22028398513793945,0.22644615173339844,0.22872090339660645,0.2501649856567383,0.22222065925598145,0.24094891548156738,0.20356202125549316
453,0.21973204612731934,0.22285676002502441,0.23545384407043457,0.23174595832824707,0.24192166328430176,0.20596528053283691,0.22827911376953125,0.2087700366973877,0.23336482048034668,0.2349388599395752,0.2050778865814209,0.24474096298217773,0.20610308647155762,0.22271013259887695,0.2321789264678955,0.28961682319641113,0.22626924514770508,0.22390127182006836,0.5294032096862793,0.23600006103515625,0.2101907730102539,0.23673605918884277,0.37912487983703613,0.2099299430847168,0.23671579360961914,0.23297977447509766,0.2079179286956787,0.2260890007019043,0.23916888236999512,0.23834705352783203,0.23819899559020996,0.22855401039123535,0.24495792388916016,0.23522400856018066,0.2091350555419922,0.2371671199798584,0.23720407485961914,0.22974395751953125,0.249708890914917,0.23179388046264648,0.21363019943237305,0.20940065383911133,0.2162799835205078,0.23318004608154297,0.1994330883026123,0.23086285591125488,0.2440321445465088,0.2296741008758545,0.22377514839172363,0.2090921401977539
454,0.22473812103271484,0.23573088645935059,0.22589516639709473,0.6440010070800781,0.22394514083862305,0.22455763816833496,0.22724509239196777,0.2059769630432129,0.2463397979736328,0.24533915519714355,0.21641016006469727,0.2291550636291504,0.21277594566345215,0.21473217010498047,0.2114262580871582,0.28153419494628906,0.22832179069519043,0.21596598625183105,0.2292468547821045,0.20648717880249023,0.7334699630737305,0.23415613174438477,0.5056419372558594,0.23639512062072754,0.2201378345489502,0.23602795600891113,0.23732972145080566,0.23166489601135254,0.22887086868286133,0.23626399040222168,0.23279476165771484,0.21853184700012207,0.23412609100341797,0.23461389541625977,0.21301889419555664,0.23617792129516602,0.24032187461853027,0.23328518867492676,0.22399306297302246,0.23784613609313965,0.23336386680603027,0.21236205101013184,0.2214829921722412,0.23143601417541504,0.22846269607543945,0.2306349277496338,0.2122650146484375,0.23026514053344727,0.23047280311584473,0.24636602401733398
455,0.2051389217376709,0.23491597175598145,0.22163772583007812,0.22879886627197266,0.24879717826843262,0.2116379737854004,0.2291703224182129,0.2337799072265625,0.20735883712768555,0.211806058883667,0.2354891300201416,0.21674203872680664,0.2335669994354248,0.22373509407043457,0.2320849895477295,0.28685784339904785,0.20601487159729004,0.22295808792114258,0.21435785293579102,0.2496492862701416,0.20898103713989258,0.23609423637390137,0.4965827465057373,0.2257852554321289,0.21471786499023438,0.23760485649108887,0.20900774002075195,0.20731115341186523,0.22581720352172852,0.22953486442565918,0.24896669387817383,0.22223782539367676,0.21840214729309082,0.211777925491333,0.2351837158203125,0.23026299476623535,0.2143418788909912,0.24006032943725586,0.228867769241333,0.25349879264831543,0.2375640869140625,0.24135804176330566,0.23323893547058105,0.2402641773223877,0.20874381065368652,0.23903203010559082,0.23544001579284668,0.2266089916229248,0.22170424461364746,0.20766305923461914
456,0.20829081535339355,0.20515799522399902,0.2248828411102295,0.20524907112121582,0.24729013442993164,0.23726820945739746,0.21049714088439941,0.23564815521240234,0.24018096923828125,0.24039196968078613,0.2361736297607422,0.2561991214752197,0.23276281356811523,0.21783113479614258,0.22232699394226074,0.22776389122009277,0.20605206489562988,0.22427701950073242,0.2252941131591797,0.2343149185180664,0.20775580406188965,0.23692989349365234,0.20961785316467285,0.22714900970458984,0.20516109466552734,0.2470989227294922,0.21934103965759277,0.2332289218902588,0.22968292236328125,0.25554609298706055,0.2391040325164795,0.21439218521118164,0.2193617820739746,0.2318708896636963,0.23824501037597656,0.21152615547180176,0.22202301025390625,0.22626590728759766,0.20499706268310547,0.23377728462219238,0.24764227867126465,0.46004581451416016,0.44173192977905273,0.2371211051940918,0.2342090606689453,0.23427200317382812,0.23786497116088867,0.4951310157775879,0.20996403694152832,0.23323631286621094
457,0.25043487548828125,0.23175311088562012,0.21045899391174316,0.23929381370544434,0.24388360977172852,0.26354289054870605,0.20507001876831055,0.24203896522521973,0.2386021614074707,0.2351689338684082,0.2661721706390381,0.22359895706176758,0.2118692398071289,0.2302842140197754,0.22733592987060547,0.5485439300537109,0.22157716751098633,0.20957517623901367,0.22507405281066895,0.22862505912780762,0.223646879196167,0.25019121170043945,0.47397685050964355,0.23064494132995605,0.223114013671875,0.20883393287658691,0.2417619228363037,0.20829391479492188,0.20821213722229004,0.279005765914917,0.22405791282653809,0.2088468074798584,0.22308897972106934,0.25449585914611816,0.25374603271484375,0.2518289089202881,0.20880722999572754,0.28811073303222656,0.2294931411743164,0.233018159866333,0.23644804954528809,0.2257099151611328,0.4727821350097656,0.23403501510620117,0.20842504501342773,0.23609614372253418,0.2392749786376953,0.22840309143066406,0.21596312522888184,0.2086811065673828
458,0.23566079139709473,0.22862482070922852,0.2554621696472168,0.22668218612670898,0.22094273567199707,0.23794984817504883,0.2277240753173828,0.22808408737182617,0.23352861404418945,0.23764872550964355,0.22876906394958496,0.24508023262023926,0.23000311851501465,0.2091231346130371,0.20241785049438477,0.5507440567016602,0.22904396057128906,0.23508095741271973,0.2418968677520752,0.2074129581451416,0.22034692764282227,0.23478198051452637,0.23116207122802734,0.20718693733215332,0.2382206916809082,0.20942401885986328,0.20520901679992676,0.22570109367370605,0.22991275787353516,0.23812317848205566,0.21094679832458496,0.22974801063537598,0.21608543395996094,0.2386608123779297,0.22243618965148926,0.2379777431488037,0.23988890647888184,0.2503848075866699,0.22429394721984863,0.22814321517944336,0.2087717056274414,0.23491621017456055,0.23488831520080566,0.2528078556060791,0.22102975845336914,0.25513720512390137,0.2344372272491455,0.24515509605407715,0.22101378440856934,0.23034119606018066
459,0.20845699310302734,0.22530794143676758,0.5205910205841064,0.2115321159362793,0.22490906715393066,0.23073983192443848,0.22583508491516113,0.25498294830322266,0.22241997718811035,0.2490391731262207,0.2155449390411377,0.2350161075592041,0.2068166732788086,0.21889185905456543,0.21393299102783203,0.24332189559936523,0.2070319652557373,0.23752212524414062,0.23080205917358398,0.22189092636108398,0.2315349578857422,0.2285921573638916,0.779465913772583,0.23114991188049316,0.2095940113067627,0.21747469902038574,0.24055719375610352,0.21009612083435059,0.20766186714172363,0.2331230640411377,0.2434079647064209,0.23751497268676758,0.22698307037353516,0.22653484344482422,0.21836113929748535,0.23020005226135254,0.2566509246826172,0.2279958724975586,0.23291397094726562,0.2128310203552246,0.23575615882873535,0.5001859664916992,0.23078417778015137,0.2339038848876953,0.8248488903045654,0.2309880256652832,0.237900972366333,0.2584059238433838,0.23767518997192383,0.22460007667541504
460,0.22923517227172852,0.20504999160766602,0.2272639274597168,0.23286867141723633,0.24472808837890625,0.20786190032958984,0.2290351390838623,0.22670817375183105,0.23203110694885254,0.23594093322753906,0.20636701583862305,0.22553396224975586,0.45822906494140625,0.2291100025177002,0.23030805587768555,0.2571730613708496,0.23216485977172852,0.2503359317779541,0.2080676555633545,0.2267770767211914,0.3065049648284912,0.21257805824279785,0.28523993492126465,0.20570993423461914,0.23357319831848145,0.23289799690246582,0.23693323135375977,0.23279166221618652,0.25344204902648926,0.8432121276855469,0.25124502182006836,0.2338409423828125,0.208082914352417,0.24318504333496094,0.20914292335510254,0.23825573921203613,0.23209118843078613,0.2098240852355957,0.2188560962677002,0.2568490505218506,0.23525381088256836,0.22800803184509277,0.24193787574768066,0.2115650177001953,0.24054980278015137,0.22756576538085938,0.24323296546936035,0.24683380126953125,0.24460792541503906,0.20394086837768555
461,0.20882296562194824,0.20863628387451172,0.20917296409606934,0.47480106353759766,0.22514891624450684,0.23274636268615723,0.207672119140625,0.21426892280578613,0.20827603340148926,0.22804474830627441,0.22164201736450195,0.25905299186706543,0.2246382236480713,0.23678302764892578,0.22868824005126953,0.5457730293273926,0.20990920066833496,0.23318195343017578,0.22980093955993652,0.2343893051147461,0.22295784950256348,0.24243378639221191,0.3621540069580078,0.244826078414917,0.24086713790893555,0.2596721649169922,0.23669195175170898,0.2077341079711914,0.24213600158691406,0.23739385604858398,0.2314138412475586,0.5201539993286133,0.22779393196105957,0.22249317169189453,0.21357011795043945,0.2368030548095703,0.23906898498535156,0.22119617462158203,0.21695399284362793,0.23539471626281738,0.25115489959716797,0.48253583908081055,0.5157649517059326,0.22645783424377441,0.23598504066467285,0.21297693252563477,0.47954511642456055,0.22325587272644043,0.22861528396606445,0.2304539680480957
462,0.23926806449890137,0.23256874084472656,0.23241066932678223,0.2152397632598877,0.26108694076538086,0.22870135307312012,0.23015284538269043,0.2394118309020996,0.20671319961547852,0.21029305458068848,0.2322709560394287,0.2469942569732666,0.22851300239562988,0.2499849796295166,0.22753572463989258,0.2603299617767334,0.2470078468322754,0.2132551670074463,0.20664501190185547,0.23401474952697754,0.23049283027648926,0.2505161762237549,0.226456880569458,0.23354697227478027,0.22484993934631348,0.2158222198486328,0.2407529354095459,0.23890376091003418,0.22766685485839844,0.21128010749816895,0.23894119262695312,0.23767876625061035,0.21820998191833496,0.2324352264404297,0.24265789985656738,0.2493271827697754,0.23359203338623047,0.21622133255004883,0.23354792594909668,0.2339191436767578,0.23744893074035645,0.24709081649780273,0.2126619815826416,0.2133927345275879,0.2370307445526123,0.23947691917419434,0.2712268829345703,0.24831700325012207,0.23233890533447266,0.20659494400024414
463,0.21051502227783203,0.2239220142364502,0.22296690940856934,0.22406578063964844,0.22683286666870117,0.2301959991455078,0.21091103553771973,0.8606429100036621,0.22581005096435547,0.24295282363891602,0.22618794441223145,0.22063994407653809,0.21089506149291992,0.2361469268798828,0.20507383346557617,0.230025053024292,0.2365279197692871,0.23218894004821777,0.20713210105895996,0.20843005180358887,0.2345418930053711,0.2380690574645996,0.23057818412780762,0.23246121406555176,0.2285468578338623,0.22777605056762695,0.21020102500915527,0.2535359859466553,0.24076318740844727,0.22746706008911133,0.23538613319396973,0.24207687377929688,0.5222370624542236,0.2056257724761963,0.21157312393188477,0.20865607261657715,0.22838115692138672,0.23958921432495117,0.24981999397277832,0.2378249168395996,0.23563408851623535,0.4596266746520996,0.22505593299865723,0.23733115196228027,0.23762202262878418,0.24889588356018066,0.23507094383239746,0.22566604614257812,0.21060609817504883,0.2344200611114502
464,0.20997214317321777,0.23137402534484863,0.2187669277191162,0.48064684867858887,0.2414088249206543,0.20816898345947266,0.24528908729553223,0.24074912071228027,0.22997021675109863,0.2509620189666748,0.2120063304901123,0.22741484642028809,0.21472501754760742,0.20953130722045898,0.23482489585876465,0.5505721569061279,0.20096611976623535,0.2357311248779297,0.3452160358428955,0.22951316833496094,0.22451496124267578,0.22635126113891602,0.35685014724731445,0.23087382316589355,0.20599603652954102,0.23688912391662598,0.23289704322814941,0.22548294067382812,0.23724007606506348,0.24061226844787598,0.23423528671264648,0.4762539863586426,0.2405409812927246,0.22997570037841797,0.23301410675048828,0.23760318756103516,0.2296159267425537,0.21253108978271484,0.23378896713256836,0.23439693450927734,0.23646211624145508,0.520310640335083,0.2168278694152832,0.21872210502624512,1.195565938949585,0.24489402770996094,0.24597597122192383,0.21385812759399414,0.2642500400543213,0.22228002548217773
465,0.2346789836883545,0.20966696739196777,0.21718096733093262,0.20649123191833496,0.21531319618225098,0.22865009307861328,0.2057652473449707,0.2233598232269287,0.22842812538146973,0.2342069149017334,0.23249292373657227,0.2342851161956787,0.20692896842956543,0.2098841667175293,0.20321893692016602,0.5289008617401123,0.2113490104675293,0.2515678405761719,0.20779204368591309,0.22064566612243652,0.44378209114074707,0.24170303344726562,0.23096013069152832,0.21080803871154785,0.2297532558441162,0.20688295364379883,0.2073369026184082,0.21039295196533203,0.24124908447265625,0.23731589317321777,0.23199677467346191,0.49219393730163574,0.2338418960571289,0.20964980125427246,0.23841476440429688,0.22554278373718262,0.24089813232421875,0.22165608406066895,0.20911097526550293,0.24585580825805664,0.23101282119750977,0.5177879333496094,0.22900795936584473,0.21405601501464844,0.24024224281311035,0.22145915031433105,0.2374250888824463,0.23922085762023926,0.2250080108642578,0.2342061996459961
466,0.22514891624450684,0.2274618148803711,0.22623205184936523,0.2328321933746338,0.22576117515563965,0.21412873268127441,0.20560884475708008,0.21057987213134766,0.24266910552978516,0.23742413520812988,0.23505711555480957,0.25392603874206543,0.23411893844604492,0.21735501289367676,0.22081804275512695,0.23852920532226562,0.22828125953674316,0.24155688285827637,0.23962903022766113,0.2379162311553955,0.2203989028930664,0.23153305053710938,0.21079015731811523,0.24063897132873535,0.21024203300476074,0.24990320205688477,0.23723816871643066,0.22820210456848145,0.23219513893127441,0.25163817405700684,0.22379374504089355,0.2577247619628906,0.24864816665649414,0.23096084594726562,0.2254331111907959,0.2182309627532959,0.23220610618591309,0.2267899513244629,0.22872400283813477,0.20949482917785645,0.22464418411254883,0.4574871063232422,0.25238823890686035,0.23598384857177734,0.5141429901123047,0.23674488067626953,0.23795413970947266,0.23745012283325195,0.2313847541809082,0.20538091659545898
467,0.23892903327941895,0.20508193969726562,0.22759318351745605,0.2842869758605957,0.29839396476745605,0.2361767292022705,0.23546814918518066,0.23196911811828613,0.2302389144897461,0.23637890815734863,0.2236330509185791,0.23046112060546875,0.20888400077819824,0.23733878135681152,0.20473027229309082,0.23006200790405273,0.23336195945739746,0.22287893295288086,0.22336792945861816,0.2074110507965088,0.23854494094848633,0.22977900505065918,0.8180317878723145,0.21355009078979492,0.22955703735351562,0.24971985816955566,0.25492000579833984,0.21887993812561035,0.21492695808410645,0.23400235176086426,0.2375929355621338,0.4707813262939453,0.4775352478027344,0.20871400833129883,0.2549459934234619,0.23523402214050293,0.23677992820739746,0.21103405952453613,0.2072899341583252,0.2321479320526123,0.23908472061157227,0.49751806259155273,0.24082398414611816,0.22397375106811523,0.4432840347290039,0.21767973899841309,0.2646031379699707,0.25387072563171387,0.21510601043701172,0.2054300308227539
468,0.21282410621643066,0.22168421745300293,0.20774292945861816,0.2437450885772705,0.245621919631958,0.20581793785095215,0.2059929370880127,0.23825383186340332,0.23632001876831055,0.23307394981384277,0.2040421962738037,0.23722004890441895,0.23188495635986328,0.21900725364685059,0.23061871528625488,0.5491840839385986,0.2163379192352295,0.22136211395263672,0.5123212337493896,0.23095202445983887,0.25804710388183594,0.22957396507263184,0.21740102767944336,0.2386767864227295,0.2246081829071045,0.21394014358520508,0.23409390449523926,0.2378549575805664,0.24133610725402832,0.26448893547058105,0.2077181339263916,0.22445082664489746,0.23502206802368164,0.24477267265319824,0.21031904220581055,0.21881699562072754,0.23436617851257324,0.2422189712524414,0.24259090423583984,0.21474409103393555,0.2320399284362793,0.45428013801574707,0.219315767288208,0.2278900146484375,0.48883581161499023,0.22221112251281738,0.25200700759887695,0.23659992218017578,0.22551488876342773,0.22955536842346191
469,0.22818613052368164,0.23500394821166992,0.23159003257751465,0.208146333694458,0.22704792022705078,0.21259379386901855,0.24658608436584473,0.2066202163696289,0.22883129119873047,0.22625303268432617,0.22525691986083984,0.234757661819458,0.2099318504333496,0.2169361114501953,0.2179570198059082,0.2377171516418457,0.2304680347442627,0.2070143222808838,0.4902231693267822,0.20909595489501953,0.22999215126037598,0.21160292625427246,0.2108299732208252,0.23766398429870605,0.2319338321685791,0.22687792778015137,0.23532819747924805,0.21752500534057617,0.23959708213806152,0.23568296432495117,0.23279118537902832,0.2146921157836914,0.23888611793518066,0.20738697052001953,0.23601484298706055,0.2184140682220459,0.2504429817199707,0.22572588920593262,0.223250150680542,0.21835613250732422,0.23957419395446777,0.48539304733276367,0.25241589546203613,0.241455078125,0.5118858814239502,0.21382403373718262,0.2503781318664551,0.21238493919372559,0.22762608528137207,0.2258620262145996
470,0.20848321914672852,0.2048046588897705,0.23157715797424316,0.26411008834838867,0.24382901191711426,0.23663830757141113,0.21056079864501953,0.23509502410888672,0.22642779350280762,0.23535513877868652,0.2200770378112793,0.21899175643920898,0.23025107383728027,0.23047924041748047,0.2160778045654297,0.22390294075012207,0.20382404327392578,0.2298750877380371,0.2612330913543701,0.24581503868103027,0.23989009857177734,0.22344279289245605,0.2336440086364746,0.2332019805908203,0.20681500434875488,0.21268701553344727,0.2069239616394043,0.2149949073791504,0.23672223091125488,0.21289968490600586,0.22355103492736816,0.20697522163391113,0.23500919342041016,0.2069077491760254,0.2365250587463379,0.21726298332214355,0.23479199409484863,0.24106884002685547,0.23281407356262207,0.23718714714050293,0.23562192916870117,0.22046494483947754,0.2588841915130615,0.23759102821350098,0.46703290939331055,0.22730803489685059,0.22753095626831055,0.25293803215026855,0.20994901657104492,0.2288820743560791
471,0.21003437042236328,0.23483800888061523,0.2367100715637207,0.20592999458312988,0.22518301010131836,0.2329709529876709,0.48416805267333984,0.24158787727355957,0.20871877670288086,0.23622512817382812,0.22272372245788574,0.25028109550476074,0.206373929977417,0.23564410209655762,0.2460181713104248,0.21957898139953613,0.20622992515563965,0.22115302085876465,0.500974178314209,0.2105100154876709,0.24731898307800293,0.21654987335205078,0.4752779006958008,0.2585270404815674,0.2066059112548828,0.23852205276489258,0.21644306182861328,0.23516535758972168,0.21959400177001953,0.2268836498260498,0.23258304595947266,0.21396613121032715,0.23440003395080566,0.2596759796142578,0.23906397819519043,0.21008801460266113,0.2139298915863037,0.283156156539917,0.25003623962402344,0.2167208194732666,0.2348949909210205,0.45943593978881836,0.20772504806518555,0.23122096061706543,0.3387570381164551,0.2110452651977539,0.285459041595459,0.20877289772033691,0.21698808670043945,0.21202707290649414
472,0.23952102661132812,0.20675396919250488,0.23749804496765137,0.2174229621887207,0.25441884994506836,0.2266550064086914,0.20399880409240723,0.23704862594604492,0.23528718948364258,0.2369070053100586,0.2265760898590088,0.22967123985290527,0.20648908615112305,0.22355914115905762,0.2055339813232422,0.24515604972839355,0.22570204734802246,0.21841835975646973,0.20922088623046875,0.20703983306884766,0.23679685592651367,0.23421812057495117,0.20480895042419434,0.2454211711883545,0.23292183876037598,0.22023510932922363,0.254518985748291,0.22877907752990723,0.21414399147033691,0.2559189796447754,0.21050500869750977,0.22292304039001465,0.2522730827331543,0.20833587646484375,0.24293279647827148,0.23154616355895996,0.2416388988494873,0.2430891990661621,0.20534491539001465,0.22197985649108887,0.22706007957458496,0.2384321689605713,0.22649788856506348,0.23744988441467285,0.4549880027770996,0.23565196990966797,0.4564061164855957,0.4611661434173584,0.2299809455871582,0.22543001174926758
473,0.21429991722106934,0.2466580867767334,0.23483586311340332,0.44439220428466797,0.21619200706481934,0.2259538173675537,0.24384093284606934,0.23099803924560547,0.23546624183654785,0.23684191703796387,0.2314291000366211,0.2451021671295166,0.22699904441833496,0.218458890914917,0.20492792129516602,0.2308940887451172,0.21428203582763672,0.22081422805786133,0.22661185264587402,0.2227649688720703,0.21044397354125977,0.22655320167541504,0.22330904006958008,0.23655009269714355,0.24206781387329102,0.20720529556274414,0.2322530746459961,0.22729921340942383,0.22911596298217773,0.23801970481872559,0.2177278995513916,0.2444438934326172,0.2364192008972168,0.22649192810058594,0.24133825302124023,0.22330594062805176,0.2535991668701172,0.23052072525024414,0.22126007080078125,0.21121001243591309,0.2505331039428711,0.24140691757202148,0.21031713485717773,0.251248836517334,0.5151302814483643,0.24831724166870117,0.22336721420288086,0.23113274574279785,0.23897194862365723,0.22305798530578613
474,0.22995901107788086,0.2038710117340088,0.250230073928833,0.23295211791992188,0.23879671096801758,0.21400189399719238,0.21392107009887695,0.23900914192199707,0.24470806121826172,0.24880313873291016,0.20687532424926758,0.21931791305541992,0.2113349437713623,0.23631906509399414,0.2311398983001709,0.2517120838165283,0.23224377632141113,0.2217259407043457,0.20530414581298828,0.21940898895263672,0.27703094482421875,0.2119448184967041,0.2281661033630371,0.23357605934143066,0.2279980182647705,0.2100059986114502,0.24216508865356445,0.2344069480895996,0.2096569538116455,0.22709989547729492,0.24267911911010742,0.2398672103881836,0.20958709716796875,0.22164678573608398,0.23550081253051758,0.22053885459899902,0.26509976387023926,0.2096240520477295,0.21988511085510254,0.23820996284484863,0.23690509796142578,0.21450304985046387,0.24912786483764648,0.23314499855041504,0.24338698387145996,0.23874711990356445,0.2387828826904297,0.50534987449646,0.2375180721282959,0.22059106826782227
475,0.20938396453857422,0.20921587944030762,0.22768688201904297,0.2390122413635254,0.22625517845153809,0.20551609992980957,0.22855710983276367,0.2349560260772705,0.21805620193481445,0.23346614837646484,0.2065420150756836,0.24891114234924316,0.23330307006835938,0.2341771125793457,0.20760703086853027,0.21458697319030762,0.20627212524414062,0.229017972946167,0.21108508110046387,0.23255395889282227,0.20447993278503418,0.2337498664855957,0.2618708610534668,0.20537590980529785,0.206895112991333,0.23275518417358398,0.22217082977294922,0.2394087314605713,0.24849486351013184,0.24370789527893066,0.24204206466674805,0.4846620559692383,0.2300879955291748,0.21907567977905273,0.2145998477935791,0.2130749225616455,0.2418057918548584,0.21826410293579102,0.2265000343322754,0.25385093688964844,0.22805523872375488,0.5238924026489258,0.23281002044677734,0.21228694915771484,0.5315580368041992,0.21198010444641113,0.2289881706237793,0.252025842666626,0.22591805458068848,0.2057027816772461
476,0.22905707359313965,0.23279500007629395,0.2093799114227295,1.0662000179290771,0.2454068660736084,0.2236769199371338,0.21146869659423828,0.21262192726135254,0.21593809127807617,0.20842671394348145,0.23928308486938477,0.2616586685180664,0.2364208698272705,0.20784568786621094,0.2463698387145996,0.2820560932159424,0.23087286949157715,0.22976207733154297,0.2198169231414795,0.2256767749786377,0.3344261646270752,0.2373948097229004,0.1997849941253662,0.2225179672241211,0.23398613929748535,0.22354912757873535,0.22483301162719727,0.239699125289917,0.245103120803833,0.23265314102172852,0.24263501167297363,0.25000786781311035,0.23725008964538574,0.2358720302581787,0.23645401000976562,0.22956395149230957,0.23772072792053223,0.23157787322998047,0.22122406959533691,0.23612499237060547,0.2078850269317627,0.5160660743713379,0.24040889739990234,0.22854232788085938,0.5019311904907227,0.227524995803833,0.24054789543151855,0.23164892196655273,0.24097084999084473,0.23179960250854492
477,0.21978974342346191,0.2088148593902588,0.21266412734985352,0.22469592094421387,0.23758697509765625,0.23198699951171875,0.22820687294006348,0.5205750465393066,0.2084519863128662,0.21262407302856445,0.24472379684448242,0.21904802322387695,0.20659804344177246,0.2454371452331543,0.21232318878173828,0.21673083305358887,0.2268359661102295,0.20841002464294434,0.23264193534851074,0.2113332748413086,0.20533514022827148,0.25551700592041016,0.24326801300048828,0.23345088958740234,0.23227596282958984,0.22993087768554688,0.22362971305847168,0.22651314735412598,0.23098993301391602,0.2677149772644043,0.23280715942382812,0.21127581596374512,0.2528262138366699,0.1903061866760254,0.23880600929260254,0.24260210990905762,0.23551702499389648,0.2300870418548584,0.2073979377746582,0.2370462417602539,0.23777103424072266,0.5042810440063477,0.2332909107208252,0.21332025527954102,0.21133184432983398,0.23658013343811035,0.23340702056884766,0.21060609817504883,0.21057605743408203,0.2150418758392334
478,0.20678281784057617,0.24539899826049805,0.23482203483581543,0.21399283409118652,0.24496006965637207,0.22562718391418457,0.22905707359313965,0.20622897148132324,0.22581982612609863,0.21966099739074707,0.2347867488861084,0.2218461036682129,0.2080998420715332,0.21066999435424805,0.2305910587310791,0.25051307678222656,0.23069310188293457,0.23605680465698242,0.48422789573669434,0.2299649715423584,0.20595383644104004,0.22830629348754883,0.4703972339630127,0.2054741382598877,0.22178268432617188,0.20918679237365723,0.2035541534423828,0.2271268367767334,0.23744893074035645,0.21019697189331055,0.23891520500183105,0.5187900066375732,0.2351701259613037,0.2282118797302246,0.2468428611755371,0.21365809440612793,0.22633600234985352,0.22820568084716797,0.22369909286499023,0.23701000213623047,0.24889087677001953,0.6454839706420898,0.2297379970550537,0.23058295249938965,0.4866039752960205,0.256727933883667,0.19535088539123535,0.23142576217651367,0.2218022346496582,0.22833609580993652
479,0.23030614852905273,0.21022796630859375,0.2479560375213623,0.23469901084899902,0.22968482971191406,0.2080991268157959,0.22020673751831055,0.21999597549438477,0.22405219078063965,0.23016715049743652,0.2396090030670166,0.2413172721862793,0.2293860912322998,0.22186589241027832,0.20827269554138184,0.24201607704162598,0.20360016822814941,0.2324819564819336,0.21193599700927734,0.20548105239868164,0.25059008598327637,0.24487686157226562,0.20688891410827637,0.23453688621520996,0.20726394653320312,0.2300090789794922,0.2285768985748291,0.22926592826843262,0.22705817222595215,0.25962090492248535,0.2300868034362793,0.42821288108825684,0.23534893989562988,0.2092752456665039,0.23170995712280273,0.23712372779846191,0.22987103462219238,0.2259070873260498,0.22000479698181152,0.23307228088378906,0.23565006256103516,0.3213949203491211,0.406688928604126,0.2372419834136963,0.5143108367919922,0.22830891609191895,0.2653770446777344,0.20865797996520996,0.2477269172668457,0.22211313247680664
480,0.22360491752624512,0.23056507110595703,0.23788118362426758,0.23369312286376953,0.21676397323608398,0.231950044631958,0.4771251678466797,0.23794293403625488,0.23055267333984375,0.22828388214111328,0.2351820468902588,0.22639679908752441,0.20837807655334473,0.20891976356506348,0.20422601699829102,0.23148322105407715,0.2236778736114502,0.22809100151062012,0.20782685279846191,0.2262558937072754,0.23414397239685059,0.22211480140686035,0.22421789169311523,0.20653724670410156,0.23285388946533203,0.2055048942565918,0.21404290199279785,0.20359396934509277,0.25672292709350586,0.2402639389038086,0.22530221939086914,0.25116491317749023,0.23696684837341309,0.23148703575134277,0.47217392921447754,0.24021601676940918,0.23598289489746094,0.21211886405944824,0.22173595428466797,0.24908018112182617,0.20212507247924805,0.47750186920166016,0.2818770408630371,0.2275378704071045,0.24001502990722656,0.24199819564819336,0.24023199081420898,0.2560122013092041,0.23027610778808594,0.23116016387939453
481,0.22277188301086426,0.20439791679382324,0.23570895195007324,0.48085999488830566,0.23487496376037598,0.2085120677947998,0.20720791816711426,0.23889803886413574,0.20777487754821777,0.24354791641235352,0.23301196098327637,0.2578597068786621,0.23105883598327637,0.21468782424926758,0.2464580535888672,0.2393200397491455,0.23334121704101562,0.22044086456298828,0.2221686840057373,0.22621417045593262,0.22530412673950195,0.21312928199768066,0.23592877388000488,0.24914097785949707,0.20853567123413086,0.2503471374511719,0.23204684257507324,0.20794224739074707,0.2145252227783203,0.2382500171661377,0.23514819145202637,0.23485803604125977,0.20957016944885254,0.22577977180480957,0.21686196327209473,0.23556828498840332,0.2395339012145996,0.25152015686035156,0.21904993057250977,0.20975804328918457,0.20624804496765137,0.4540841579437256,0.24944090843200684,0.23786020278930664,0.21922683715820312,0.2342541217803955,0.2359619140625,0.22711920738220215,0.2136671543121338,0.20387887954711914
482,0.23514795303344727,0.20424604415893555,0.23096489906311035,1.0656859874725342,0.2534458637237549,0.22258996963500977,0.23474502563476562,0.23365116119384766,0.2340078353881836,0.2270369529724121,0.22515106201171875,0.22407197952270508,0.22697997093200684,0.24133992195129395,0.23255205154418945,0.2278130054473877,0.24898290634155273,0.21868181228637695,0.21953487396240234,0.20869088172912598,0.231947660446167,0.2285609245300293,0.23310518264770508,0.22913193702697754,0.22608423233032227,0.20996403694152832,0.22169089317321777,0.23531317710876465,0.23703765869140625,0.22686100006103516,0.22864484786987305,0.25364184379577637,0.23760080337524414,0.233612060546875,0.23801088333129883,0.24808120727539062,0.25318312644958496,0.21992802619934082,0.22845196723937988,0.23753714561462402,0.23568511009216309,0.4993159770965576,0.49843716621398926,0.21059703826904297,0.5136151313781738,0.21328473091125488,0.23022007942199707,0.2393171787261963,0.21863603591918945,0.2104170322418213
483,0.2194981575012207,0.2466881275177002,0.21002197265625,0.4185142517089844,0.22385597229003906,0.23214507102966309,0.20531415939331055,0.20243406295776367,0.23041081428527832,0.21030497550964355,0.20486092567443848,0.24352812767028809,0.2682962417602539,0.20863103866577148,0.21714401245117188,0.2497711181640625,0.2102069854736328,0.22887015342712402,0.21650099754333496,0.23337125778198242,0.239454984664917,0.21713995933532715,0.23744583129882812,0.2036452293395996,0.23728728294372559,0.22330307960510254,0.22946476936340332,0.2553560733795166,0.22083520889282227,0.23098969459533691,0.21788597106933594,0.4800729751586914,0.22246098518371582,0.23560786247253418,0.24495291709899902,0.23811793327331543,0.23162007331848145,0.25320005416870117,0.24156808853149414,0.2300121784210205,0.22521114349365234,0.21866631507873535,0.6282851696014404,0.2532188892364502,0.20862793922424316,0.24105215072631836,0.23870587348937988,0.28201794624328613,0.22396492958068848,0.22932195663452148
484,0.2268059253692627,0.23565387725830078,0.252913236618042,0.24708199501037598,0.22182607650756836,0.2342529296875,0.2051849365234375,0.22518181800842285,0.222581148147583,0.2285611629486084,0.2346019744873047,0.22328591346740723,0.23798608779907227,0.2320561408996582,0.21461892127990723,0.2952690124511719,0.2271871566772461,0.20754098892211914,0.22939395904541016,0.2058868408203125,0.22821974754333496,0.22083568572998047,0.24545001983642578,0.21193814277648926,0.2116098403930664,0.23281097412109375,0.2117602825164795,0.23740911483764648,0.21245694160461426,0.23521900177001953,0.22592592239379883,0.46605587005615234,0.2170729637145996,0.23480606079101562,0.22615480422973633,0.23527979850769043,0.23884892463684082,0.2315380573272705,0.22906804084777832,0.21123123168945312,0.24745607376098633,0.4761500358581543,0.25661325454711914,0.23491263389587402,0.21348977088928223,0.24363279342651367,0.2736220359802246,0.3147890567779541,0.2288072109222412,0.22130513191223145
485,0.20474767684936523,0.20831298828125,0.23570585250854492,0.21564412117004395,0.24438905715942383,0.20868206024169922,0.24464106559753418,0.30991482734680176,0.20831584930419922,0.21481704711914062,0.233381986618042,0.21683883666992188,0.2180798053741455,0.20734596252441406,0.23251724243164062,0.234619140625,0.22040700912475586,0.252885103225708,0.48450708389282227,0.25157880783081055,0.20482182502746582,0.21602916717529297,0.2197721004486084,0.24159002304077148,0.2065269947052002,0.23783183097839355,0.2054600715637207,0.23396706581115723,0.24778389930725098,0.2234508991241455,0.2247600555419922,0.4514141082763672,0.2227492332458496,0.22755193710327148,0.2431039810180664,0.20925402641296387,0.8585801124572754,0.24442315101623535,0.25722289085388184,0.23804903030395508,0.2374100685119629,0.2221381664276123,0.4710087776184082,0.23626303672790527,0.20862197875976562,0.2282266616821289,0.25600385665893555,0.6495809555053711,0.2089698314666748,0.2364819049835205
486,0.2066030502319336,0.23285913467407227,0.2383570671081543,0.22217917442321777,0.22760701179504395,0.23029112815856934,0.1940770149230957,0.20560693740844727,0.2350478172302246,0.2312002182006836,0.20993304252624512,0.25995802879333496,0.2227630615234375,0.22527122497558594,0.22143006324768066,0.2970271110534668,0.20397305488586426,0.24107122421264648,0.1939988136291504,0.23487496376037598,0.2223057746887207,0.22660398483276367,0.20604801177978516,0.24781394004821777,0.20734810829162598,0.24666905403137207,0.22281193733215332,0.23462796211242676,0.22086286544799805,0.5190157890319824,0.2319948673248291,0.23768210411071777,0.21533489227294922,0.22295618057250977,0.22909331321716309,0.22898602485656738,0.236314058303833,0.22219276428222656,0.21528005599975586,0.2170109748840332,0.22715115547180176,0.20461797714233398,0.22433996200561523,0.23577094078063965,0.22931790351867676,0.24155712127685547,0.23102688789367676,0.31249117851257324,0.228132963180542,0.23411321640014648
487,0.249222993850708,0.20721197128295898,0.2346479892730713,0.22628498077392578,0.24462676048278809,0.22835206985473633,0.2193002700805664,0.22385191917419434,0.23502802848815918,0.23739290237426758,0.2395310401916504,0.2317659854888916,0.1984250545501709,0.223923921585083,0.2042980194091797,0.2894022464752197,0.22615981101989746,0.22324681282043457,0.20812487602233887,0.2112410068511963,0.229172945022583,0.257174015045166,0.23328709602355957,0.23348665237426758,0.21704602241516113,0.22763395309448242,0.23464012145996094,0.21117782592773438,0.25200510025024414,0.22623896598815918,0.2087409496307373,0.22856998443603516,0.242326021194458,0.22733807563781738,0.2575521469116211,0.25562214851379395,0.24801111221313477,0.2176377773284912,0.22780108451843262,0.21907782554626465,0.20957708358764648,0.4560990333557129,0.2328038215637207,0.23422718048095703,0.22172117233276367,0.2334280014038086,0.7062149047851562,0.3011808395385742,0.23618507385253906,0.21036100387573242
488,0.20719003677368164,0.2441239356994629,0.23710322380065918,0.2292790412902832,0.21600604057312012,0.21744990348815918,0.23186206817626953,0.748244047164917,0.20848679542541504,0.23709607124328613,0.21237516403198242,0.23424673080444336,0.24532508850097656,0.21379423141479492,0.20620393753051758,0.22714805603027344,0.22527289390563965,0.21479511260986328,0.23162007331848145,0.23088717460632324,0.23611164093017578,0.23253893852233887,0.20955705642700195,0.23839473724365234,0.24845099449157715,0.207474946975708,0.22943592071533203,0.2297210693359375,0.2250218391418457,0.211395263671875,0.23517107963562012,0.24060702323913574,0.23768997192382812,0.24094581604003906,0.22197985649108887,0.23464512825012207,0.21310806274414062,0.2533392906188965,0.23647570610046387,0.21073508262634277,0.22015905380249023,0.5049219131469727,0.2142939567565918,0.2501990795135498,0.209824800491333,0.25293397903442383,0.24255084991455078,0.23934412002563477,0.23132109642028809,0.2253589630126953
489,0.2250537872314453,0.2035658359527588,0.24963021278381348,0.2042222023010254,0.24504995346069336,0.22177672386169434,0.208482027053833,0.22940993309020996,0.24515795707702637,0.24911808967590332,0.22345399856567383,0.23529291152954102,0.21567606925964355,0.23328804969787598,0.22536802291870117,0.2997128963470459,0.22835922241210938,0.22464203834533691,0.5010671615600586,0.23578715324401855,0.22440195083618164,0.2114119529724121,0.2258601188659668,0.22592806816101074,0.2354118824005127,0.21199512481689453,0.23801541328430176,0.22950983047485352,0.2144169807434082,0.21685409545898438,0.23694276809692383,0.4585869312286377,0.20957398414611816,0.23611807823181152,0.216583251953125,0.23884320259094238,0.23793601989746094,0.2150866985321045,0.23704981803894043,0.21086788177490234,0.22828173637390137,0.5462799072265625,0.2373800277709961,0.23233819007873535,0.23381781578063965,0.2292490005493164,0.27360105514526367,0.22048187255859375,0.22939205169677734,0.22463011741638184
490,0.2179100513458252,0.21230316162109375,0.2101421356201172,0.2094130516052246,0.22999119758605957,0.20763897895812988,0.23247098922729492,0.20917081832885742,0.20874500274658203,0.23528718948364258,0.20614194869995117,0.2348618507385254,0.2595958709716797,0.23524904251098633,0.20940589904785156,0.21726202964782715,0.20351195335388184,0.23016619682312012,0.20891213417053223,0.2227950096130371,0.24541187286376953,0.22943687438964844,0.476085901260376,0.2020893096923828,0.24049901962280273,0.23478198051452637,0.23401618003845215,0.21240234375,0.20929980278015137,0.2127368450164795,0.24915289878845215,0.24226093292236328,0.2353682518005371,0.24512171745300293,0.2452101707458496,0.23372101783752441,0.21565699577331543,0.23845696449279785,0.23105192184448242,0.2471637725830078,0.2084639072418213,0.5057971477508545,0.5029270648956299,0.21148014068603516,0.47190380096435547,0.212324857711792,0.2540109157562256,0.22143220901489258,0.2211768627166748,0.23666882514953613
491,0.22159886360168457,0.2316570281982422,0.23282194137573242,0.4852731227874756,0.23950886726379395,0.21405410766601562,0.20746803283691406,0.23155665397644043,0.20695996284484863,0.2097320556640625,0.225355863571167,0.24477601051330566,0.23634004592895508,0.235396146774292,0.2515249252319336,0.2273731231689453,0.233489990234375,0.2179279327392578,0.23147106170654297,0.23258495330810547,0.4558720588684082,0.24494409561157227,0.22542715072631836,0.24101805686950684,0.22831106185913086,0.2571690082550049,0.23502182960510254,0.22946691513061523,0.23178911209106445,0.25121307373046875,0.2377309799194336,0.2262859344482422,0.23552203178405762,0.2410118579864502,0.2226729393005371,0.2331829071044922,0.2558481693267822,0.264693021774292,0.27851080894470215,0.2399458885192871,0.20237183570861816,0.2502450942993164,0.24162793159484863,0.2394392490386963,0.20983123779296875,0.23398184776306152,0.21754026412963867,0.2311248779296875,0.21671223640441895,0.20355916023254395
492,0.21986031532287598,0.2358081340789795,0.23763203620910645,0.23335003852844238,0.24869513511657715,0.2364969253540039,0.24878191947937012,0.2083289623260498,0.23123383522033691,0.2352452278137207,0.22757291793823242,0.21948766708374023,0.23453187942504883,0.25100231170654297,0.23505783081054688,0.24408507347106934,0.2784121036529541,0.20890212059020996,0.2086930274963379,0.2355489730834961,0.210068941116333,0.24471426010131836,0.7713122367858887,0.19992327690124512,0.22865700721740723,0.22611117362976074,0.22878575325012207,0.2081449031829834,0.2573230266571045,0.503957986831665,0.23644590377807617,0.5361220836639404,0.2513582706451416,0.22397804260253906,0.2614898681640625,0.249985933303833,0.22704720497131348,0.24454188346862793,0.2382657527923584,0.22793912887573242,0.23528170585632324,0.3690927028656006,0.23731303215026855,0.22545814514160156,0.25002026557922363,0.22819089889526367,0.23405814170837402,0.4577651023864746,0.20985984802246094,0.20567679405212402
493,0.22043299674987793,0.22385263442993164,0.2353670597076416,0.22487092018127441,0.23212003707885742,0.22991108894348145,0.20701265335083008,0.20813989639282227,0.23586106300354004,0.23705601692199707,0.22850418090820312,0.23490476608276367,0.20688676834106445,0.23641324043273926,0.20882892608642578,0.2450392246246338,0.22791504859924316,0.22647500038146973,1.1275899410247803,0.23509812355041504,0.20655012130737305,0.23885393142700195,0.4961519241333008,0.22675204277038574,0.22370195388793945,0.20816612243652344,0.21156096458435059,0.2510042190551758,0.23866891860961914,0.2352588176727295,0.23394513130187988,0.22264575958251953,0.23691701889038086,0.21198296546936035,0.224348783493042,0.2139909267425537,0.5074260234832764,0.2373046875,0.2122960090637207,0.24448609352111816,0.25337910652160645,0.5018482208251953,0.24540400505065918,0.23135685920715332,0.30092287063598633,0.2443242073059082,0.23598909378051758,0.22600293159484863,0.21691012382507324,0.23253393173217773
494,0.2269880771636963,0.23111414909362793,0.25266408920288086,0.46843385696411133,0.2293250560760498,0.2353508472442627,0.2047579288482666,0.2286531925201416,0.22408103942871094,0.25066113471984863,0.20952796936035156,0.24155187606811523,0.23856091499328613,0.2086198329925537,0.22687411308288574,0.5320651531219482,0.20375394821166992,0.24466490745544434,0.2211761474609375,0.20607519149780273,0.4835062026977539,0.23550009727478027,0.2061748504638672,0.2104320526123047,0.21178221702575684,0.22694015502929688,0.20972204208374023,0.232496976852417,0.21608996391296387,0.2643141746520996,0.21013498306274414,0.2498917579650879,0.2341318130493164,0.20706772804260254,0.24652528762817383,0.2379767894744873,0.23180794715881348,0.2144467830657959,0.2073352336883545,0.23262310028076172,0.23456311225891113,0.4912121295928955,0.22904682159423828,0.21760821342468262,0.47617316246032715,0.23386693000793457,0.2600431442260742,0.2287909984588623,0.2524588108062744,0.22287774085998535
495,0.20993328094482422,0.20801305770874023,0.2344818115234375,0.23143482208251953,0.21589207649230957,0.23488616943359375,0.22505593299865723,0.784203052520752,0.22119569778442383,0.233626127243042,0.23081684112548828,0.2227799892425537,0.5151169300079346,0.23667621612548828,0.2038259506225586,0.25668787956237793,0.20677399635314941,0.2406919002532959,0.21326494216918945,0.2511739730834961,0.2304689884185791,0.23569273948669434,0.2535998821258545,0.24901795387268066,0.23478412628173828,0.2062358856201172,0.23533010482788086,0.21211981773376465,0.22272682189941406,0.459287166595459,0.24060487747192383,0.457017183303833,0.23636293411254883,0.25505828857421875,0.2230358123779297,0.22611403465270996,1.1800150871276855,0.22129201889038086,0.24113202095031738,0.24913668632507324,0.21078705787658691,0.531447172164917,0.21408987045288086,0.22215867042541504,0.23506808280944824,0.24201011657714844,0.2512190341949463,0.22268986701965332,0.21987295150756836,0.2329258918762207
496,0.22432518005371094,0.20528674125671387,0.23586082458496094,0.20447802543640137,0.24753785133361816,0.2096707820892334,0.22751879692077637,0.23234987258911133,0.22702789306640625,0.23944687843322754,0.21054887771606445,0.26307010650634766,0.22164487838745117,0.23656702041625977,0.22843599319458008,0.2314009666442871,0.23735618591308594,0.21565485000610352,0.2060070037841797,0.2077648639678955,0.4857780933380127,0.21119284629821777,0.4287910461425781,0.23502278327941895,0.2356281280517578,0.23298287391662598,0.20540285110473633,0.2292780876159668,0.22878384590148926,0.24096369743347168,0.21857118606567383,0.21247005462646484,0.20824790000915527,0.2358381748199463,0.21818804740905762,0.2428131103515625,0.542665958404541,0.20952081680297852,0.21039700508117676,0.20991110801696777,0.2336897850036621,0.2296738624572754,0.23325705528259277,0.21626806259155273,0.5333378314971924,0.22957491874694824,0.48805880546569824,0.2207779884338379,0.22113895416259766,0.20491790771484375
497,0.23179197311401367,0.23098397254943848,0.22717714309692383,0.20784401893615723,0.23411989212036133,0.22370100021362305,0.23379826545715332,0.20718097686767578,0.20903563499450684,0.23587512969970703,0.22083091735839844,0.22265005111694336,0.23887991905212402,0.2507779598236084,0.2303600311279297,0.23959994316101074,0.2540569305419922,0.2183842658996582,0.5260939598083496,0.23240089416503906,0.210493803024292,0.2409372329711914,0.21216392517089844,0.2088792324066162,0.23827791213989258,0.22837400436401367,0.24773192405700684,0.23940825462341309,0.2074871063232422,0.24388813972473145,0.2193448543548584,0.22974586486816406,0.24930405616760254,0.23556828498840332,0.24906492233276367,0.2404310703277588,0.24225497245788574,0.2171800136566162,0.23304486274719238,0.23861217498779297,0.2370290756225586,0.2690291404724121,0.257702112197876,0.21036195755004883,0.2388763427734375,0.21222925186157227,0.22964906692504883,0.5027508735656738,0.2147810459136963,0.23367595672607422
498,0.22397494316101074,0.2230541706085205,0.2252030372619629,0.23473191261291504,0.22049832344055176,0.21829915046691895,0.2132432460784912,0.8359429836273193,0.20555496215820312,0.20950770378112793,0.22785019874572754,0.24371981620788574,0.2336866855621338,0.23553991317749023,0.20494604110717773,0.2404179573059082,0.2312917709350586,0.2227482795715332,0.2112269401550293,0.20775890350341797,0.4599790573120117,0.21807003021240234,0.46935200691223145,0.22864985466003418,0.24843192100524902,0.2372121810913086,0.24236536026000977,0.2535717487335205,0.2288351058959961,0.24320578575134277,0.21687078475952148,0.2357649803161621,0.23888897895812988,0.23595213890075684,0.24268794059753418,0.2173609733581543,0.23045706748962402,0.24042105674743652,0.20666074752807617,0.2323307991027832,0.5454888343811035,0.19615602493286133,0.2437121868133545,0.22539401054382324,0.23390507698059082,0.2521326541900635,0.2292790412902832,0.22348403930664062,0.2193470001220703,0.2129662036895752
499,0.20781397819519043,0.23208999633789062,0.21622610092163086,0.25149011611938477,0.24671697616577148,0.22931408882141113,0.2253561019897461,0.47275805473327637,0.24597811698913574,0.24885296821594238,0.23932600021362305,0.22117829322814941,0.20777678489685059,0.23651480674743652,0.23680400848388672,0.21654701232910156,0.20839619636535645,0.2081432342529297,0.22733592987060547,0.2331991195678711,0.20532488822937012,0.21637678146362305,0.22424602508544922,0.2090320587158203,0.23332571983337402,0.23772597312927246,0.2292768955230713,0.2369239330291748,0.24184608459472656,0.2348799705505371,0.22512388229370117,0.49353766441345215,0.23401188850402832,0.22552800178527832,0.22179222106933594,0.2188560962677002,0.21251702308654785,0.24349093437194824,0.22185897827148438,0.23874831199645996,0.23841309547424316,0.2387399673461914,0.278472900390625,0.2385392189025879,0.2293550968170166,0.2390737533569336,0.26372671127319336,0.20666098594665527,0.23700499534606934,0.24276304244995117
500,0.2132871150970459,0.20771312713623047,0.464613676071167,0.2353379726409912,0.22536611557006836,0.23379111289978027,0.21761178970336914,0.20727181434631348,0.24484586715698242,0.23832988739013672,0.23694992065429688,0.2189319133758545,0.34945106506347656,0.23505306243896484,0.23307299613952637,0.2374110221862793,0.2317512035369873,0.22666001319885254,0.1963958740234375,0.22429585456848145,0.22787809371948242,0.21904420852661133,0.22644495964050293,0.24585890769958496,0.22322893142700195,0.2341628074645996,0.2129678726196289,0.23014402389526367,0.23672175407409668,0.22968816757202148,0.22911572456359863,0.2172689437866211,0.23302507400512695,0.21109461784362793,0.2487490177154541,0.20629405975341797,0.2478618621826172,0.23108983039855957,0.2685360908508301,0.253040075302124,0.2358708381652832,0.2282719612121582,0.21601581573486328,0.22944092750549316,0.20986080169677734,0.22139787673950195,0.23763585090637207,0.2237992286682129,0.20990991592407227,0.20940709114074707
501,0.23665523529052734,0.2311081886291504,0.23920297622680664,0.20911002159118652,0.24063897132873535,0.21048283576965332,0.2205040454864502,0.2476499080657959,0.22536015510559082,0.2354269027709961,0.234968900680542,0.2630898952484131,0.19347190856933594,0.21137094497680664,0.22925591468811035,0.23523998260498047,0.2038259506225586,0.23487067222595215,0.22072696685791016,0.22794389724731445,0.23603010177612305,0.22693610191345215,0.4526550769805908,0.21079111099243164,0.22106289863586426,0.2524387836456299,0.22147297859191895,0.24169230461120605,0.26888203620910645,0.2502868175506592,0.23137474060058594,0.23867011070251465,0.24946808815002441,0.24112725257873535,0.22311711311340332,0.22773504257202148,0.23088884353637695,0.2380232810974121,0.2157881259918213,0.23915886878967285,0.2424640655517578,0.8177530765533447,0.46810317039489746,0.2543020248413086,1.0400099754333496,0.21949291229248047,0.2778151035308838,0.24086785316467285,0.21473193168640137,0.23424601554870605
502,0.23598003387451172,0.20732712745666504,0.24893903732299805,0.23006296157836914,0.233612060546875,0.24712872505187988,0.21381473541259766,0.6486179828643799,0.2111351490020752,0.2352299690246582,0.24755311012268066,0.22301697731018066,0.48717594146728516,0.23197722434997559,0.21025609970092773,0.23639869689941406,0.22876787185668945,0.22668814659118652,0.23282718658447266,0.21141910552978516,0.2438950538635254,0.249298095703125,0.2516798973083496,0.22286319732666016,0.23027920722961426,0.2091670036315918,0.23326587677001953,0.21584224700927734,0.24188494682312012,0.22454214096069336,0.21549534797668457,0.22774791717529297,0.25504493713378906,0.2490379810333252,0.2567880153656006,0.25023508071899414,1.5353939533233643,0.2482161521911621,0.21199607849121094,0.21647095680236816,0.23211979866027832,0.500593900680542,0.46834301948547363,0.23912715911865234,0.4701979160308838,0.24295902252197266,0.24325299263000488,0.23216724395751953,0.2223830223083496,0.23549699783325195
503,0.22275686264038086,0.24679279327392578,0.2346491813659668,0.45659899711608887,0.22401785850524902,0.23386502265930176,0.47002077102661133,0.23787379264831543,0.2301931381225586,0.23813891410827637,0.24025702476501465,0.24561285972595215,0.2061917781829834,0.24241089820861816,0.21119213104248047,0.25065088272094727,0.21713805198669434,0.21628522872924805,0.20657706260681152,0.23070526123046875,0.5036840438842773,0.21116304397583008,0.23542308807373047,0.46994519233703613,0.23433899879455566,0.22614622116088867,0.22829794883728027,0.24287009239196777,0.2151198387145996,0.22264504432678223,0.20937275886535645,0.22251081466674805,0.22895574569702148,0.23892593383789062,0.21073293685913086,0.20796680450439453,0.22429895401000977,0.24443888664245605,0.2212049961090088,0.20589208602905273,0.2028648853302002,0.2536587715148926,0.46129512786865234,0.25011396408081055,0.2230210304260254,0.2501189708709717,0.48461174964904785,0.20906400680541992,0.21902704238891602,0.2036452293395996
504,0.21926093101501465,0.20523905754089355,0.20891118049621582,0.47095775604248047,0.2367231845855713,0.20557093620300293,0.25006580352783203,0.20570874214172363,0.22614669799804688,0.2484900951385498,0.20439600944519043,0.2250959873199463,0.23069190979003906,0.23048686981201172,0.2301497459411621,0.23295307159423828,0.23005318641662598,0.2211439609527588,0.23875975608825684,0.20787501335144043,0.2394869327545166,0.21427702903747559,0.23663091659545898,0.2043771743774414,0.22425508499145508,0.21331310272216797,0.2071077823638916,0.2261791229248047,0.4894897937774658,0.24669194221496582,0.23807001113891602,0.22249507904052734,0.21077609062194824,0.2291429042816162,0.2371821403503418,0.23079395294189453,0.21417498588562012,0.21314716339111328,0.2272508144378662,0.23073506355285645,0.23087692260742188,0.23751497268676758,0.22935080528259277,0.23181486129760742,0.24924802780151367,0.2077631950378418,0.22478199005126953,0.4802370071411133,0.24193787574768066,0.2495100498199463
505,0.24091124534606934,0.23711180686950684,0.21682095527648926,0.2362840175628662,0.22373700141906738,0.20982980728149414,0.23235011100769043,0.23247480392456055,0.22938919067382812,0.2354891300201416,0.21334099769592285,0.24409890174865723,0.20802998542785645,0.2374711036682129,0.20553874969482422,0.23318123817443848,0.20540595054626465,0.23174309730529785,0.2324388027191162,0.24808287620544434,0.22931313514709473,0.21358180046081543,0.4413790702819824,0.2475881576538086,0.21219086647033691,0.23273491859436035,0.23155498504638672,0.20763397216796875,0.21906614303588867,0.5217001438140869,0.25258302688598633,0.2182908058166504,0.23600411415100098,0.2441561222076416,0.22651386260986328,0.24023890495300293,0.2362360954284668,0.2835209369659424,0.23444795608520508,0.22388315200805664,0.20764899253845215,0.22815418243408203,0.24223589897155762,0.21298623085021973,0.502795934677124,0.20893478393554688,0.21431183815002441,0.2125999927520752,0.23930716514587402,0.20714068412780762
506,0.2266371250152588,0.20709514617919922,0.2399578094482422,0.5111989974975586,0.21578192710876465,0.22661113739013672,0.2063460350036621,0.2391800880432129,0.20615601539611816,0.2084958553314209,0.2119300365447998,0.23815202713012695,0.23521828651428223,0.23614192008972168,0.24964690208435059,0.21724700927734375,0.23508191108703613,0.20932388305664062,0.23776507377624512,0.2378978729248047,0.2086188793182373,0.22522878646850586,0.25153493881225586,0.23814773559570312,0.2483351230621338,0.2522239685058594,0.21108126640319824,0.23582100868225098,0.22878813743591309,0.23395872116088867,0.23314189910888672,0.2310011386871338,0.2141590118408203,0.22800612449645996,0.2159440517425537,0.23539519309997559,0.25609683990478516,0.218109130859375,0.23497700691223145,0.2332150936126709,0.23522686958312988,0.4910621643066406,0.24348688125610352,0.23344898223876953,0.4768228530883789,0.22924280166625977,0.24752092361450195,0.20722198486328125,0.22493219375610352,0.23668789863586426
507,0.223067045211792,0.23243331909179688,0.24968814849853516,0.4713249206542969,0.23265981674194336,0.23017382621765137,0.23298096656799316,0.23582696914672852,0.23593497276306152,0.22805285453796387,0.2363431453704834,0.21646404266357422,0.23148083686828613,0.25292491912841797,0.20662784576416016,0.2378230094909668,0.22173738479614258,0.21750688552856445,0.5320339202880859,0.23276591300964355,0.2300570011138916,0.230849027633667,0.2083289623260498,0.23943305015563965,0.20768284797668457,0.23654818534851074,0.22139477729797363,0.2366020679473877,0.24067306518554688,0.5184891223907471,0.23693108558654785,0.23873281478881836,0.2382190227508545,0.22796082496643066,0.23561382293701172,0.24390816688537598,0.23410511016845703,0.21495604515075684,0.2392737865447998,0.23666620254516602,0.2552051544189453,0.2136080265045166,0.2416079044342041,0.23903298377990723,1.1654560565948486,0.20712614059448242,0.2436821460723877,0.23949694633483887,0.2109699249267578,0.23484587669372559
508,0.22571229934692383,0.22356796264648438,0.23983383178710938,0.21555018424987793,0.24749326705932617,0.22497010231018066,0.20511698722839355,0.37337684631347656,0.23710083961486816,0.21831297874450684,0.22962117195129395,0.24570918083190918,0.19243597984313965,0.22617387771606445,0.22826218605041504,0.24081683158874512,0.22838592529296875,0.2223069667816162,0.47524499893188477,0.21264886856079102,0.2196638584136963,0.22082901000976562,0.22362589836120605,0.22120404243469238,0.2506251335144043,0.2394113540649414,0.22069716453552246,0.25084424018859863,0.23349595069885254,0.23995590209960938,0.23543286323547363,0.24203896522521973,0.2180469036102295,0.23360490798950195,0.2162477970123291,0.21400189399719238,0.2537050247192383,0.23952412605285645,0.2269291877746582,0.23309683799743652,0.23685503005981445,0.47999000549316406,0.22504711151123047,0.2451930046081543,0.23833417892456055,0.24804139137268066,0.22890806198120117,0.2090599536895752,0.21436309814453125,0.20622491836547852
509,0.20884990692138672,0.23158884048461914,0.23189187049865723,0.23020076751708984,0.22383904457092285,0.21377825736999512,0.2352581024169922,0.45450711250305176,0.2227647304534912,0.23346471786499023,0.20526504516601562,0.22373294830322266,0.24020099639892578,0.20945525169372559,0.20386385917663574,0.2459871768951416,0.20499300956726074,0.2192518711090088,0.6773490905761719,0.20640993118286133,0.21022796630859375,0.21660304069519043,0.230482816696167,0.22092485427856445,0.23723483085632324,0.22147679328918457,0.22705483436584473,0.23138809204101562,0.8307170867919922,0.23300504684448242,0.2100529670715332,0.2430732250213623,0.2222881317138672,0.24076318740844727,0.22618985176086426,0.24054694175720215,0.2314591407775879,0.2160179615020752,0.2463080883026123,0.23595070838928223,0.23204302787780762,0.2796018123626709,0.8691110610961914,0.24114680290222168,0.4742751121520996,0.23880410194396973,0.24147295951843262,0.23531508445739746,0.23725628852844238,0.24610114097595215
510,0.23221182823181152,0.2083888053894043,0.23583698272705078,0.4928419589996338,0.21483492851257324,0.22939109802246094,0.21174287796020508,0.23185372352600098,0.23190093040466309,0.22438693046569824,0.2355179786682129,0.2190699577331543,0.20842909812927246,0.22161102294921875,0.2175600528717041,0.2242448329925537,0.20936894416809082,0.23146915435791016,1.169776201248169,0.23586821556091309,0.23056888580322266,0.2184438705444336,0.5102682113647461,0.23136615753173828,0.2373969554901123,0.20669102668762207,0.2066359519958496,0.20859694480895996,0.5186638832092285,0.5148811340332031,0.2417769432067871,0.2091677188873291,0.21218514442443848,0.23737215995788574,0.23424005508422852,0.22843718528747559,0.5482590198516846,0.21642804145812988,0.2133951187133789,0.2274641990661621,0.2071971893310547,0.5173308849334717,0.23666930198669434,0.22899794578552246,0.2462608814239502,0.23330378532409668,0.2711930274963379,0.2395639419555664,0.2200610637664795,0.2110462188720703
511,0.23426198959350586,0.20638298988342285,0.2279527187347412,0.2091078758239746,0.21712303161621094,0.20705580711364746,0.4704720973968506,0.23005199432373047,0.2365272045135498,0.21490788459777832,0.2295360565185547,0.2612779140472412,0.2154688835144043,0.21304702758789062,0.24013996124267578,0.5304460525512695,0.23307013511657715,0.23098969459533691,0.2315969467163086,0.21662282943725586,0.4840090274810791,0.21255993843078613,0.21349811553955078,0.2094099521636963,0.2352149486541748,0.2328341007232666,0.23645401000976562,0.2409982681274414,0.5241191387176514,0.2996659278869629,0.21100091934204102,0.5172209739685059,0.20540475845336914,0.23128986358642578,0.212799072265625,0.2429049015045166,0.5648388862609863,0.21355175971984863,0.23738384246826172,0.2308640480041504,0.23781681060791016,0.2727828025817871,0.24275588989257812,0.23567795753479004,0.44922614097595215,0.2311868667602539,0.24453091621398926,0.2240159511566162,0.2154369354248047,0.20677518844604492
512,0.22693204879760742,0.2219400405883789,0.22598719596862793,0.25074219703674316,0.23573684692382812,0.24829506874084473,0.4307520389556885,0.7423949241638184,0.23574280738830566,0.2184922695159912,0.23273396492004395,0.2246546745300293,0.24390602111816406,0.23185992240905762,0.21035432815551758,0.5444118976593018,0.22432804107666016,0.23485493659973145,0.4696919918060303,0.22561383247375488,0.4542808532714844,0.23258304595947266,0.4477250576019287,0.21108508110046387,0.2402338981628418,0.22204804420471191,0.25542521476745605,0.23378777503967285,0.21692299842834473,0.8782298564910889,0.2258589267730713,0.23878884315490723,0.24552178382873535,0.25494813919067383,0.2605550289154053,0.24290895462036133,0.23953485488891602,0.21697092056274414,0.24086689949035645,0.2382338047027588,0.2543299198150635,0.20890021324157715,0.2146759033203125,0.21529698371887207,0.3550558090209961,0.2082219123840332,0.5454199314117432,0.22940397262573242,0.23404288291931152,0.22134184837341309
513,0.22385191917419434,0.24062585830688477,0.21014714241027832,0.44957399368286133,0.24448609352111816,0.20780086517333984,0.20412802696228027,0.22129583358764648,0.2091660499572754,0.21000003814697266,0.2273850440979004,0.24099183082580566,0.23707795143127441,0.2337799072265625,0.2357490062713623,0.22985172271728516,0.23134469985961914,0.20819902420043945,0.21344900131225586,0.211442232131958,0.2550027370452881,0.22158598899841309,0.23575305938720703,0.21769499778747559,0.24503612518310547,0.21941494941711426,0.22009491920471191,0.2531731128692627,0.2154090404510498,0.23519682884216309,0.21599698066711426,0.49745774269104004,0.24013018608093262,0.2320690155029297,0.22114801406860352,0.21279501914978027,0.5174591541290283,0.2453780174255371,0.236558198928833,0.2367086410522461,0.2157609462738037,0.2301468849182129,0.2316741943359375,0.24687910079956055,0.48465585708618164,0.2562136650085449,0.22030425071716309,0.4756600856781006,0.23280692100524902,0.2192401885986328
514,0.2065889835357666,0.2100670337677002,0.2335219383239746,0.5680420398712158,0.22678494453430176,0.23480868339538574,0.2177581787109375,0.21033120155334473,0.24413609504699707,0.23044896125793457,0.21285390853881836,0.2181529998779297,0.2358689308166504,0.23055696487426758,0.23806309700012207,0.5526549816131592,0.20796895027160645,0.21137404441833496,0.220656156539917,0.23225998878479004,0.2063732147216797,0.21542096138000488,0.21657395362854004,0.22869491577148438,0.23607206344604492,0.21422481536865234,0.20694494247436523,0.23317623138427734,0.2064828872680664,0.5139129161834717,0.22439289093017578,0.49974513053894043,0.23941397666931152,0.22612619400024414,0.22046709060668945,0.22459864616394043,0.21130895614624023,0.2261650562286377,0.29335713386535645,0.23586082458496094,0.2529337406158447,0.22596096992492676,0.2432880401611328,0.23757696151733398,0.505781888961792,0.23043465614318848,0.21340084075927734,0.19142794609069824,0.22510600090026855,0.2394108772277832
515,0.21422266960144043,0.23122286796569824,0.23626017570495605,0.47072410583496094,0.2425401210784912,0.23311209678649902,0.2312767505645752,0.5154988765716553,0.21565699577331543,0.23404407501220703,0.2295680046081543,0.2255558967590332,0.2241661548614502,0.21326494216918945,0.2305600643157959,0.22718000411987305,0.22642898559570312,0.23026609420776367,0.4886939525604248,0.25008201599121094,0.23896408081054688,0.21695876121520996,0.49337005615234375,0.25553321838378906,0.216400146484375,0.23285603523254395,0.2145979404449463,0.23604488372802734,0.23066020011901855,0.48983311653137207,0.23017287254333496,0.2156667709350586,0.23284411430358887,0.21187829971313477,0.2476060390472412,0.20647573471069336,0.4848666191101074,0.2588791847229004,0.23119282722473145,0.25315308570861816,0.23611092567443848,0.2054131031036377,0.23135590553283691,0.23787283897399902,0.23956727981567383,0.21623492240905762,0.2475881576538086,0.2456378936767578,0.2215280532836914,0.21222877502441406
516,0.2308330535888672,0.20792508125305176,0.2379131317138672,0.20536303520202637,0.2255690097808838,0.20748186111450195,0.24752402305603027,0.21530699729919434,0.21926617622375488,0.23374700546264648,0.20551681518554688,0.26116418838500977,0.24263310432434082,0.20998501777648926,0.22655177116394043,0.21849322319030762,0.20649194717407227,0.22268915176391602,0.21869206428527832,0.20690202713012695,0.4575018882751465,0.23472166061401367,0.2364490032196045,0.23405098915100098,0.22001099586486816,0.24712395668029785,0.2324657440185547,0.22782278060913086,0.24243998527526855,0.2391819953918457,0.23247909545898438,0.2066190242767334,0.23757219314575195,0.21079683303833008,0.22252893447875977,0.24325108528137207,0.9452438354492188,0.2503030300140381,0.22393417358398438,0.23143792152404785,0.23517894744873047,0.20942115783691406,0.25626611709594727,0.48471999168395996,0.23307490348815918,0.21313714981079102,0.2548370361328125,0.2195589542388916,0.23502397537231445,0.23239421844482422
517,0.2398829460144043,0.23172521591186523,0.24853968620300293,0.23241019248962402,0.24532413482666016,0.2480611801147461,0.21360325813293457,0.22415590286254883,0.22782421112060547,0.2389240264892578,0.24744606018066406,0.22228288650512695,0.1911318302154541,0.23036980628967285,0.20361709594726562,0.23596811294555664,0.2226102352142334,0.22722697257995605,0.4932742118835449,0.20772004127502441,0.22779512405395508,0.2423100471496582,0.20785999298095703,0.22873306274414062,0.21791410446166992,0.20742416381835938,0.22161197662353516,0.21047282218933105,0.23882126808166504,0.2538731098175049,0.2071850299835205,0.2113499641418457,0.24971985816955566,0.2449321746826172,0.24915289878845215,0.2507326602935791,0.28813600540161133,0.21266698837280273,0.20577692985534668,0.23075008392333984,0.20829486846923828,0.27733588218688965,0.6533629894256592,0.23762011528015137,0.2425217628479004,0.2364799976348877,0.22540688514709473,0.22541594505310059,0.22617173194885254,0.204681396484375
518,0.22319817543029785,0.21944022178649902,0.23664379119873047,0.2253570556640625,0.24198222160339355,0.23474478721618652,0.22519516944885254,0.4709160327911377,0.20698189735412598,0.23341703414916992,0.20938801765441895,0.21732497215270996,0.22770023345947266,0.22270584106445312,0.22932910919189453,0.2515900135040283,0.23527097702026367,0.2336430549621582,0.47504329681396484,0.23109984397888184,0.519676923751831,0.21162199974060059,0.24259614944458008,0.2136530876159668,0.24579095840454102,0.23889994621276855,0.22937583923339844,0.22228622436523438,0.2206878662109375,0.5296502113342285,0.22584104537963867,0.21142172813415527,0.20940494537353516,0.2097301483154297,0.2164011001586914,0.23621177673339844,0.2705531120300293,0.2316129207611084,0.20732498168945312,0.21044230461120605,0.22271013259887695,0.20505499839782715,0.2497560977935791,0.21232104301452637,0.4346320629119873,0.24698233604431152,0.24326491355895996,0.22882604598999023,0.2206721305847168,0.20529913902282715
519,0.219465970993042,0.20561885833740234,0.2093501091003418,0.22847318649291992,0.24564409255981445,0.20739483833312988,0.22188496589660645,0.20531511306762695,0.24544787406921387,0.251223087310791,0.20621490478515625,0.24671387672424316,0.23199915885925293,0.21750307083129883,0.20922589302062988,0.24320101737976074,0.20525217056274414,0.23984408378601074,0.20852136611938477,0.23526787757873535,0.23584985733032227,0.21320104598999023,0.19027090072631836,0.2065119743347168,0.234940767288208,0.23768401145935059,0.21087002754211426,0.22460126876831055,0.2344672679901123,0.26659393310546875,0.21308422088623047,0.3691580295562744,0.2243657112121582,0.22906899452209473,0.23752784729003906,0.23371219635009766,0.26227688789367676,0.21018290519714355,0.2492070198059082,0.2412569522857666,0.5249018669128418,0.25547099113464355,0.8587582111358643,0.22622895240783691,0.23408102989196777,0.2059788703918457,0.23851990699768066,0.22996878623962402,0.23074102401733398,0.24711298942565918
520,0.2224256992340088,0.22886204719543457,0.24467110633850098,0.20310401916503906,0.2468249797821045,0.23717975616455078,0.20473313331604004,0.21987605094909668,0.2349681854248047,0.23308992385864258,0.23234891891479492,0.22869372367858887,0.2351551055908203,0.21900701522827148,0.23252201080322266,0.2644360065460205,0.23734307289123535,0.24803400039672852,0.22319889068603516,0.2518579959869385,0.23694705963134766,0.217149019241333,0.22765088081359863,0.23523402214050293,0.2381591796875,0.23367810249328613,0.23289704322814941,0.2259671688079834,0.22142887115478516,0.2404468059539795,0.24279499053955078,0.20796990394592285,0.2272319793701172,0.21013402938842773,0.2382819652557373,0.23752784729003906,0.23059368133544922,0.22430896759033203,0.20572900772094727,0.24938416481018066,0.24424004554748535,0.2639946937561035,0.2594130039215088,0.2588949203491211,1.117581844329834,0.2076563835144043,0.2227339744567871,0.4290609359741211,0.23233485221862793,0.2072000503540039
521,0.2085099220275879,0.20537686347961426,0.21262216567993164,0.4793059825897217,0.24877524375915527,0.23754525184631348,0.22455596923828125,0.22034096717834473,0.20797491073608398,0.2104020118713379,0.23891973495483398,0.2511758804321289,0.23699712753295898,0.22089815139770508,0.2514622211456299,0.24541115760803223,0.23495101928710938,0.22106003761291504,0.8086001873016357,0.237807035446167,0.23290610313415527,0.21686196327209473,0.2272021770477295,0.22507905960083008,0.23264479637145996,0.2610511779785156,0.20453715324401855,0.21551823616027832,0.20592093467712402,0.23498201370239258,0.2109079360961914,0.21553516387939453,0.24280500411987305,0.22342300415039062,0.22825074195861816,0.22723031044006348,0.5220420360565186,0.21522784233093262,0.227294921875,0.2378230094909668,0.22462201118469238,0.23706507682800293,0.22217583656311035,0.23076295852661133,0.21352696418762207,0.22677993774414062,0.23194289207458496,0.2313847541809082,0.2319338321685791,0.2296152114868164
522,0.22611594200134277,0.23614501953125,0.22656512260437012,0.22884893417358398,0.24453496932983398,0.25176310539245605,0.23036623001098633,0.21365571022033691,0.23615622520446777,0.23464488983154297,0.2521500587463379,0.21792006492614746,0.23447299003601074,0.23267292976379395,0.23688030242919922,0.5342237949371338,0.22189068794250488,0.2151482105255127,0.230849027633667,0.23345279693603516,0.252410888671875,0.2490861415863037,0.30028796195983887,0.21031999588012695,0.20784616470336914,0.21723008155822754,0.22449398040771484,0.2251129150390625,0.21028590202331543,0.8290870189666748,0.23485374450683594,0.2520899772644043,0.24972128868103027,0.2227797508239746,0.2587110996246338,0.22670698165893555,0.2760310173034668,0.22014379501342773,0.220994234085083,0.23420310020446777,0.21609902381896973,0.5151963233947754,0.24526095390319824,0.2385852336883545,0.2419741153717041,0.20887398719787598,0.24480009078979492,0.5128920078277588,0.20975780487060547,0.21317028999328613
523,0.22848796844482422,0.22155094146728516,0.2419431209564209,0.2079172134399414,0.2370460033416748,0.23806095123291016,0.2126450538635254,0.20749807357788086,0.20984292030334473,0.22391724586486816,0.2288520336151123,0.23068714141845703,0.2246708869934082,0.21983075141906738,0.22469472885131836,0.24511384963989258,0.20444488525390625,0.23221492767333984,0.22786521911621094,0.2304246425628662,0.26389503479003906,0.23448705673217773,0.21079230308532715,0.23360824584960938,0.24488210678100586,0.22829079627990723,0.22028684616088867,0.22991013526916504,0.2331862449645996,0.5479791164398193,0.23152875900268555,0.2380828857421875,0.23513197898864746,0.21133899688720703,0.22435569763183594,0.23638510704040527,0.22258782386779785,0.23552608489990234,0.21592402458190918,0.237684965133667,0.24331092834472656,0.2681918144226074,0.227370023727417,0.23775386810302734,0.23401117324829102,0.25087809562683105,0.4642820358276367,0.22190403938293457,0.2372138500213623,0.2238309383392334
524,0.21015000343322754,0.23276615142822266,0.23430299758911133,0.6915850639343262,0.21607017517089844,0.23325300216674805,0.22805094718933105,1.4170691967010498,0.24402928352355957,0.4689028263092041,0.20882391929626465,0.24178671836853027,0.2272810935974121,0.21192193031311035,0.2049856185913086,0.2330617904663086,0.22169089317321777,0.22809195518493652,0.22153210639953613,0.21440386772155762,0.2455580234527588,0.2355787754058838,0.24610185623168945,0.23309803009033203,0.22113609313964844,0.20815610885620117,0.2277989387512207,0.20485496520996094,0.4896061420440674,0.23864102363586426,0.20913004875183105,0.49779725074768066,0.23344087600708008,0.24103903770446777,0.24420404434204102,0.23425006866455078,0.5215990543365479,0.22043895721435547,0.23420476913452148,0.2234039306640625,0.23668289184570312,0.2348949909210205,0.24189209938049316,0.22699904441833496,0.5009739398956299,0.23684191703796387,0.21463227272033691,0.2245650291442871,0.2552011013031006,0.24293804168701172
525,0.22699594497680664,0.20705413818359375,0.25000715255737305,0.20429205894470215,0.23421907424926758,0.23644685745239258,0.2094099521636963,0.23830103874206543,0.21060585975646973,0.44606781005859375,0.23198580741882324,0.22268295288085938,0.20636272430419922,0.24016785621643066,0.21671700477600098,0.28606104850769043,0.22260689735412598,0.22961115837097168,0.22893691062927246,0.2503039836883545,0.44934678077697754,0.22702312469482422,0.22537803649902344,0.2262248992919922,0.21144413948059082,0.2241508960723877,0.2409839630126953,0.21370196342468262,0.25336599349975586,0.23881006240844727,0.2517971992492676,0.2417316436767578,0.2287578582763672,0.22597384452819824,0.21826934814453125,0.20662808418273926,0.23324084281921387,0.21565914154052734,0.2040398120880127,0.2284858226776123,0.20537090301513672,0.22614717483520508,0.480640172958374,0.2539370059967041,0.223114013671875,0.2310318946838379,0.21811723709106445,0.22246813774108887,0.22569608688354492,0.20506715774536133
526,0.2176811695098877,0.20485186576843262,0.2315521240234375,0.45990419387817383,0.23663616180419922,0.2065563201904297,0.2301621437072754,0.23367094993591309,0.2311558723449707,0.5206120014190674,0.20426702499389648,0.2632870674133301,0.24109315872192383,0.23656010627746582,0.24695086479187012,0.2713501453399658,0.22664785385131836,0.22190499305725098,0.826085090637207,0.2321491241455078,0.22872710227966309,0.21212410926818848,0.24244379997253418,0.20212221145629883,0.23444700241088867,0.24048304557800293,0.2312021255493164,0.2336750030517578,0.2315990924835205,0.2438981533050537,0.23277974128723145,0.4857611656188965,0.21161293983459473,0.23994112014770508,0.24721622467041016,0.23676800727844238,0.2048180103302002,0.25810980796813965,0.2200460433959961,0.2392880916595459,0.23399114608764648,0.22552084922790527,0.22120904922485352,0.21249699592590332,0.2337808609008789,0.2329111099243164,0.2819509506225586,0.2211759090423584,0.21246600151062012,0.2055649757385254
527,0.23775100708007812,0.22684407234191895,0.20964694023132324,0.23566794395446777,0.25229430198669434,0.2488541603088379,0.20435810089111328,0.23861193656921387,0.2080690860748291,0.8463397026062012,0.22454190254211426,0.22212815284729004,0.23446178436279297,0.2523512840270996,0.20414066314697266,0.21698713302612305,0.22153186798095703,0.2196180820465088,0.22848916053771973,0.20953083038330078,0.21066904067993164,0.2573239803314209,0.2784299850463867,0.22739028930664062,0.23688697814941406,0.21091818809509277,0.25467729568481445,0.21046876907348633,0.23212981224060059,1.1346409320831299,0.2526888847351074,0.46164512634277344,0.2560110092163086,0.23820209503173828,0.24208283424377441,0.24938106536865234,0.22504758834838867,0.22442913055419922,0.23471593856811523,0.23856210708618164,0.481492280960083,0.47817397117614746,0.2803080081939697,0.23586678504943848,1.4994921684265137,0.21370697021484375,0.2703208923339844,0.23001313209533691,0.22789621353149414,0.23135781288146973
528,0.21456670761108398,0.2329237461090088,0.24327492713928223,0.27798891067504883,0.2330639362335205,0.2091221809387207,0.2053821086883545,0.24486804008483887,0.2073221206665039,0.5050859451293945,0.2300570011138916,0.2419757843017578,0.24888396263122559,0.23239779472351074,0.2046952247619629,0.5398681163787842,0.23368096351623535,0.20957493782043457,0.22791075706481934,0.2355341911315918,0.2338271141052246,0.23559975624084473,0.2108170986175537,0.2172410488128662,0.2545459270477295,0.22376489639282227,0.23258709907531738,0.2451941967010498,0.2127668857574463,0.26404500007629395,0.24300599098205566,0.2192368507385254,0.23701882362365723,0.23088788986206055,0.24483680725097656,0.23708319664001465,0.23725295066833496,0.23009109497070312,0.2538270950317383,0.22902989387512207,0.2225511074066162,0.2512929439544678,0.23419904708862305,0.23701214790344238,0.23252010345458984,0.256680965423584,0.2533712387084961,0.21171188354492188,0.23201274871826172,0.20553207397460938
529,0.2051379680633545,0.21482396125793457,0.22681498527526855,0.2507450580596924,0.2350940704345703,0.22768211364746094,0.24283194541931152,0.2099769115447998,0.24394917488098145,0.5207870006561279,0.2109661102294922,0.21708297729492188,0.2101280689239502,0.20858478546142578,0.23484492301940918,0.5447430610656738,0.20611882209777832,0.21297001838684082,0.2312309741973877,0.2341611385345459,0.20670795440673828,0.23597502708435059,0.48372888565063477,0.22558903694152832,0.22115802764892578,0.22783803939819336,0.20953011512756348,0.24610471725463867,0.5099961757659912,0.2387378215789795,0.22141003608703613,0.4698777198791504,0.2353527545928955,0.2288198471069336,0.2504739761352539,0.2108769416809082,0.24914908409118652,0.22410798072814941,0.23453712463378906,0.2107691764831543,0.21164584159851074,0.31114983558654785,0.22236204147338867,0.23469305038452148,0.23362493515014648,0.22179317474365234,0.2186291217803955,0.8498220443725586,0.2240128517150879,0.24718117713928223
530,0.22710514068603516,0.23397111892700195,0.22920489311218262,0.20726799964904785,0.2368299961090088,0.2162950038909912,0.21142983436584473,0.24294614791870117,0.23644304275512695,0.5043869018554688,0.22710514068603516,0.2322828769683838,0.23025894165039062,0.22997498512268066,0.20831990242004395,0.24420785903930664,0.20371198654174805,0.25780296325683594,0.8410322666168213,0.2478320598602295,0.23153185844421387,0.23624205589294434,0.23622488975524902,0.2225489616394043,0.20849323272705078,0.23915600776672363,0.22345709800720215,0.2307901382446289,0.5127990245819092,0.24853920936584473,0.23187565803527832,0.219757080078125,0.23656892776489258,0.23131489753723145,0.22444415092468262,0.21994805335998535,0.23801398277282715,0.21190690994262695,0.24816489219665527,0.2394261360168457,0.23449206352233887,0.48470568656921387,0.25910091400146484,0.24536418914794922,0.23613595962524414,0.2116098403930664,0.2326219081878662,0.5463862419128418,0.21497082710266113,0.2097620964050293
531,0.21021103858947754,0.23394083976745605,0.5110278129577637,0.24878597259521484,0.21750211715698242,0.22398805618286133,0.23177504539489746,0.20682692527770996,0.20705914497375488,0.5014631748199463,0.2161388397216797,0.25487685203552246,0.2082970142364502,0.20799493789672852,0.2357769012451172,0.22181296348571777,0.22287797927856445,0.21574091911315918,0.21015000343322754,0.20842695236206055,0.2404799461364746,0.22841286659240723,0.2331547737121582,0.20307397842407227,0.21543097496032715,0.2371511459350586,0.22761821746826172,0.2191619873046875,0.23881292343139648,0.27964305877685547,0.20748186111450195,0.46883201599121094,0.23333501815795898,0.2387399673461914,0.2443068027496338,0.236328125,0.251924991607666,0.22832918167114258,0.23646903038024902,0.21733403205871582,0.23207592964172363,0.28635120391845703,0.5010619163513184,0.5201168060302734,0.23928117752075195,0.23168492317199707,0.25516271591186523,0.2114861011505127,0.2312009334564209,0.23306012153625488
532,0.24773788452148438,0.20970916748046875,0.2583608627319336,0.23500895500183105,0.23431611061096191,0.23073911666870117,0.20582199096679688,0.20877695083618164,0.23064088821411133,0.46735191345214844,0.23749566078186035,0.2269759178161621,0.20816898345947266,0.25336694717407227,0.20614194869995117,0.24718737602233887,0.24471402168273926,0.21831417083740234,0.2220759391784668,0.2349381446838379,0.23469209671020508,0.22958707809448242,0.2182159423828125,0.23416399955749512,0.23289799690246582,0.20552492141723633,0.258544921875,0.21215581893920898,0.4731428623199463,0.8571839332580566,0.22291302680969238,0.24365901947021484,0.24817490577697754,0.24036693572998047,0.5024402141571045,0.24874496459960938,0.23510289192199707,0.21184706687927246,0.2095327377319336,0.21060991287231445,0.224168062210083,0.23646903038024902,0.21547818183898926,0.2362680435180664,0.24036478996276855,0.23676013946533203,0.2089979648590088,0.2664191722869873,0.2418527603149414,0.2080540657043457
533,0.22864317893981934,0.22185897827148438,0.22224092483520508,0.2080221176147461,0.24447107315063477,0.22133088111877441,0.2330172061920166,0.2620232105255127,0.21081089973449707,0.8642890453338623,0.20964980125427246,0.24339675903320312,0.22874689102172852,0.23353219032287598,0.2138819694519043,0.23888278007507324,0.2050800323486328,0.22855687141418457,0.21199893951416016,0.21857166290283203,0.20403027534484863,0.2101607322692871,0.21042871475219727,0.2136552333831787,0.2505679130554199,0.23160099983215332,0.23709893226623535,0.2284107208251953,0.480283260345459,0.23870587348937988,0.21105098724365234,0.38205599784851074,0.2110579013824463,0.22347092628479004,0.2152080535888672,0.23709321022033691,0.22434425354003906,0.22677016258239746,0.23436474800109863,0.21023893356323242,0.4808628559112549,0.5308139324188232,0.26841211318969727,0.24826622009277344,0.20020008087158203,0.24805665016174316,0.20771503448486328,0.22610211372375488,0.22016525268554688,0.20475172996520996
534,0.21915173530578613,0.22057795524597168,0.21064496040344238,0.4594581127166748,0.22363805770874023,0.20749306678771973,0.2237870693206787,0.20647096633911133,0.2455122470855713,0.4864320755004883,0.20708298683166504,0.22597908973693848,0.23656201362609863,0.20794987678527832,0.23452496528625488,0.291013240814209,0.23492026329040527,0.23476719856262207,0.24423909187316895,0.20811867713928223,0.4384341239929199,0.21619606018066406,0.4552130699157715,0.2218799591064453,0.23675823211669922,0.23824572563171387,0.2178637981414795,0.21900606155395508,0.4707658290863037,0.5016911029815674,0.23215007781982422,0.21009516716003418,0.23524093627929688,0.23178887367248535,0.21944808959960938,0.2330341339111328,0.2112441062927246,0.2141408920288086,0.2311720848083496,0.22971296310424805,0.2312173843383789,0.5020170211791992,0.21558904647827148,0.21256089210510254,0.21514892578125,0.2129371166229248,0.7806620597839355,0.22559165954589844,0.23288798332214355,0.23695993423461914
535,0.21802687644958496,0.23060393333435059,0.21055293083190918,0.22355103492736816,0.25167393684387207,0.2139720916748047,0.20497632026672363,0.23473286628723145,0.20605206489562988,0.24099993705749512,0.2290477752685547,0.24160218238830566,0.22321414947509766,0.22453093528747559,0.20416903495788574,0.5182898044586182,0.20642995834350586,0.2254347801208496,0.7806658744812012,0.2502937316894531,0.23443818092346191,0.22350096702575684,0.26070570945739746,0.23183107376098633,0.23945999145507812,0.23926019668579102,0.22950291633605957,0.233551025390625,0.21709012985229492,0.2970292568206787,0.24820518493652344,0.2372269630432129,0.23661589622497559,0.21890020370483398,0.24586129188537598,0.23726296424865723,0.25213623046875,0.23049211502075195,0.27346324920654297,0.22588801383972168,0.21066904067993164,0.5472838878631592,0.22316813468933105,0.23755717277526855,0.24077200889587402,0.23787689208984375,0.25174808502197266,0.2390151023864746,0.21957015991210938,0.22971296310424805
536,0.20428800582885742,0.23395681381225586,0.21929216384887695,0.2131059169769287,0.24117088317871094,0.22173619270324707,0.22617220878601074,0.24877309799194336,0.20796895027160645,0.4849998950958252,0.21041631698608398,0.2310638427734375,0.23021411895751953,0.22099614143371582,0.2461071014404297,0.5005569458007812,0.23623132705688477,0.21735501289367676,0.43914318084716797,0.23722314834594727,0.2061309814453125,0.2166767120361328,0.211137056350708,0.22735810279846191,0.23177289962768555,0.23859810829162598,0.20392894744873047,0.22471976280212402,0.21223974227905273,0.22615504264831543,0.21158289909362793,0.5007827281951904,0.23825502395629883,0.21160125732421875,0.23030591011047363,0.22518086433410645,0.47483181953430176,0.24448895454406738,0.285045862197876,0.22872233390808105,0.23477721214294434,0.48866701126098633,0.24915409088134766,0.5005643367767334,0.2140192985534668,0.23523211479187012,0.26942992210388184,0.4626002311706543,0.20917797088623047,0.2049999237060547
537,0.24392104148864746,0.20689988136291504,0.23806309700012207,0.23297905921936035,0.24681711196899414,0.2383580207824707,0.4747457504272461,0.22503995895385742,0.22486591339111328,0.2925529479980469,0.24852395057678223,0.2296769618988037,0.2548229694366455,0.23162078857421875,0.21160411834716797,0.5299792289733887,0.219588041305542,0.234266996383667,0.23792099952697754,0.2318432331085205,0.23456907272338867,0.23336386680603027,0.21618199348449707,0.20644307136535645,0.2171337604522705,0.2290351390838623,0.24069786071777344,0.23251724243164062,0.47319602966308594,0.2100081443786621,0.23479175567626953,0.4711589813232422,0.25017213821411133,0.2104480266571045,0.2545161247253418,0.2279508113861084,0.23744606971740723,0.21975088119506836,0.24430489540100098,0.20900821685791016,0.22990012168884277,0.5226552486419678,0.23938894271850586,0.2653818130493164,0.6518478393554688,0.23836398124694824,0.45783185958862305,0.25351595878601074,0.21705985069274902,0.23662209510803223
538,0.20751190185546875,0.24809765815734863,0.21354293823242188,0.44022083282470703,0.24297308921813965,0.21349191665649414,0.19599103927612305,0.22945189476013184,0.21274328231811523,0.9210739135742188,0.2330629825592041,0.24099373817443848,0.22983193397521973,0.22076797485351562,0.2295989990234375,0.24150991439819336,0.2029871940612793,0.21072173118591309,1.4060249328613281,0.2068331241607666,0.22248435020446777,0.22206592559814453,0.48486924171447754,0.20498919486999512,0.2307581901550293,0.23281097412109375,0.22984027862548828,0.23934388160705566,0.2305912971496582,0.21680212020874023,0.22890996932983398,0.5225841999053955,0.23698830604553223,0.23026418685913086,0.2239818572998047,0.20692205429077148,0.23545503616333008,0.23714709281921387,0.2076878547668457,0.2336280345916748,0.2235870361328125,0.517704963684082,0.24387502670288086,0.23963594436645508,0.21134591102600098,0.24905610084533691,0.2505528926849365,0.22659611701965332,0.2208712100982666,0.20450901985168457
539,0.2270052433013916,0.20558810234069824,0.22283196449279785,0.23172903060913086,0.23128724098205566,0.22858214378356934,0.2600588798522949,0.20484304428100586,0.24659514427185059,0.22689318656921387,0.20964503288269043,0.22819280624389648,0.20827293395996094,0.20821380615234375,0.2038888931274414,0.29668211936950684,0.23157310485839844,0.2250196933746338,0.2469182014465332,0.20924901962280273,0.4810819625854492,0.2135448455810547,0.2053520679473877,0.23293638229370117,0.2241983413696289,0.2076091766357422,0.2072618007659912,0.20682692527770996,0.23809003829956055,0.2139289379119873,0.21007108688354492,0.24113202095031738,0.234375,0.24152708053588867,0.24315428733825684,0.23233699798583984,0.23674988746643066,0.2543020248413086,0.2407851219177246,0.21018505096435547,0.2264242172241211,0.23652315139770508,0.23040318489074707,0.27596282958984375,1.1220529079437256,0.22333407402038574,0.2165822982788086,0.2285289764404297,0.23630404472351074,0.24673819541931152
540,0.22293615341186523,0.20516109466552734,0.2181720733642578,0.44319605827331543,0.23103094100952148,0.21189570426940918,0.20751309394836426,0.2104661464691162,0.22832894325256348,0.2101151943206787,0.22958707809448242,0.24124813079833984,0.24447989463806152,0.21469902992248535,0.2125411033630371,0.24387097358703613,0.20737910270690918,0.23099613189697266,0.23662495613098145,0.23632526397705078,0.2220749855041504,0.21075916290283203,0.8439452648162842,0.22051024436950684,0.21694397926330566,0.23974227905273438,0.23272919654846191,0.21782398223876953,0.48354578018188477,0.5138309001922607,0.25244688987731934,0.2266240119934082,0.21187138557434082,0.23708176612854004,0.2158358097076416,0.20688772201538086,0.23204302787780762,0.23040199279785156,0.21709609031677246,0.24999189376831055,0.20640206336975098,0.5480830669403076,0.2379751205444336,0.23850488662719727,0.26126694679260254,0.21697306632995605,0.4691648483276367,0.4029421806335449,0.21717405319213867,0.20294594764709473
541,0.21515226364135742,0.2311391830444336,0.21730709075927734,0.23386597633361816,0.23467278480529785,0.20684599876403809,0.22950291633605957,0.2306509017944336,0.22470402717590332,0.8181238174438477,0.20462369918823242,0.2449040412902832,0.20885801315307617,0.22379684448242188,0.24782109260559082,0.3160867691040039,0.23462986946105957,0.22289085388183594,0.2356250286102295,0.23017501831054688,0.24500417709350586,0.22023510932922363,0.2048649787902832,0.20264220237731934,0.22455596923828125,0.24966907501220703,0.20744991302490234,0.23158788681030273,0.214277982711792,1.17616605758667,0.23460674285888672,0.2611823081970215,0.2345561981201172,0.2552931308746338,0.2224879264831543,0.23901796340942383,0.22773122787475586,0.23816394805908203,0.2052311897277832,0.23648881912231445,0.2204899787902832,0.5211989879608154,0.2189960479736328,0.2353670597076416,0.2341301441192627,0.20648789405822754,0.22186279296875,0.23439526557922363,0.22466111183166504,0.21101903915405273
542,0.24088406562805176,0.20636987686157227,0.22644829750061035,0.20628094673156738,0.2431018352508545,0.2373661994934082,0.20484566688537598,0.2384028434753418,0.2103109359741211,0.20782995223999023,0.22314715385437012,0.2390308380126953,0.23671698570251465,0.23438477516174316,0.23457908630371094,0.2455439567565918,0.22137975692749023,0.22047162055969238,0.2073979377746582,0.2348768711090088,0.4016091823577881,0.23572301864624023,0.24149084091186523,0.23052597045898438,0.2113330364227295,0.23778915405273438,0.24798989295959473,0.23810100555419922,0.1948530673980713,0.23555707931518555,0.24191880226135254,0.2548990249633789,0.24466729164123535,0.21792387962341309,0.23564410209655762,0.24887895584106445,0.2282421588897705,0.2312450408935547,0.22420001029968262,0.23493194580078125,0.23034214973449707,0.4727182388305664,0.2328472137451172,0.21199321746826172,0.23692989349365234,0.21857714653015137,0.2155771255493164,0.23977303504943848,0.21100592613220215,0.23347997665405273
543,0.21070098876953125,0.22063302993774414,0.21414709091186523,0.24847793579101562,0.24708294868469238,0.21483922004699707,0.22616124153137207,0.21478581428527832,0.2075178623199463,0.4857659339904785,0.23695802688598633,0.22413301467895508,0.2358388900756836,0.21597003936767578,0.2058699131011963,0.5320312976837158,0.23342108726501465,0.20848298072814941,0.20794272422790527,0.20967793464660645,0.4418637752532959,0.21829605102539062,0.24062800407409668,0.21268415451049805,0.2458348274230957,0.23884177207946777,0.20770692825317383,0.2506833076477051,0.24511408805847168,0.51639723777771,0.23543572425842285,0.25861287117004395,0.24219727516174316,0.2171027660369873,0.2107069492340088,0.23493194580078125,0.2393028736114502,0.2538411617279053,0.21925616264343262,0.2345430850982666,0.2351670265197754,0.48726987838745117,0.25085997581481934,0.47034597396850586,0.26946210861206055,0.2370600700378418,0.23897695541381836,0.8746187686920166,0.22200584411621094,0.20471501350402832
544,0.20665788650512695,0.23299908638000488,0.23334813117980957,0.4693419933319092,0.24587607383728027,0.23091506958007812,0.2303011417388916,0.2099018096923828,0.24813389778137207,0.23254919052124023,0.23470783233642578,0.21393895149230957,0.2358872890472412,0.2291271686553955,0.23513007164001465,0.21843600273132324,0.20935988426208496,0.21062707901000977,0.9576871395111084,0.229841947555542,0.20523619651794434,0.21748614311218262,0.21239709854125977,0.2787349224090576,0.2065439224243164,0.2313680648803711,0.20584702491760254,0.23223495483398438,0.1951909065246582,0.3435678482055664,0.23150205612182617,0.5016348361968994,0.2352151870727539,0.2059180736541748,0.23486900329589844,0.20991301536560059,0.24295878410339355,0.22765898704528809,0.34238600730895996,0.23785090446472168,0.251039981842041,0.22790884971618652,0.2479870319366455,0.2354271411895752,0.26154589653015137,0.2219982147216797,0.2632157802581787,0.8618512153625488,0.22625303268432617,0.24609804153442383
545,0.229661226272583,0.20984411239624023,0.23457884788513184,0.4732379913330078,0.2303009033203125,0.23603296279907227,0.20813584327697754,0.2590329647064209,0.23418784141540527,0.23374104499816895,0.20620989799499512,0.21954989433288574,0.25457000732421875,0.22854876518249512,0.23056507110595703,0.2277829647064209,0.2033710479736328,0.24451398849487305,0.23839879035949707,0.2501871585845947,0.22675299644470215,0.2191469669342041,0.22368717193603516,0.23404812812805176,0.2367548942565918,0.23551583290100098,0.22926902770996094,0.23820996284484863,1.121528148651123,0.23316502571105957,0.2459549903869629,0.47385406494140625,0.23547887802124023,0.227003812789917,0.23523879051208496,0.23512601852416992,0.2216799259185791,0.21336913108825684,0.20770931243896484,0.2493901252746582,0.2372579574584961,0.21375489234924316,0.22367525100708008,0.23330283164978027,0.26592111587524414,0.21358108520507812,0.23721694946289062,0.23924040794372559,0.21467018127441406,0.21454691886901855
546,0.2066493034362793,0.22848725318908691,0.23642802238464355,0.22417497634887695,0.2220461368560791,0.20719122886657715,0.2316570281982422,0.4692718982696533,0.23537421226501465,0.519136905670166,0.22989487648010254,0.2342541217803955,0.23118376731872559,0.21036720275878906,0.2209320068359375,0.28835010528564453,0.22093915939331055,0.23600387573242188,0.5000259876251221,0.20699214935302734,0.24189996719360352,0.22118401527404785,0.22815799713134766,0.25542688369750977,0.2374861240386963,0.24893903732299805,0.20957207679748535,0.20946407318115234,0.529494047164917,0.23640823364257812,0.2103731632232666,0.5162920951843262,0.23497796058654785,0.20742297172546387,0.23510098457336426,0.23601913452148438,0.509458065032959,0.2227630615234375,0.23500609397888184,0.2349998950958252,0.23362088203430176,0.22219586372375488,0.514453649520874,0.28415584564208984,0.2530691623687744,0.2329397201538086,0.23683881759643555,0.22439193725585938,0.22425007820129395,0.22674107551574707
547,0.24647998809814453,0.20859694480895996,0.24930500984191895,0.18929815292358398,0.24596691131591797,0.24393701553344727,0.21159601211547852,0.20810222625732422,0.2082979679107666,0.5013039112091064,0.23090004920959473,0.21850013732910156,0.21123695373535156,0.2556440830230713,0.21346569061279297,0.2396688461303711,0.24347305297851562,0.2087252140045166,0.489609956741333,0.2388758659362793,0.23212862014770508,0.23136591911315918,0.23738574981689453,0.2349090576171875,0.2354118824005127,0.2068190574645996,0.23705101013183594,0.23398876190185547,0.21435189247131348,0.2386302947998047,0.2401740550994873,0.21433210372924805,0.24712181091308594,0.25045299530029297,0.2411501407623291,0.2523021697998047,0.2339792251586914,0.21940279006958008,0.45806384086608887,0.211838960647583,0.20682692527770996,0.270535945892334,0.22018098831176758,0.22884917259216309,0.23642683029174805,0.23659801483154297,0.2320411205291748,0.2153019905090332,0.2150728702545166,0.2030031681060791
548,0.209975004196167,0.22187590599060059,0.23714900016784668,0.23935317993164062,0.23750019073486328,0.20603299140930176,0.24210095405578613,0.5054881572723389,0.23202204704284668,0.4850919246673584,0.22446799278259277,0.21663594245910645,0.20880413055419922,0.2361159324645996,0.21909189224243164,0.24713826179504395,0.20669007301330566,0.23436903953552246,0.5347018241882324,0.23911809921264648,0.20516085624694824,0.21238183975219727,0.26360130310058594,0.2352612018585205,0.26099729537963867,0.24132919311523438,0.22899675369262695,0.2512953281402588,0.24913501739501953,0.485180139541626,0.2349839210510254,0.49676060676574707,0.2105090618133545,0.2394239902496338,0.21696710586547852,0.235123872756958,0.24547791481018066,0.22499704360961914,0.2508237361907959,0.23279094696044922,0.23111510276794434,0.47569990158081055,0.2192997932434082,0.24055910110473633,0.23502016067504883,0.24278020858764648,0.2390742301940918,0.23528599739074707,0.228179931640625,0.20477294921875
549,0.2311251163482666,0.23106694221496582,0.2104349136352539,0.22817397117614746,0.22941303253173828,0.2072429656982422,0.20427227020263672,0.25121593475341797,0.22300004959106445,0.4790961742401123,0.20456695556640625,0.22092175483703613,0.22393131256103516,0.2368330955505371,0.2266831398010254,0.22215819358825684,0.20471906661987305,0.23148107528686523,0.25223517417907715,0.22915887832641602,0.21904206275939941,0.2191150188446045,0.2286999225616455,0.21010613441467285,0.21953773498535156,0.23415398597717285,0.20967316627502441,0.2369687557220459,0.5075442790985107,0.25028300285339355,0.23727822303771973,0.4983060359954834,0.23862934112548828,0.22732996940612793,0.2416062355041504,0.23630595207214355,0.28475403785705566,0.21657299995422363,0.2362658977508545,0.23900127410888672,0.2285327911376953,0.2687990665435791,0.2561042308807373,0.22837376594543457,0.22560811042785645,0.21153616905212402,0.22681498527526855,0.2076249122619629,0.2563190460205078,0.24603867530822754
550,0.2087399959564209,0.23467111587524414,0.23031210899353027,0.2675149440765381,0.23415708541870117,0.2257699966430664,0.20656991004943848,0.23398566246032715,0.2066051959991455,0.5006809234619141,0.23433303833007812,0.21619200706481934,0.21978306770324707,0.23646116256713867,0.21157217025756836,0.24573588371276855,0.23360180854797363,0.22545409202575684,0.501910924911499,0.22584176063537598,0.26370906829833984,0.2139599323272705,0.21389222145080566,0.22484683990478516,0.22370409965515137,0.24484920501708984,0.23126721382141113,0.2333528995513916,0.20781183242797852,0.2911348342895508,0.2521779537200928,0.5059511661529541,0.2320239543914795,0.21358299255371094,0.22931289672851562,0.23141121864318848,0.24454188346862793,0.2728230953216553,0.2090611457824707,0.25224804878234863,0.2303318977355957,0.5016019344329834,0.23389005661010742,0.21287798881530762,0.48360204696655273,0.24541401863098145,0.21163177490234375,0.21906495094299316,0.22947192192077637,0.2376270294189453
551,0.20857000350952148,0.2088489532470703,0.20958518981933594,0.4671921730041504,0.23590922355651855,0.21057581901550293,0.23943686485290527,0.2340869903564453,0.22902393341064453,0.2698690891265869,0.21623611450195312,0.23027992248535156,0.24153971672058105,0.23364591598510742,0.24919605255126953,0.22519302368164062,0.21240615844726562,0.2086348533630371,0.23941993713378906,0.23007988929748535,0.19283628463745117,0.234666109085083,0.23394203186035156,0.22575902938842773,0.21009612083435059,0.23576092720031738,0.20528316497802734,0.2331540584564209,0.20945382118225098,0.2310652732849121,0.23549795150756836,0.4749417304992676,0.24152708053588867,0.2057638168334961,0.24013900756835938,0.21057987213134766,0.21149301528930664,0.21610593795776367,0.23589205741882324,0.2326188087463379,0.23637604713439941,0.25144410133361816,0.5136961936950684,0.23528122901916504,0.2382521629333496,0.2203519344329834,0.24604392051696777,0.22068190574645996,0.2178809642791748,0.20423412322998047
552,0.2374720573425293,0.22996878623962402,0.24013090133666992,0.4719679355621338,0.25601792335510254,0.24792909622192383,0.21126198768615723,0.22377514839172363,0.20984983444213867,0.23352432250976562,0.24266982078552246,0.24397802352905273,0.23551321029663086,0.24440598487854004,0.20429396629333496,0.2500271797180176,0.2318267822265625,0.23119473457336426,0.2440171241760254,0.2373192310333252,0.4938960075378418,0.2507188320159912,0.7525522708892822,0.2369222640991211,0.21090412139892578,0.22217392921447754,0.2507331371307373,0.23952507972717285,0.22191691398620605,0.482349157333374,0.23476910591125488,0.5532469749450684,0.24666333198547363,0.21590113639831543,0.24639487266540527,0.25160789489746094,0.23568940162658691,0.2226271629333496,0.23650097846984863,0.23500800132751465,0.2362818717956543,0.2116999626159668,0.23995375633239746,0.255415678024292,0.2328357696533203,0.26354408264160156,0.23700714111328125,0.485443115234375,0.23087000846862793,0.23475384712219238
553,0.21651196479797363,0.22948908805847168,0.21381402015686035,0.3932158946990967,0.22530674934387207,0.23381304740905762,0.23345184326171875,0.23151397705078125,0.2299211025238037,1.1753621101379395,0.20812225341796875,0.2296299934387207,0.23697781562805176,0.20731282234191895,0.22101521492004395,0.551037073135376,0.20257997512817383,0.23496079444885254,0.46782493591308594,0.20818495750427246,0.23105478286743164,0.23267793655395508,0.23739099502563477,0.23511290550231934,0.24017596244812012,0.21249604225158691,0.24414300918579102,0.24955987930297852,0.22967791557312012,0.5313301086425781,0.2095956802368164,0.5173969268798828,0.23923182487487793,0.23332881927490234,0.23767614364624023,0.22480297088623047,0.20727896690368652,0.22907209396362305,0.24996709823608398,0.23366189002990723,0.2344667911529541,1.0499911308288574,0.4707372188568115,0.515671968460083,0.25263381004333496,0.33649325370788574,0.4948699474334717,0.766524076461792,0.2359459400177002,0.20560288429260254
554,0.22670292854309082,0.22767305374145508,0.23112201690673828,0.20693516731262207,0.21714091300964355,0.20920920372009277,0.47049903869628906,0.20940232276916504,0.22542905807495117,0.25281786918640137,0.23052191734313965,0.24020075798034668,0.22710013389587402,0.21651196479797363,0.2044527530670166,0.5462467670440674,0.22525525093078613,0.24054503440856934,0.48286986351013184,0.22927212715148926,0.23083901405334473,0.23580694198608398,0.4718458652496338,0.23823165893554688,0.21015381813049316,0.20759987831115723,0.23064970970153809,0.21004509925842285,0.24239897727966309,0.5026159286499023,0.22644782066345215,0.2342529296875,0.2316901683807373,0.2568650245666504,0.2288517951965332,0.2222580909729004,0.23852324485778809,0.2232358455657959,0.2358560562133789,0.21104121208190918,0.22330188751220703,0.5481362342834473,0.2353661060333252,0.23779511451721191,0.24748706817626953,0.3306097984313965,0.23848390579223633,0.2235569953918457,0.24970483779907227,0.24651408195495605
555,0.2111349105834961,0.20402216911315918,0.2352299690246582,0.5016169548034668,0.2397608757019043,0.2225790023803711,0.23370981216430664,0.20697712898254395,0.23158884048461914,0.5138819217681885,0.20972490310668945,0.2354888916015625,0.22349286079406738,0.22343087196350098,0.2318427562713623,0.21791696548461914,0.22594094276428223,0.2429959774017334,0.21216177940368652,0.229964017868042,0.22359204292297363,0.21068191528320312,0.8363521099090576,0.2345600128173828,0.23598599433898926,0.22261834144592285,0.24103593826293945,0.22837090492248535,0.23288893699645996,0.24188017845153809,0.2294940948486328,0.4850449562072754,0.21181106567382812,0.23168396949768066,0.21588826179504395,0.21452593803405762,0.22870492935180664,0.21045398712158203,0.23822474479675293,0.24663209915161133,0.21981120109558105,0.5018961429595947,0.26189231872558594,0.5288150310516357,0.5326540470123291,0.30124497413635254,0.23870205879211426,0.21523594856262207,0.24313592910766602,0.2047591209411621
556,0.22916913032531738,0.23158001899719238,0.20994091033935547,0.20636606216430664,0.23024916648864746,0.2077648639678955,0.2076268196105957,0.2364201545715332,0.23505306243896484,0.8508241176605225,0.2045118808746338,0.25269079208374023,0.21734118461608887,0.22054505348205566,0.22289371490478516,0.5410540103912354,0.20650410652160645,0.24303293228149414,0.2132880687713623,0.2315680980682373,0.23180580139160156,0.23030710220336914,0.21051025390625,0.24741387367248535,0.23298406600952148,0.23729205131530762,0.2325448989868164,0.21657180786132812,0.505328893661499,0.23391509056091309,0.22092318534851074,0.2587697505950928,0.23460984230041504,0.2370917797088623,0.23947811126708984,0.2318572998046875,0.5189921855926514,0.21000003814697266,0.2591586112976074,0.24148917198181152,0.23284411430358887,0.23814702033996582,0.2257978916168213,0.5066678524017334,0.47850704193115234,0.3052809238433838,0.4649059772491455,0.21004104614257812,0.21997809410095215,0.23432588577270508
557,0.22584128379821777,0.2168748378753662,0.25191187858581543,0.21691179275512695,0.25621891021728516,0.23728513717651367,0.20393800735473633,0.22715091705322266,0.20629000663757324,0.2383880615234375,0.24781227111816406,0.22917509078979492,0.22307205200195312,0.23122406005859375,0.233734130859375,0.22021698951721191,0.24764704704284668,0.22411012649536133,0.23943805694580078,0.2372300624847412,0.20876383781433105,0.22861790657043457,0.2288188934326172,0.20960617065429688,0.2365400791168213,0.21111512184143066,0.2530040740966797,0.21778392791748047,0.22038817405700684,0.8607501983642578,0.21636033058166504,0.22278809547424316,0.25410008430480957,0.2369401454925537,0.23937773704528809,0.25003814697265625,0.23803377151489258,0.2357769012451172,0.22339200973510742,0.23547005653381348,0.23371315002441406,0.238325834274292,0.21220088005065918,0.40091419219970703,0.44751596450805664,0.24576497077941895,0.19702816009521484,0.22222590446472168,0.21588611602783203,0.21350502967834473
558,0.20752310752868652,0.23903584480285645,0.23340892791748047,0.21441102027893066,0.22573399543762207,0.2106151580810547,0.23012995719909668,0.2223491668701172,0.232590913772583,0.2443690299987793,0.23464393615722656,0.21564602851867676,0.21445798873901367,0.22461318969726562,0.2384328842163086,0.26276612281799316,0.20992374420166016,0.21480298042297363,0.21922993659973145,0.23175382614135742,0.24737191200256348,0.21921682357788086,0.1972808837890625,0.3835868835449219,0.24129486083984375,0.23435306549072266,0.22471189498901367,0.23870372772216797,0.2125251293182373,0.23866915702819824,0.22949600219726562,0.4451279640197754,0.22834205627441406,0.21007013320922852,0.24133706092834473,0.2260448932647705,0.21380305290222168,0.2561211585998535,0.44802427291870117,0.23665308952331543,0.23986005783081055,0.22975587844848633,0.2347111701965332,0.5027680397033691,0.8001289367675781,0.23501276969909668,0.2140369415283203,0.23172903060913086,0.21413183212280273,0.22339725494384766
559,0.22085928916931152,0.21387982368469238,0.23910999298095703,0.5206000804901123,0.24210095405578613,0.23035597801208496,0.21236920356750488,0.23372387886047363,0.25629687309265137,0.5205268859863281,0.20783114433288574,0.2369248867034912,0.23122000694274902,0.21325898170471191,0.2046370506286621,0.5313782691955566,0.2314450740814209,0.23360013961791992,0.22220277786254883,0.2124800682067871,0.20853304862976074,0.22852706909179688,0.2329111099243164,0.24952077865600586,0.20760726928710938,0.23745107650756836,0.21467375755310059,0.21404266357421875,0.22214198112487793,0.23229002952575684,0.2390890121459961,0.4716362953186035,0.24041295051574707,0.22943520545959473,0.23934006690979004,0.20911693572998047,0.22472786903381348,0.22154021263122559,0.22640109062194824,0.22947192192077637,0.24904775619506836,0.22925281524658203,0.2256929874420166,2.601091146469116,0.2068309783935547,0.22048711776733398,0.23789191246032715,0.23790717124938965,0.22834992408752441,0.2409219741821289
560,0.22133398056030273,0.22906208038330078,0.23474502563476562,0.2250831127166748,0.227308988571167,0.21059393882751465,0.22864198684692383,0.23504304885864258,0.23630905151367188,0.4894249439239502,0.23417186737060547,0.23390603065490723,0.23808813095092773,0.208266019821167,0.22721385955810547,0.22714591026306152,0.2035987377166748,0.22555065155029297,0.23057198524475098,0.23131585121154785,0.20586800575256348,0.23778319358825684,0.23625397682189941,0.2359323501586914,0.21486687660217285,0.22499704360961914,0.2323300838470459,0.22701811790466309,0.2240450382232666,0.23752403259277344,0.2411201000213623,0.45882487297058105,0.23568987846374512,0.25347900390625,0.23194503784179688,0.20971202850341797,0.22751879692077637,0.2728152275085449,0.23717498779296875,0.22941994667053223,0.23676228523254395,0.22777700424194336,0.22874689102172852,0.2532501220703125,0.5118236541748047,0.21889305114746094,0.5046420097351074,0.2444627285003662,0.22806715965270996,0.2534511089324951
561,0.2178497314453125,0.21068525314331055,0.2361133098602295,0.22961902618408203,0.21831488609313965,0.23030900955200195,0.20727825164794922,0.23561906814575195,0.23677802085876465,0.8129630088806152,0.23606109619140625,0.25568509101867676,0.2466108798980713,0.21973896026611328,0.21869707107543945,0.3050370216369629,0.2065730094909668,0.23205089569091797,0.22945308685302734,0.20708394050598145,0.24305176734924316,0.23488926887512207,0.20778703689575195,0.210723876953125,0.23687100410461426,0.22420597076416016,0.23875880241394043,0.2033240795135498,0.21461224555969238,0.21031522750854492,0.21011686325073242,0.20967888832092285,0.23583102226257324,0.23876619338989258,0.519207239151001,0.235152006149292,0.23085284233093262,0.2450721263885498,0.22690629959106445,0.21578216552734375,0.23006796836853027,0.2540891170501709,0.22837591171264648,0.45355796813964844,0.21224212646484375,0.21863818168640137,0.4511432647705078,0.22851181030273438,0.24706816673278809,0.2095191478729248
562,0.23822593688964844,0.20386934280395508,0.2503669261932373,0.31876683235168457,0.2529489994049072,0.2249159812927246,0.24739694595336914,0.20611882209777832,0.2372298240661621,0.48642396926879883,0.2504739761352539,0.222916841506958,0.20835304260253906,0.24274921417236328,0.21257805824279785,0.2288072109222412,0.24674105644226074,0.23627614974975586,0.504504919052124,0.22816681861877441,0.4407522678375244,0.24297595024108887,0.26134681701660156,0.23302602767944336,0.23043012619018555,0.2116861343383789,0.256641149520874,0.21143293380737305,0.2565770149230957,0.24654316902160645,0.21575307846069336,0.23471379280090332,0.24175214767456055,0.5164370536804199,0.21375012397766113,0.2546498775482178,0.2409369945526123,0.20979881286621094,0.22008705139160156,0.21025609970092773,0.20925521850585938,0.519761323928833,0.24512815475463867,0.23827099800109863,1.1313960552215576,0.22077274322509766,0.22719073295593262,0.2161719799041748,0.22040104866027832,0.20525789260864258
563,0.21587419509887695,0.2385098934173584,0.23383712768554688,0.4524810314178467,0.2370598316192627,0.20602893829345703,0.20953702926635742,0.20842313766479492,0.2380528450012207,0.47492504119873047,0.20536494255065918,0.24313616752624512,0.23319292068481445,0.23687005043029785,0.23131394386291504,0.5281269550323486,0.21629691123962402,0.23587727546691895,0.4690890312194824,0.21132707595825195,0.23401188850402832,0.21341395378112793,0.2066500186920166,0.2369379997253418,0.22585487365722656,0.23093080520629883,0.22880101203918457,0.2502152919769287,0.21479105949401855,0.4947700500488281,0.21519684791564941,0.22861218452453613,0.21097278594970703,0.23749613761901855,0.2360529899597168,0.23285913467407227,0.22729992866516113,0.2348167896270752,0.2144927978515625,0.21109986305236816,0.23652315139770508,0.9130659103393555,0.22781109809875488,0.5164430141448975,0.2517280578613281,0.23014616966247559,0.21481013298034668,0.227614164352417,0.21473932266235352,0.2169361114501953
564,0.22286295890808105,0.21833491325378418,0.20909595489501953,0.23099994659423828,0.23004508018493652,0.22161269187927246,0.2036149501800537,0.2561910152435303,0.2377309799194336,0.5215349197387695,0.20921087265014648,0.23551201820373535,0.20899009704589844,0.23697471618652344,0.21033787727355957,0.32308363914489746,0.22214388847351074,0.23194217681884766,0.2374107837677002,0.2217247486114502,0.22384214401245117,0.2402021884918213,0.545590877532959,0.2512030601501465,0.23168706893920898,0.20797109603881836,0.20792102813720703,0.2377488613128662,0.2775719165802002,0.2061619758605957,0.22265887260437012,0.21376705169677734,0.24168086051940918,0.2511441707611084,0.22741293907165527,0.23665785789489746,0.2420978546142578,0.2160038948059082,0.1925969123840332,0.2377758026123047,0.25413990020751953,0.9264781475067139,0.272982120513916,0.23563790321350098,0.25356578826904297,0.20762896537780762,0.2452678680419922,0.22517681121826172,0.24136805534362793,0.24706292152404785
565,0.20522403717041016,0.2280712127685547,0.23850011825561523,0.20701813697814941,0.23478293418884277,0.22699308395385742,0.22778105735778809,0.21315670013427734,0.21574997901916504,0.4872257709503174,0.22596120834350586,0.21584606170654297,0.23262882232666016,0.2364051342010498,0.2302417755126953,0.5482730865478516,0.2201368808746338,0.22467875480651855,0.4865992069244385,0.2445223331451416,0.2312631607055664,0.23931312561035156,0.23760724067687988,0.2336258888244629,0.23649311065673828,0.2273111343383789,0.22970008850097656,0.23450899124145508,0.21596312522888184,0.46680665016174316,0.2296772003173828,0.5019259452819824,0.23621201515197754,0.22858595848083496,0.24307680130004883,0.23379087448120117,0.21218514442443848,0.23259902000427246,0.21931099891662598,0.2522599697113037,0.23549222946166992,0.2842080593109131,0.23752307891845703,0.45513296127319336,0.23683810234069824,0.21738481521606445,0.22663593292236328,0.2097630500793457,0.21169805526733398,0.20820093154907227
566,0.20805811882019043,0.20385313034057617,0.23707008361816406,0.5051016807556152,0.23775196075439453,0.2080371379852295,0.23183989524841309,0.22856593132019043,0.24693512916564941,0.2535829544067383,0.21775603294372559,0.2407679557800293,0.262937068939209,0.23372411727905273,0.22445893287658691,0.6467509269714355,0.21706700325012207,0.23518109321594238,0.5537919998168945,0.23401498794555664,0.20955705642700195,0.22035789489746094,0.19208216667175293,0.23878717422485352,0.20833992958068848,0.22967791557312012,0.20628690719604492,0.23789691925048828,0.22420215606689453,0.5313520431518555,0.23545503616333008,0.2507789134979248,0.2359938621520996,0.21227812767028809,0.2476201057434082,0.20967793464660645,0.22227907180786133,0.22740793228149414,0.48551106452941895,0.23613786697387695,0.23914504051208496,0.8576216697692871,0.22128987312316895,0.21709990501403809,0.2356421947479248,0.23333191871643066,0.2684321403503418,0.23175811767578125,0.211151123046875,0.23386788368225098
567,0.24127197265625,0.20604205131530762,0.24976396560668945,0.8077020645141602,0.24743103981018066,0.24830007553100586,0.2262260913848877,0.21207928657531738,0.21335387229919434,0.5259089469909668,0.23692703247070312,0.22939014434814453,0.2395772933959961,0.24305391311645508,0.23005390167236328,0.548907995223999,0.22031807899475098,0.2116837501525879,0.48664283752441406,0.21090912818908691,0.20446395874023438,0.24369382858276367,0.22235798835754395,0.23073315620422363,0.22762417793273926,0.23026728630065918,0.2516481876373291,0.233306884765625,0.2250821590423584,0.23198175430297852,0.2328050136566162,0.5047218799591064,0.2522590160369873,0.23615717887878418,0.23876309394836426,0.24721622467041016,0.2123417854309082,0.21641898155212402,0.2500779628753662,0.23122406005859375,0.23151302337646484,0.5516629219055176,0.21354985237121582,0.21676397323608398,1.0632288455963135,0.23918700218200684,0.22269392013549805,0.2555088996887207,0.216109037399292,0.20534300804138184
568,0.20696306228637695,0.24889683723449707,0.23484206199645996,0.482832670211792,0.22956204414367676,0.23568105697631836,0.45773839950561523,0.22961115837097168,0.2350022792816162,0.21887898445129395,0.21064972877502441,0.23902511596679688,0.21132874488830566,0.20728397369384766,0.2024388313293457,0.25448036193847656,0.20754790306091309,0.229356050491333,0.23651504516601562,0.2074449062347412,0.22660517692565918,0.23822999000549316,0.24588704109191895,0.20968198776245117,0.22685003280639648,0.20608186721801758,0.20986390113830566,0.23105382919311523,0.19385504722595215,0.20964312553405762,0.21062707901000977,0.25124669075012207,0.2357168197631836,0.26746487617492676,0.4866008758544922,0.23912334442138672,0.25316596031188965,0.2322828769683838,0.2218019962310791,0.23061704635620117,0.20896315574645996,0.5469620227813721,0.2566368579864502,0.4786057472229004,0.25120997428894043,0.23915314674377441,0.24888396263122559,0.22934293746948242,0.22511625289916992,0.23269224166870117
569,0.23439383506774902,0.20845484733581543,0.23748493194580078,0.473175048828125,0.2229597568511963,0.2337808609008789,0.23183798789978027,0.21033191680908203,0.24665594100952148,0.22645998001098633,0.23222589492797852,0.23255491256713867,0.20724892616271973,0.22724008560180664,0.20799684524536133,0.24586009979248047,0.21733474731445312,0.2328357696533203,0.48078107833862305,0.22751903533935547,0.21951913833618164,0.23027396202087402,0.4552781581878662,0.23127007484436035,0.2357349395751953,0.21122193336486816,0.22855710983276367,0.21977615356445312,0.2469959259033203,0.2322227954864502,0.2312009334564209,0.4707942008972168,0.22455906867980957,0.25700974464416504,0.21351408958435059,0.23732900619506836,0.23709702491760254,0.22145366668701172,0.25579094886779785,0.21069908142089844,0.2258450984954834,0.5649828910827637,0.24077415466308594,0.5141761302947998,0.2500138282775879,0.21976590156555176,0.24476003646850586,0.7034108638763428,0.2299649715423584,0.22455620765686035
570,0.2358570098876953,0.20546197891235352,0.23269295692443848,0.23267602920532227,0.2370612621307373,0.2056560516357422,0.4709172248840332,0.20767998695373535,0.20908212661743164,0.5217189788818359,0.23029613494873047,0.23609399795532227,0.21997785568237305,0.23672127723693848,0.23157501220703125,0.22138500213623047,0.22503185272216797,0.22653698921203613,0.8474972248077393,0.22472786903381348,0.21812772750854492,0.22295331954956055,0.23681998252868652,0.24032902717590332,0.23343491554260254,0.21301507949829102,0.2098691463470459,0.23459935188293457,0.19304394721984863,0.24084901809692383,0.25009584426879883,0.4995419979095459,0.21568775177001953,0.30751991271972656,0.2405099868774414,0.2355058193206787,0.22435402870178223,0.2099907398223877,0.2100811004638672,0.25116801261901855,0.20651507377624512,0.7576389312744141,0.22027802467346191,0.7823309898376465,0.3541748523712158,0.21894097328186035,0.5152950286865234,0.2408130168914795,0.2190110683441162,0.2039799690246582
571,0.20928382873535156,0.22217178344726562,0.20927166938781738,0.5143210887908936,0.2269582748413086,0.2103571891784668,0.2252790927886963,0.22463393211364746,0.22862792015075684,0.2260298728942871,0.2065110206604004,0.2518179416656494,0.2152860164642334,0.23102474212646484,0.2244720458984375,0.24940109252929688,0.21477103233337402,0.22473406791687012,0.20786285400390625,0.23214101791381836,0.501755952835083,0.21875905990600586,0.20885992050170898,0.22110390663146973,0.24283194541931152,0.24610400199890137,0.23214411735534668,0.24206304550170898,0.24553394317626953,0.25050806999206543,0.2403850555419922,0.47978901863098145,0.24022603034973145,0.4601261615753174,0.2481529712677002,0.2352919578552246,0.21644902229309082,0.2143537998199463,0.22704195976257324,0.22675800323486328,0.233612060546875,0.2880818843841553,0.21979403495788574,0.21444106101989746,1.0484280586242676,0.21032285690307617,0.23655009269714355,0.21141314506530762,0.22387480735778809,0.2288832664489746
572,0.24246621131896973,0.22747278213500977,0.25169920921325684,0.44401025772094727,0.25692009925842285,0.2446119785308838,0.2055952548980713,0.21050691604614258,0.2065420150756836,0.2133328914642334,0.23062682151794434,0.23163294792175293,0.22876977920532227,0.23290705680847168,0.23410820960998535,0.28426408767700195,0.24307513236999512,0.20712614059448242,0.23684477806091309,0.23339486122131348,0.24226903915405273,0.26387572288513184,0.27562785148620605,0.23381495475769043,0.22292017936706543,0.23794770240783691,0.2247328758239746,0.23208904266357422,0.19193506240844727,0.5304832458496094,0.2370738983154297,0.49844884872436523,0.2438976764678955,0.22637581825256348,0.4818251132965088,0.24733901023864746,0.2076859474182129,0.24437308311462402,0.22057008743286133,0.2270960807800293,0.21431994438171387,0.5350069999694824,0.2174677848815918,0.19478297233581543,0.514117956161499,0.2105116844177246,0.19838500022888184,0.23151111602783203,0.2121260166168213,0.21145200729370117
573,0.20660090446472168,0.2232351303100586,0.23798203468322754,0.48311495780944824,0.229964017868042,0.2114100456237793,0.2294011116027832,0.23437190055847168,0.23679780960083008,0.8217320442199707,0.23060011863708496,0.2142190933227539,0.25495409965515137,0.2180957794189453,0.20557212829589844,0.5309629440307617,0.20824480056762695,0.21417498588562012,0.23668193817138672,0.20998716354370117,0.21965694427490234,0.22426176071166992,0.47294092178344727,0.2643008232116699,0.22968482971191406,0.23582100868225098,0.20471501350402832,0.2466881275177002,0.24210691452026367,0.5189158916473389,0.23548007011413574,0.5200822353363037,0.24063992500305176,0.22712111473083496,0.2202911376953125,0.22872209548950195,0.22880315780639648,0.26155686378479004,0.20598220825195312,0.2107388973236084,0.22652888298034668,0.28305816650390625,0.22054481506347656,0.481503963470459,0.22726082801818848,0.25304222106933594,0.2668170928955078,0.24132728576660156,0.2121269702911377,0.23393917083740234
574,0.2108452320098877,0.2316269874572754,0.23230981826782227,0.45661401748657227,0.23870301246643066,0.2284538745880127,0.2096691131591797,0.2352769374847412,0.22410297393798828,0.24828195571899414,0.20708727836608887,0.23763513565063477,0.2332150936126709,0.22414708137512207,0.23258209228515625,0.5718088150024414,0.22737598419189453,0.22757196426391602,0.2379000186920166,0.23052000999450684,0.48364806175231934,0.24297595024108887,0.2110748291015625,0.24071407318115234,0.20743393898010254,0.2378849983215332,0.22230195999145508,0.21112680435180664,0.23892712593078613,0.2394101619720459,0.2365119457244873,0.5231659412384033,0.23511505126953125,0.21273279190063477,0.5500600337982178,0.21516108512878418,0.22356772422790527,0.21925806999206543,0.22936081886291504,0.23342108726501465,0.23037314414978027,0.2520267963409424,0.20957016944885254,0.5126378536224365,0.2860419750213623,0.23275494575500488,0.20361089706420898,0.22718310356140137,0.237807035446167,0.24693989753723145
575,0.22902774810791016,0.20896625518798828,0.23937296867370605,0.20590806007385254,0.22786378860473633,0.20979690551757812,0.23035407066345215,0.23904204368591309,0.24798893928527832,0.2433309555053711,0.2285759449005127,0.22737407684326172,0.23645782470703125,0.2079637050628662,0.2027111053466797,0.23166108131408691,0.20502781867980957,0.22793102264404297,0.24830913543701172,0.2221529483795166,0.20601129531860352,0.2330951690673828,0.48503684997558594,0.2246718406677246,0.22568726539611816,0.22716903686523438,0.2225341796875,0.22107601165771484,0.22964882850646973,0.23416996002197266,0.2394578456878662,0.4783930778503418,0.2382969856262207,0.23381304740905762,0.23087191581726074,0.24354791641235352,0.21824002265930176,0.22267913818359375,0.20638799667358398,0.2481980323791504,0.22741389274597168,0.22008800506591797,0.21311688423156738,0.2385258674621582,0.27111291885375977,0.23015499114990234,0.2189028263092041,0.22939419746398926,0.21338105201721191,0.21090078353881836
576,0.2079300880432129,0.22862625122070312,0.23534607887268066,0.23379302024841309,0.22277379035949707,0.23012900352478027,0.22218799591064453,0.2320880889892578,0.23565912246704102,0.8545911312103271,0.21520614624023438,0.25834202766418457,0.21126985549926758,0.23853111267089844,0.22321772575378418,0.5373830795288086,0.2116711139678955,0.23023509979248047,0.20892691612243652,0.23700904846191406,0.4990110397338867,0.23782610893249512,0.2372736930847168,0.21164679527282715,0.21279120445251465,0.23418807983398438,0.21217083930969238,0.21081280708312988,0.22069811820983887,0.2270967960357666,0.20909690856933594,0.4618239402770996,0.23241591453552246,0.23089265823364258,0.24216103553771973,0.22302889823913574,0.22414088249206543,0.21445417404174805,0.23868012428283691,0.20937418937683105,0.2086038589477539,0.5480291843414307,0.22348284721374512,0.23654985427856445,0.2361469268798828,0.23897504806518555,0.23762989044189453,0.21181273460388184,0.23478913307189941,0.22856783866882324
577,0.24802088737487793,0.2049567699432373,0.24880599975585938,0.20876407623291016,0.24315214157104492,0.22501897811889648,0.48802781105041504,0.21332192420959473,0.2387988567352295,0.30542612075805664,0.2365262508392334,0.23201727867126465,0.21303796768188477,0.22459077835083008,0.23308300971984863,0.27257394790649414,0.2480330467224121,0.2344040870666504,0.22912096977233887,0.23277616500854492,0.22165489196777344,0.22835779190063477,0.230712890625,0.2051846981048584,0.23096776008605957,0.2261958122253418,0.24504709243774414,0.24008488655090332,0.24945497512817383,0.49813318252563477,0.21775412559509277,0.2143237590789795,0.22808504104614258,0.21245408058166504,0.4725949764251709,0.2589101791381836,0.21330809593200684,0.2106952667236328,0.36742186546325684,0.2243788242340088,0.23523783683776855,0.24731683731079102,0.23370027542114258,0.23456692695617676,0.23369884490966797,0.20785927772521973,0.1956028938293457,0.2125566005706787,0.23218798637390137,0.2045269012451172
578,0.23506689071655273,0.22323107719421387,0.22899889945983887,0.4934549331665039,0.24462628364562988,0.20591092109680176,0.23083281517028809,0.21659183502197266,0.2342078685760498,0.22634601593017578,0.2055509090423584,0.23854804039001465,0.212935209274292,0.23156285285949707,0.2031230926513672,0.2214500904083252,0.20358586311340332,0.23323607444763184,0.20723819732666016,0.21113991737365723,0.456341028213501,0.23357105255126953,0.20807409286499023,0.24290919303894043,0.2528951168060303,0.20892906188964844,0.21064400672912598,0.2524082660675049,0.21257972717285156,0.22646713256835938,0.24216389656066895,0.21360087394714355,0.23203301429748535,0.23733234405517578,0.2577228546142578,0.2404646873474121,0.24532294273376465,0.23109817504882812,0.2983222007751465,0.22634601593017578,0.23510980606079102,0.657310962677002,0.2161719799041748,0.2512221336364746,0.5032219886779785,0.22315311431884766,0.49170780181884766,0.22266101837158203,0.23989605903625488,0.2095348834991455
579,0.2112112045288086,0.23473691940307617,0.21220707893371582,0.43077898025512695,0.2245192527770996,0.22417306900024414,0.20585894584655762,0.23462820053100586,0.24938702583312988,0.24298381805419922,0.21147680282592773,0.23479795455932617,0.22787022590637207,0.2367706298828125,0.20655369758605957,0.2240302562713623,0.23513197898864746,0.21097278594970703,0.4811892509460449,0.22933077812194824,0.21183180809020996,0.23430395126342773,0.24716591835021973,0.2093191146850586,0.2417609691619873,0.23348379135131836,0.2309408187866211,0.23785400390625,0.24068903923034668,0.5006189346313477,0.23828601837158203,0.23859906196594238,0.23955678939819336,0.26668810844421387,0.2238941192626953,0.22264599800109863,0.20831608772277832,0.23634672164916992,0.20724010467529297,0.24033308029174805,0.25463199615478516,0.5335907936096191,0.23337817192077637,0.22990632057189941,0.24678587913513184,0.22097516059875488,0.31261301040649414,0.23005270957946777,0.2405092716217041,0.24767804145812988
580,0.20641684532165527,0.20735406875610352,0.2364671230316162,0.2353510856628418,0.24744009971618652,0.21443510055541992,0.4968740940093994,0.23817992210388184,0.20804405212402344,0.4724738597869873,0.2344799041748047,0.2147049903869629,0.22708582878112793,0.2340548038482666,0.2328639030456543,0.22688508033752441,0.20702886581420898,0.22369003295898438,0.48232603073120117,0.22487592697143555,0.22592926025390625,0.23760008811950684,0.2077341079711914,0.23785686492919922,0.2199718952178955,0.24060273170471191,0.20636725425720215,0.23465514183044434,0.49898290634155273,0.4988827705383301,0.2502782344818115,0.5187540054321289,0.2280750274658203,0.23426485061645508,0.2276139259338379,0.23587703704833984,0.20775079727172852,0.23111200332641602,0.22493982315063477,0.25042176246643066,0.22914814949035645,0.23719191551208496,0.23162317276000977,0.48560404777526855,0.20934677124023438,0.22510099411010742,0.21050119400024414,0.24995708465576172,0.21344518661499023,0.2061469554901123
581,0.224226713180542,0.23364996910095215,0.21182703971862793,0.4737119674682617,0.2455897331237793,0.2320549488067627,0.21187114715576172,0.23477411270141602,0.23542189598083496,0.5143067836761475,0.23445892333984375,0.2416858673095703,0.22623109817504883,0.2088618278503418,0.22662019729614258,0.3060307502746582,0.23066496849060059,0.22588634490966797,0.23374009132385254,0.23029613494873047,0.4539937973022461,0.23262691497802734,0.20900988578796387,0.48656511306762695,0.20914077758789062,0.23994970321655273,0.23781514167785645,0.23520994186401367,0.21980595588684082,0.48770713806152344,0.23801088333129883,0.4541890621185303,0.24183392524719238,0.2342529296875,0.24712109565734863,0.21602487564086914,0.22901701927185059,0.23057293891906738,0.23456406593322754,0.23716402053833008,0.20949316024780273,0.2780139446258545,0.20922112464904785,0.28359389305114746,0.250136137008667,0.21693801879882812,0.5006482601165771,0.2348167896270752,0.2119140625,0.23038578033447266
582,0.24002814292907715,0.23277807235717773,0.24050688743591309,0.47054004669189453,0.24314594268798828,0.25022315979003906,0.3720550537109375,0.2664790153503418,0.20799899101257324,0.5255210399627686,0.22612714767456055,0.24340391159057617,0.21174001693725586,0.23551726341247559,0.22751212120056152,0.2412090301513672,0.21961188316345215,0.21007180213928223,0.23231792449951172,0.23145008087158203,0.4055318832397461,0.25171613693237305,0.25180602073669434,0.2513120174407959,0.2135767936706543,0.21444988250732422,0.25102710723876953,0.2305588722229004,0.23065805435180664,0.4837801456451416,0.22800302505493164,0.4853529930114746,0.24842500686645508,0.23706483840942383,0.23973608016967773,0.2552762031555176,0.2331387996673584,0.21129989624023438,0.2521779537200928,0.23422789573669434,0.23132801055908203,0.5190532207489014,0.25881314277648926,0.21125173568725586,0.24264979362487793,0.21998214721679688,1.3629987239837646,0.23076081275939941,0.2204570770263672,0.21299004554748535
583,0.20713210105895996,0.23235416412353516,0.7680189609527588,0.4716320037841797,0.21956467628479004,0.23578190803527832,0.20504403114318848,0.20798969268798828,0.23431921005249023,0.2139148712158203,0.2310488224029541,0.229949951171875,0.23945999145507812,0.2076888084411621,0.20338678359985352,0.2605278491973877,0.20853114128112793,0.23359012603759766,0.25611305236816406,0.20690298080444336,0.2498798370361328,0.2385392189025879,0.23533320426940918,0.2110440731048584,0.24849200248718262,0.20684003829956055,0.23564600944519043,0.22871112823486328,0.22104382514953613,0.46862292289733887,0.21062493324279785,0.21832823753356934,0.24056196212768555,0.2476499080657959,0.81951904296875,0.22768402099609375,0.22782611846923828,0.24141812324523926,0.35076117515563965,0.2300889492034912,0.23085784912109375,0.21443510055541992,0.22312712669372559,0.8074078559875488,0.2518289089202881,0.2333812713623047,0.21544909477233887,0.20879006385803223,0.2150559425354004,0.22973108291625977
584,0.23195481300354004,0.2174699306488037,0.2446761131286621,0.2040848731994629,0.23392796516418457,0.23561596870422363,0.22804522514343262,0.19227194786071777,0.25174975395202637,0.24304485321044922,0.23480701446533203,0.2401120662689209,0.21499109268188477,0.22135591506958008,0.2117776870727539,0.2521798610687256,0.23553991317749023,0.23493099212646484,0.514603853225708,0.21056628227233887,0.23723578453063965,0.22246909141540527,0.19822001457214355,0.2293109893798828,0.23740005493164062,0.21655607223510742,0.24196887016296387,0.2340869903564453,0.23563694953918457,0.2256772518157959,0.23795604705810547,0.21277189254760742,0.22384881973266602,0.19547009468078613,0.2180311679840088,0.24402904510498047,0.22583699226379395,0.238555908203125,0.23520827293395996,0.20937895774841309,0.22372794151306152,0.24042105674743652,0.21927404403686523,0.2285912036895752,0.21852803230285645,0.22024011611938477,0.22982501983642578,0.20940017700195312,0.24841785430908203,0.22162508964538574
585,0.20781207084655762,0.20470190048217773,0.22390294075012207,0.23271512985229492,0.24154901504516602,0.20676612854003906,0.20616888999938965,0.22898101806640625,0.23499703407287598,0.49036693572998047,0.20586800575256348,0.2306818962097168,0.23864102363586426,0.22220206260681152,0.23169207572937012,0.222398042678833,0.23471999168395996,0.22520089149475098,0.5339791774749756,0.24952197074890137,0.22963356971740723,0.2124958038330078,0.24184703826904297,0.24219703674316406,0.2409820556640625,0.2335948944091797,0.2216489315032959,0.2334580421447754,0.21340107917785645,0.24673724174499512,0.2542240619659424,0.2202920913696289,0.21220111846923828,0.2272179126739502,0.21734333038330078,0.2217409610748291,0.21172285079956055,0.24675488471984863,0.4715261459350586,0.25669097900390625,0.21085405349731445,0.23899173736572266,0.2443230152130127,0.22470307350158691,0.5317120552062988,0.2176351547241211,0.2880740165710449,0.25147485733032227,0.24750304222106934,0.20370006561279297
586,0.2300281524658203,0.2226870059967041,0.20960783958435059,0.2063441276550293,0.23033380508422852,0.23643708229064941,0.48653602600097656,0.24068808555603027,0.23177433013916016,0.5260851383209229,0.23456501960754395,0.2460007667541504,0.23253202438354492,0.2127690315246582,0.22277474403381348,0.2572619915008545,0.20847702026367188,0.2304236888885498,0.23067522048950195,0.23649215698242188,0.4932827949523926,0.217041015625,0.2178339958190918,0.222214937210083,0.2208707332611084,0.24975991249084473,0.23407602310180664,0.24085021018981934,0.22031402587890625,0.6904346942901611,0.23709607124328613,0.47706079483032227,0.24361395835876465,0.2196652889251709,0.23428606986999512,0.22020506858825684,0.2316300868988037,0.2300553321838379,0.22281193733215332,0.2358229160308838,0.22303295135498047,0.2545590400695801,0.2380828857421875,0.3583841323852539,0.2691528797149658,0.20640063285827637,0.23212313652038574,0.2332160472869873,0.255810022354126,0.232025146484375
587,0.2518799304962158,0.21504497528076172,0.22582507133483887,0.24125099182128906,0.2515411376953125,0.22263813018798828,0.23296713829040527,0.2347109317779541,0.21126461029052734,0.23720097541809082,0.24933815002441406,0.23286819458007812,0.23559212684631348,0.24616694450378418,0.23003578186035156,0.24228501319885254,0.24609827995300293,0.20778799057006836,0.2163410186767578,0.23566937446594238,0.2580409049987793,0.23396611213684082,0.8036279678344727,0.242523193359375,0.21801400184631348,0.20831704139709473,0.23742008209228516,0.23295903205871582,0.21992015838623047,0.21043014526367188,0.23746919631958008,0.25403904914855957,0.2495579719543457,0.24848628044128418,1.133296012878418,0.22913718223571777,0.49023914337158203,0.21161723136901855,0.46631503105163574,0.23209595680236816,0.22839975357055664,0.21720290184020996,0.2443711757659912,0.2481517791748047,0.2481982707977295,0.22403693199157715,0.24003100395202637,0.21229171752929688,0.25047898292541504,0.21345996856689453
588,0.20734786987304688,0.244002103805542,0.21731996536254883,0.46953892707824707,0.22949600219726562,0.23038315773010254,0.20870399475097656,0.25331926345825195,0.23656797409057617,1.412627935409546,0.21300244331359863,0.215897798538208,0.22379279136657715,0.23543095588684082,0.20826983451843262,0.23889875411987305,0.20856118202209473,0.23170185089111328,0.2203998565673828,0.23848390579223633,0.2213881015777588,0.2306060791015625,0.2512030601501465,0.21006536483764648,0.23212599754333496,0.22970104217529297,0.20746421813964844,0.2540919780731201,0.2179398536682129,0.21548008918762207,0.23445796966552734,0.5606200695037842,0.23706698417663574,0.22440338134765625,0.23859000205993652,0.20667695999145508,0.24257802963256836,0.24667096138000488,0.18946290016174316,0.2388899326324463,0.20411086082458496,0.2543199062347412,0.23783206939697266,0.24349379539489746,0.24928998947143555,0.22818422317504883,0.22025132179260254,0.21885180473327637,0.21274590492248535,0.21954607963562012
589,0.23575091361999512,0.20543217658996582,0.2241818904876709,1.108191967010498,0.24080991744995117,0.20850801467895508,0.24259090423583984,0.25297975540161133,0.252810001373291,0.4897139072418213,0.2290651798248291,0.24290013313293457,0.23175311088562012,0.22866392135620117,0.23221874237060547,0.5408539772033691,0.20503473281860352,0.21054792404174805,0.23045706748962402,0.22805070877075195,0.23064708709716797,0.23549580574035645,0.20824790000915527,0.23047399520874023,0.2075939178466797,0.24158310890197754,0.2117459774017334,0.2328660488128662,0.21872997283935547,0.22033381462097168,0.2290029525756836,0.49407005310058594,0.22167515754699707,0.24186396598815918,0.25091981887817383,0.22116398811340332,0.23566293716430664,0.23372292518615723,0.4963691234588623,0.23580598831176758,0.2195451259613037,0.20785808563232422,0.2141399383544922,0.4817187786102295,0.22439789772033691,0.23601698875427246,0.22115612030029297,0.229445219039917,0.24657726287841797,0.24555015563964844
590,0.20775604248046875,0.23540902137756348,0.21294212341308594,0.4644298553466797,0.21712899208068848,0.23189496994018555,0.20522809028625488,0.2114582061767578,0.23741674423217773,0.25651979446411133,0.20881271362304688,0.23540616035461426,0.23629522323608398,0.20780181884765625,0.204193115234375,0.2663149833679199,0.21942687034606934,0.2462010383605957,0.23628997802734375,0.2274188995361328,0.250032901763916,0.2330031394958496,0.822009801864624,0.2252941131591797,0.23465704917907715,0.21277999877929688,0.22781991958618164,0.21109700202941895,0.2295360565185547,0.22831296920776367,0.22672224044799805,0.4679527282714844,0.2192380428314209,0.2337338924407959,0.2273406982421875,0.22812676429748535,0.22409915924072266,0.23229718208312988,1.1177978515625,0.24465417861938477,0.20294666290283203,0.2132890224456787,0.23736286163330078,0.20747613906860352,0.24583220481872559,0.22850704193115234,0.250885009765625,0.22423315048217773,0.24235868453979492,0.23574280738830566
591,0.23172593116760254,0.20566105842590332,0.224365234375,0.25193309783935547,0.22570300102233887,0.20875000953674316,0.21076297760009766,0.23083996772766113,0.23174571990966797,1.128237009048462,0.23007988929748535,0.2458498477935791,0.20805692672729492,0.2171330451965332,0.22240900993347168,0.5615589618682861,0.22604584693908691,0.23933625221252441,0.25098514556884766,0.23250699043273926,0.23124194145202637,0.2330930233001709,0.20875906944274902,0.2200460433959961,0.2241830825805664,0.23115110397338867,0.21550798416137695,0.2337789535522461,0.8293440341949463,0.2566690444946289,0.23789691925048828,0.47660064697265625,0.21855998039245605,0.22566604614257812,0.21407198905944824,0.2111949920654297,0.2348499298095703,0.21390008926391602,0.2565929889678955,0.20920896530151367,0.20264911651611328,0.2961280345916748,0.22081208229064941,0.23334622383117676,0.5031371116638184,0.24147701263427734,0.23071527481079102,0.23130178451538086,0.2288191318511963,0.2317218780517578
592,0.22447800636291504,0.20412397384643555,0.23182010650634766,0.23357081413269043,0.2605440616607666,0.23405218124389648,0.47049498558044434,0.23393893241882324,0.23965215682983398,0.5023660659790039,0.22669506072998047,0.23871111869812012,0.2266690731048584,0.23807525634765625,0.23406100273132324,0.22832894325256348,0.24122905731201172,0.23154306411743164,0.5479896068572998,0.21038484573364258,0.21312522888183594,0.22965574264526367,0.2274918556213379,0.23004817962646484,0.21535205841064453,0.2268061637878418,0.24536609649658203,0.236375093460083,0.23644280433654785,0.2345280647277832,0.23419690132141113,0.5272879600524902,0.22787880897521973,0.21213006973266602,0.23804068565368652,0.2441117763519287,0.2111673355102539,0.2096397876739502,0.22939610481262207,0.24181890487670898,0.22768211364746094,0.7624862194061279,0.2359151840209961,0.20103812217712402,0.23946690559387207,0.22709202766418457,0.23253297805786133,0.20913410186767578,0.2400188446044922,0.20593667030334473
593,0.22619295120239258,0.24595403671264648,0.2206559181213379,0.21206092834472656,0.22295403480529785,0.20581340789794922,0.4711930751800537,0.24660611152648926,0.23308897018432617,0.863955020904541,0.20843911170959473,0.23370003700256348,0.21928787231445312,0.214127779006958,0.20601701736450195,0.5465798377990723,0.20425868034362793,0.21074700355529785,1.1839890480041504,0.22871184349060059,0.22109103202819824,0.24041295051574707,0.22337627410888672,0.22093486785888672,0.24561285972595215,0.20999598503112793,0.2387561798095703,0.2556178569793701,0.22523021697998047,0.23575234413146973,0.2487659454345703,0.23819994926452637,0.20932292938232422,0.2440638542175293,0.2386150360107422,0.20959877967834473,0.22996091842651367,0.23375892639160156,0.22082090377807617,0.23165202140808105,0.22599411010742188,0.21302390098571777,0.21403789520263672,0.4897890090942383,0.4783749580383301,0.23100972175598145,0.244887113571167,0.23337483406066895,0.23482513427734375,0.23674893379211426
594,0.21846604347229004,0.21371793746948242,0.2089831829071045,0.4679708480834961,0.21692180633544922,0.22579288482666016,0.24884605407714844,0.22686076164245605,0.22472405433654785,0.5041112899780273,0.22130918502807617,0.23255181312561035,0.21906304359436035,0.22457075119018555,0.2336890697479248,0.2610137462615967,0.2355027198791504,0.2084980010986328,0.23957300186157227,0.2112410068511963,0.4761340618133545,0.22889184951782227,0.20952320098876953,0.24010777473449707,0.23783493041992188,0.23083209991455078,0.23380565643310547,0.22785568237304688,0.19671988487243652,0.49086785316467285,0.2108631134033203,0.23038196563720703,0.23238778114318848,0.24921679496765137,0.2347719669342041,0.22941803932189941,0.2077178955078125,0.22677111625671387,0.2141885757446289,0.239152193069458,0.22343707084655762,0.22939085960388184,0.22794294357299805,0.40845704078674316,0.2534346580505371,0.23067426681518555,0.22787904739379883,0.2398829460144043,0.24499297142028809,0.22231006622314453
595,0.20590996742248535,0.2262740135192871,0.21207594871520996,0.4668772220611572,0.21727895736694336,0.21606087684631348,0.24982595443725586,0.23046207427978516,0.22881698608398438,0.22773313522338867,0.21845698356628418,0.21586179733276367,0.23919892311096191,0.2145678997039795,0.20681405067443848,0.25647902488708496,0.20716309547424316,0.2395009994506836,0.2774946689605713,0.24509286880493164,0.23081111907958984,0.2300128936767578,0.8501248359680176,0.2337789535522461,0.22582077980041504,0.20805716514587402,0.21370434761047363,0.23658299446105957,0.23725390434265137,0.5083858966827393,0.24988389015197754,0.24204802513122559,0.2401561737060547,0.23824405670166016,0.8585736751556396,0.20740318298339844,0.24086499214172363,0.269834041595459,0.48285913467407227,0.25379276275634766,0.20150399208068848,0.23053383827209473,0.2410881519317627,0.530778169631958,0.2476789951324463,0.20832395553588867,0.24374604225158691,0.23911714553833008,0.2107250690460205,0.23309803009033203
596,0.2129530906677246,0.21037817001342773,0.23191308975219727,0.20508480072021484,0.21997284889221191,0.22831416130065918,0.21049761772155762,0.23601603507995605,0.21266722679138184,1.5227668285369873,0.21977686882019043,0.252504825592041,0.24164199829101562,0.2294778823852539,0.24927902221679688,0.24321770668029785,0.20531201362609863,0.21062612533569336,0.28102707862854004,0.2086930274963379,0.2180628776550293,0.21547913551330566,0.20891523361206055,0.23731112480163574,0.20800209045410156,0.2456047534942627,0.21713495254516602,0.23847198486328125,0.24382495880126953,0.231367826461792,0.23271608352661133,0.22960209846496582,0.23931622505187988,0.2633321285247803,0.24131298065185547,0.20712995529174805,0.23969197273254395,0.23782777786254883,0.5092899799346924,0.23076891899108887,0.20420098304748535,0.21675372123718262,0.21511411666870117,0.2387547492980957,0.23213887214660645,0.23228216171264648,0.23920297622680664,0.21372723579406738,0.2363419532775879,0.2109360694885254
597,0.2475447654724121,0.23120498657226562,0.25070714950561523,0.2346041202545166,0.24978899955749512,0.2243800163269043,0.20429301261901855,0.2542598247528076,0.23492813110351562,0.877547025680542,0.23078584671020508,0.23219013214111328,0.2298288345336914,0.22336196899414062,0.20673704147338867,0.537769079208374,0.22217106819152832,0.22661614418029785,0.29855895042419434,0.20518922805786133,0.24993276596069336,0.2375781536102295,0.23227500915527344,0.2301161289215088,0.2283010482788086,0.21069073677062988,0.24300622940063477,0.22542190551757812,0.22144007682800293,0.3460581302642822,0.20815110206604004,0.5195868015289307,0.24334406852722168,0.23557186126708984,0.22146296501159668,0.25534510612487793,0.22279596328735352,0.2281208038330078,0.2143397331237793,0.23729205131530762,0.2074146270751953,0.22889494895935059,0.23408889770507812,0.5157380104064941,0.22839593887329102,0.20888614654541016,0.24489617347717285,0.20853781700134277,0.24802398681640625,0.22890520095825195
598,0.23377323150634766,0.22481274604797363,0.23915910720825195,0.46875882148742676,0.21712684631347656,0.23013782501220703,0.22756409645080566,0.3491020202636719,0.23212480545043945,1.2018072605133057,0.23013520240783691,0.24114418029785156,0.2071537971496582,0.21991491317749023,0.20512080192565918,0.7749850749969482,0.228485107421875,0.21324992179870605,0.2401726245880127,0.23224091529846191,0.23035430908203125,0.24047183990478516,0.22669696807861328,0.22750210762023926,0.2541930675506592,0.2085738182067871,0.24357295036315918,0.22438406944274902,0.2223212718963623,0.2275710105895996,0.22067999839782715,0.19586992263793945,0.23877501487731934,0.24025797843933105,0.21961712837219238,0.2243518829345703,0.6988890171051025,0.2321920394897461,0.21293997764587402,0.20975017547607422,0.20229196548461914,0.6679122447967529,0.22042608261108398,0.4763209819793701,0.24842000007629395,0.24520397186279297,0.19859623908996582,0.23197007179260254,0.21829605102539062,0.21494507789611816
599,0.20891499519348145,0.20371198654174805,0.23368024826049805,0.21050214767456055,0.24440407752990723,0.21007490158081055,0.22977519035339355,0.24404096603393555,0.22497296333312988,0.22807025909423828,0.2357769012451172,0.2221391201019287,0.21279096603393555,0.2363438606262207,0.22753596305847168,0.547666072845459,0.23678302764892578,0.23206567764282227,0.2313709259033203,0.236860990524292,0.479907751083374,0.2111351490020752,0.2309741973876953,0.21756219863891602,0.2332901954650879,0.22119808197021484,0.2293698787689209,0.22436881065368652,0.2194831371307373,0.22374796867370605,0.23982906341552734,0.5177397727966309,0.21218204498291016,0.22463607788085938,0.25709009170532227,0.21651220321655273,0.22915410995483398,0.21068477630615234,0.3548281192779541,0.2298600673675537,0.24113106727600098,0.534447193145752,0.24559712409973145,0.4685940742492676,0.21300721168518066,0.20882821083068848,0.23652887344360352,0.23499703407287598,0.2353818416595459,0.22330522537231445
600,0.23215389251708984,0.21544909477233887,0.2363886833190918,0.5271060466766357,0.22456979751586914,0.20563197135925293,0.22553110122680664,0.22723770141601562,0.2296891212463379,0.7772927284240723,0.20621395111083984,0.2190868854522705,0.237684965133667,0.22518682479858398,0.2168889045715332,0.5459399223327637,0.20521092414855957,0.25072789192199707,0.2393479347229004,0.25115108489990234,0.47497987747192383,0.2353370189666748,0.20670104026794434,0.23221778869628906,0.2463212013244629,0.21555304527282715,0.24532794952392578,0.24508070945739746,0.19918274879455566,0.2315661907196045,0.2352910041809082,0.25484418869018555,0.23360109329223633,0.21235871315002441,0.21077799797058105,0.21838593482971191,0.21416807174682617,0.21747589111328125,0.4850339889526367,0.2554957866668701,0.213911771774292,0.23861289024353027,0.23195505142211914,0.23807215690612793,0.20454096794128418,0.20632028579711914,0.21910691261291504,0.2579038143157959,0.21663784980773926,0.207489013671875
601,0.20713496208190918,0.23519396781921387,0.20902585983276367,0.20601511001586914,0.24701690673828125,0.22362589836120605,0.21025586128234863,0.2573831081390381,0.2316908836364746,0.21576380729675293,0.23561716079711914,0.23242712020874023,0.22429418563842773,0.22980189323425293,0.23272013664245605,0.25127291679382324,0.2212543487548828,0.23161816596984863,0.8733408451080322,0.23749399185180664,0.46819567680358887,0.24158000946044922,0.23442411422729492,0.207611083984375,0.2578580379486084,0.24902987480163574,0.22083115577697754,0.2336559295654297,0.23990678787231445,0.2677469253540039,0.21901631355285645,0.2625610828399658,0.24044394493103027,0.23707795143127441,0.23614025115966797,0.22573423385620117,0.2484111785888672,0.2242889404296875,0.8163938522338867,0.24389195442199707,0.22452187538146973,0.24103808403015137,0.24525904655456543,0.5004217624664307,2.277265787124634,0.2205367088317871,0.23404407501220703,0.22399091720581055,0.2180461883544922,0.2360389232635498
602,0.2244429588317871,0.20714616775512695,0.2499392032623291,0.22755908966064453,0.2370619773864746,0.23537468910217285,0.23279500007629395,0.22629189491271973,0.2076549530029297,0.2441878318786621,0.2524120807647705,0.21583104133605957,0.21066498756408691,0.24700522422790527,0.230057954788208,0.3454141616821289,0.2522239685058594,0.20938897132873535,0.2471449375152588,0.23462510108947754,0.21633315086364746,0.23693180084228516,0.24186015129089355,0.23624396324157715,0.23810195922851562,0.23447203636169434,0.24579191207885742,0.21826791763305664,0.22931694984436035,0.2113196849822998,0.21199488639831543,0.514214277267456,0.23349404335021973,0.2488250732421875,0.2263340950012207,0.24708294868469238,0.22780299186706543,0.24259686470031738,0.48523497581481934,0.21390819549560547,0.2157881259918213,0.5241680145263672,0.2427530288696289,0.5069150924682617,0.2215290069580078,0.21808600425720215,0.27955198287963867,0.24123287200927734,0.22160792350769043,0.23579072952270508
603,0.21480965614318848,0.2495260238647461,0.23725199699401855,0.20195984840393066,0.24379587173461914,0.21507716178894043,0.20718789100646973,0.21352696418762207,0.21240806579589844,0.775007963180542,0.23919200897216797,0.2144768238067627,0.4729132652282715,0.23833918571472168,0.23797392845153809,0.22152185440063477,0.22452402114868164,0.2411971092224121,1.1095151901245117,0.2360067367553711,0.2374258041381836,0.21715402603149414,0.258969783782959,0.24877119064331055,0.22678661346435547,0.23964619636535645,0.20813369750976562,0.2472519874572754,0.20771574974060059,0.22797703742980957,0.23372983932495117,0.2305290699005127,0.22237825393676758,0.23863792419433594,0.7496588230133057,0.20772194862365723,0.23051166534423828,0.2528700828552246,0.1924140453338623,0.22627830505371094,0.23422908782958984,0.5494430065155029,0.21163272857666016,0.2200031280517578,0.23324894905090332,0.24738407135009766,0.20537209510803223,0.23981690406799316,0.22034573554992676,0.23429203033447266
604,0.20710301399230957,0.20644521713256836,0.23620986938476562,0.4033949375152588,0.23034906387329102,0.22817373275756836,0.2445058822631836,0.24367690086364746,0.2418680191040039,1.1155478954315186,0.23405814170837402,0.21823787689208984,0.23105597496032715,0.22725605964660645,0.22984910011291504,0.23412609100341797,0.20444893836975098,0.23100495338439941,0.24844908714294434,0.20664000511169434,1.037161111831665,0.2225809097290039,0.24345612525939941,0.20940494537353516,0.22981810569763184,0.2216792106628418,0.21411776542663574,0.23291802406311035,0.21730685234069824,0.21088480949401855,0.228363037109375,0.4706411361694336,0.2184913158416748,0.23790502548217773,0.23626303672790527,0.21168899536132812,0.24259710311889648,0.226776123046875,0.632652997970581,0.21242594718933105,0.2502899169921875,0.23923301696777344,0.2297980785369873,0.24961280822753906,0.20891785621643066,0.23796391487121582,0.5186822414398193,0.22153592109680176,0.24957013130187988,0.22490215301513672
605,0.23134517669677734,0.23144197463989258,0.2313377857208252,0.2057170867919922,0.22436308860778809,0.20844602584838867,0.20505809783935547,0.23900508880615234,0.2118692398071289,0.546234130859375,0.23550200462341309,0.21691179275512695,0.21318316459655762,0.20972180366516113,0.20484519004821777,0.24291300773620605,0.21223092079162598,0.2574808597564697,0.2388288974761963,0.2520468235015869,0.2217879295349121,0.244124174118042,0.22298908233642578,0.22253108024597168,0.2397608757019043,0.2069098949432373,0.24286103248596191,0.2039327621459961,0.5218589305877686,0.24955511093139648,0.22644686698913574,0.4198458194732666,0.2207627296447754,0.3958730697631836,0.22730278968811035,0.23338985443115234,0.2214221954345703,0.21313691139221191,0.5552377700805664,0.24161410331726074,0.22470402717590332,0.5193760395050049,0.24388456344604492,0.21273493766784668,0.2292778491973877,0.23696684837341309,0.2340080738067627,0.2264418601989746,0.24451398849487305,0.22976279258728027
606,0.20989513397216797,0.20402312278747559,0.21109914779663086,0.2118852138519287,0.21882104873657227,0.23078298568725586,0.20936274528503418,0.2393958568572998,0.23151898384094238,0.5128228664398193,0.20809412002563477,0.23430991172790527,0.22396588325500488,0.21735715866088867,0.22565293312072754,0.5447897911071777,0.22951483726501465,0.23070597648620605,0.23601984977722168,0.23563122749328613,0.3021509647369385,0.2124180793762207,0.20775818824768066,0.20958304405212402,0.2395319938659668,0.22986602783203125,0.22246336936950684,0.20963597297668457,0.22910189628601074,0.5319228172302246,0.23381996154785156,0.24495911598205566,0.20799708366394043,0.24062418937683105,0.4920680522918701,0.2395191192626953,0.48424220085144043,0.2684640884399414,0.21782708168029785,0.2058420181274414,0.21010208129882812,0.4982006549835205,0.2280571460723877,0.2247161865234375,0.25012707710266113,0.22806787490844727,0.21596002578735352,0.21425819396972656,0.220900297164917,0.20505785942077637
607,0.2446150779724121,0.20361781120300293,0.24025297164916992,0.466202974319458,0.23775887489318848,0.22135233879089355,0.23056793212890625,0.235137939453125,0.23757195472717285,0.512239933013916,0.24235987663269043,0.21945762634277344,0.2114260196685791,0.24483084678649902,0.22876191139221191,0.5493690967559814,0.2247788906097412,0.24111700057983398,0.2330150604248047,0.23591089248657227,0.6314599514007568,0.2335188388824463,0.22829794883728027,0.20949506759643555,0.23090791702270508,0.23164987564086914,0.22866106033325195,0.23804068565368652,0.20784997940063477,0.2363889217376709,0.21165180206298828,0.5090110301971436,0.22470974922180176,0.25066184997558594,0.23369908332824707,0.2661721706390381,0.5224878787994385,0.21474409103393555,0.25839996337890625,0.2142181396484375,0.20969319343566895,0.22686409950256348,0.2588820457458496,0.4647526741027832,0.26274895668029785,0.21564412117004395,0.23885321617126465,0.22729778289794922,0.21399927139282227,0.20836186408996582
608,0.21004080772399902,0.24715685844421387,0.21651291847229004,0.48653388023376465,0.2457292079925537,0.2079029083251953,0.4581770896911621,0.23487615585327148,0.22779011726379395,0.4934852123260498,0.2068331241607666,0.21855497360229492,0.2442629337310791,0.22980976104736328,0.21432805061340332,0.7593295574188232,0.2356090545654297,0.2270491123199463,0.20851612091064453,0.24128293991088867,0.20917391777038574,0.24312400817871094,0.22867083549499512,0.2488088607788086,0.251751184463501,0.23627996444702148,0.2293236255645752,0.2483830451965332,0.23568487167358398,0.21239781379699707,0.2285001277923584,0.2595968246459961,0.22296905517578125,0.2346341609954834,0.23857402801513672,0.23507022857666016,0.21589088439941406,0.24891209602355957,0.4271817207336426,0.22499704360961914,0.2370288372039795,0.2135469913482666,0.225355863571167,0.48207592964172363,0.5017099380493164,0.24724483489990234,0.23633670806884766,0.21212100982666016,0.2236948013305664,0.23287010192871094
609,0.22767019271850586,0.234144926071167,0.210341215133667,0.21115493774414062,0.22209906578063965,0.2235860824584961,0.24605417251586914,0.25314784049987793,0.2254180908203125,0.5661089420318604,0.20882368087768555,0.21682310104370117,0.240861177444458,0.2148292064666748,0.2296142578125,0.547285795211792,0.23922204971313477,0.21572113037109375,0.24123001098632812,0.22387003898620605,0.21661901473999023,0.22902417182922363,0.4686112403869629,0.24151611328125,0.23560404777526855,0.20596694946289062,0.20941996574401855,0.23824214935302734,0.20742011070251465,0.24746918678283691,0.21472883224487305,0.24647283554077148,0.21222686767578125,0.2369399070739746,0.2439272403717041,0.22559309005737305,0.2535400390625,0.23173189163208008,0.24240469932556152,0.21425795555114746,0.25440502166748047,0.5318210124969482,0.24329280853271484,0.23845911026000977,0.21059203147888184,0.24011707305908203,0.2330629825592041,0.2306978702545166,0.2311570644378662,0.24049901962280273
610,0.2054450511932373,0.21046972274780273,0.22542214393615723,0.22986507415771484,0.24170207977294922,0.22754192352294922,0.21066498756408691,0.24913406372070312,0.2380070686340332,0.2230541706085205,0.2347421646118164,0.21494698524475098,0.25057172775268555,0.22242999076843262,0.2071828842163086,0.29618191719055176,0.23421216011047363,0.2491466999053955,0.20990800857543945,0.23366928100585938,0.2353980541229248,0.24333739280700684,0.838176965713501,0.23901796340942383,0.20861005783081055,0.23197007179260254,0.20860600471496582,0.23177289962768555,0.23285722732543945,0.2255399227142334,0.24170303344726562,0.5098156929016113,0.2339468002319336,0.24905800819396973,0.22344326972961426,0.20722413063049316,0.22177696228027344,0.23111176490783691,0.22804808616638184,0.24370026588439941,0.2324690818786621,0.2541079521179199,0.2154407501220703,0.2263801097869873,0.23722410202026367,0.23590993881225586,0.25712108612060547,0.25232386589050293,0.2116379737854004,0.2300398349761963
611,0.2095789909362793,0.23264718055725098,0.23651480674743652,0.43065381050109863,0.2286381721496582,0.2361910343170166,0.49034595489501953,0.20760679244995117,0.23902487754821777,0.47844696044921875,0.23793792724609375,0.26234889030456543,0.2361903190612793,0.2163987159729004,0.24797797203063965,0.8051562309265137,0.21069598197937012,0.22722411155700684,0.21147990226745605,0.22001099586486816,0.2253279685974121,0.24591684341430664,0.23715591430664062,0.22013497352600098,0.22191905975341797,0.22502827644348145,0.21950507164001465,0.24029779434204102,0.24260592460632324,0.4626028537750244,0.21129107475280762,0.22083806991577148,0.23534202575683594,0.23483705520629883,0.5177478790283203,0.2201690673828125,0.5192923545837402,0.2137458324432373,0.2230539321899414,0.20976686477661133,0.2388598918914795,0.530493974685669,0.22245001792907715,0.2134389877319336,0.5108349323272705,0.23714900016784668,0.5012867450714111,0.2308957576751709,0.2231590747833252,0.2382798194885254
612,0.24827909469604492,0.20740389823913574,0.2372417449951172,0.22965002059936523,0.2528970241546631,0.2251269817352295,0.2536017894744873,0.23639893531799316,0.2339167594909668,0.4993448257446289,0.24945521354675293,0.2253272533416748,0.23021483421325684,0.22614312171936035,0.20353102684020996,0.591296911239624,0.24571800231933594,0.21940994262695312,0.22550129890441895,0.20748281478881836,0.5024287700653076,0.2539238929748535,0.22459173202514648,0.22554612159729004,0.22239470481872559,0.22794103622436523,0.23915815353393555,0.20792675018310547,0.241105318069458,0.2561819553375244,0.20403504371643066,0.4823188781738281,0.251284122467041,0.2128467559814453,0.49451398849487305,0.23688721656799316,0.20812129974365234,0.22314691543579102,0.20827412605285645,0.23148202896118164,0.2313230037689209,0.5314419269561768,0.5000460147857666,0.4759700298309326,0.3539247512817383,0.2293071746826172,0.22604894638061523,0.2087538242340088,0.2526540756225586,0.23645615577697754
613,0.23454713821411133,0.2438950538635254,0.2344200611114502,0.48476195335388184,0.21772217750549316,0.2294330596923828,0.20581293106079102,0.24044275283813477,0.2078840732574463,0.4704148769378662,0.23337888717651367,0.24161791801452637,0.22460603713989258,0.21552729606628418,0.20561981201171875,0.5540909767150879,0.23090887069702148,0.21621394157409668,0.21193599700927734,0.21745586395263672,0.20901083946228027,0.23406505584716797,0.22832489013671875,0.22205114364624023,0.2371220588684082,0.20894813537597656,0.2106177806854248,0.24830222129821777,0.2418689727783203,0.23482108116149902,0.2177731990814209,0.2568991184234619,0.23186802864074707,0.2301938533782959,0.22940707206726074,0.22694087028503418,0.5152020454406738,0.23041486740112305,0.4763650894165039,0.21062278747558594,0.20984101295471191,0.5502011775970459,0.21936988830566406,0.20281505584716797,0.5305957794189453,0.252335786819458,0.2169971466064453,0.2371959686279297,0.23839116096496582,0.22946715354919434
614,0.20981717109680176,0.20440912246704102,0.25116586685180664,0.4868302345275879,0.2323777675628662,0.2292921543121338,0.21291899681091309,0.22906208038330078,0.24061298370361328,0.21706318855285645,0.2097628116607666,0.23484516143798828,0.23383808135986328,0.23151397705078125,0.22980880737304688,0.5642940998077393,0.21136999130249023,0.2289738655090332,0.24259495735168457,0.22595787048339844,0.2340388298034668,0.21191883087158203,0.21109890937805176,0.23729395866394043,0.21634411811828613,0.23403429985046387,0.2320868968963623,0.2374405860900879,0.2135629653930664,0.23046016693115234,0.23447918891906738,0.4534721374511719,0.2111968994140625,0.24296903610229492,0.21024775505065918,0.23885393142700195,0.23403596878051758,0.21108222007751465,0.20547795295715332,0.23405694961547852,0.2505152225494385,0.24457979202270508,0.21864080429077148,0.24989008903503418,0.2971038818359375,0.2363889217376709,0.2574479579925537,0.24404597282409668,0.2599968910217285,0.22346091270446777
615,0.22966504096984863,0.21503305435180664,0.23487162590026855,0.4593379497528076,0.23444795608520508,0.20673274993896484,0.22915983200073242,0.2379300594329834,0.21817398071289062,0.23634600639343262,0.20636606216430664,0.23671293258666992,0.21446919441223145,0.23624873161315918,0.20577001571655273,0.8590149879455566,0.22577810287475586,0.25083398818969727,0.21109724044799805,0.22692298889160156,0.23418593406677246,0.2233128547668457,0.1922752857208252,0.2398240566253662,0.21954107284545898,0.20937323570251465,0.20755219459533691,0.23569011688232422,0.22252392768859863,0.21360421180725098,0.2515528202056885,0.23880910873413086,0.23766398429870605,0.2368481159210205,0.4776020050048828,0.23560285568237305,0.23897099494934082,0.21738505363464355,0.21029305458068848,0.2524878978729248,0.23348402976989746,0.5183641910552979,0.248215913772583,0.4847707748413086,0.23671197891235352,0.21283507347106934,0.2214059829711914,0.23807215690612793,0.24464058876037598,0.2082831859588623
616,0.211076021194458,0.22896099090576172,0.21061110496520996,0.23354101181030273,0.23408794403076172,0.2241830825805664,0.20636987686157227,0.25201988220214844,0.20734620094299316,1.1282258033752441,0.22684192657470703,0.24231195449829102,0.2254951000213623,0.2342982292175293,0.25244593620300293,0.2701880931854248,0.22335219383239746,0.22687196731567383,0.31892919540405273,0.23248696327209473,0.8163590431213379,0.22858500480651855,0.23790693283081055,0.23808717727661133,0.22475600242614746,0.2425699234008789,0.22905921936035156,0.23613905906677246,0.2749621868133545,0.2587158679962158,0.23868393898010254,0.49662089347839355,0.23634791374206543,0.2048029899597168,0.4711019992828369,0.23088979721069336,0.24304986000061035,0.22852516174316406,0.21779894828796387,0.23263907432556152,0.2393028736114502,0.5151951313018799,0.22174310684204102,0.49579596519470215,0.23597502708435059,0.22795915603637695,0.24672794342041016,0.21659398078918457,0.22928404808044434,0.23299503326416016
617,0.2219531536102295,0.23592400550842285,0.23380780220031738,0.4597902297973633,0.2525322437286377,0.22546005249023438,0.24737882614135742,0.2348012924194336,0.21724915504455566,0.23783397674560547,0.22872710227966309,0.21477103233337402,0.2088160514831543,0.2516062259674072,0.23653507232666016,0.2947232723236084,0.22570204734802246,0.20780110359191895,0.550814151763916,0.23188471794128418,0.4831230640411377,0.2532179355621338,0.21324801445007324,0.23070716857910156,0.2118990421295166,0.21766400337219238,0.22197294235229492,0.2378091812133789,0.24248981475830078,0.2436671257019043,0.23659396171569824,0.21391701698303223,0.2514631748199463,0.2312462329864502,0.2248849868774414,0.2524700164794922,0.21189522743225098,0.24273896217346191,0.5912809371948242,0.240556001663208,0.23617982864379883,0.5200748443603516,0.23346519470214844,0.2686171531677246,0.2777719497680664,0.24394702911376953,0.2576918601989746,0.22017502784729004,0.21300005912780762,0.23924994468688965
618,0.22783327102661133,0.22291898727416992,0.22958612442016602,0.4713428020477295,0.23326992988586426,0.22515583038330078,0.2090601921081543,0.23370814323425293,0.22026419639587402,0.24184703826904297,0.2285618782043457,0.24481582641601562,0.24927687644958496,0.23348593711853027,0.20496892929077148,0.6545729637145996,0.22791194915771484,0.23098421096801758,0.23937511444091797,0.21054387092590332,0.4944119453430176,0.23477602005004883,0.23300814628601074,0.2224271297454834,0.22645831108093262,0.2133190631866455,0.20513200759887695,0.2503829002380371,0.22203421592712402,0.23891401290893555,0.23494386672973633,0.2497420310974121,0.23135709762573242,0.45212864875793457,0.212554931640625,0.21452689170837402,0.23971104621887207,0.23828577995300293,0.2390577793121338,0.23319387435913086,0.2372572422027588,0.5490407943725586,0.24190425872802734,0.46041011810302734,0.3008608818054199,0.25167322158813477,0.5228550434112549,0.22352814674377441,0.2359020709991455,0.23271608352661133
619,0.21045422554016113,0.22952985763549805,0.21759486198425293,0.2332751750946045,0.23170089721679688,0.5085999965667725,0.2433490753173828,0.2080078125,0.23473095893859863,0.2281637191772461,0.20807909965515137,0.22608613967895508,0.23602581024169922,0.2109379768371582,0.2300429344177246,0.5649869441986084,0.2043139934539795,0.23441004753112793,0.23424911499023438,0.20607590675354004,0.46418213844299316,0.23413896560668945,0.23574495315551758,0.23090910911560059,0.21169424057006836,0.2293548583984375,0.23163080215454102,0.2313370704650879,0.2167661190032959,0.22346973419189453,0.2089540958404541,0.5332212448120117,0.24071598052978516,0.20614099502563477,0.48505496978759766,0.22824716567993164,0.23226094245910645,0.2923259735107422,0.5772190093994141,0.23587608337402344,0.24863219261169434,0.5336980819702148,0.22471380233764648,0.39053797721862793,0.5437490940093994,0.22271060943603516,0.4994049072265625,0.20868301391601562,0.24710321426391602,0.2500450611114502
620,0.22966599464416504,0.211151123046875,0.21848082542419434,0.4851219654083252,0.217972993850708,0.2353827953338623,0.44734883308410645,0.23720598220825195,0.21767616271972656,0.49634385108947754,0.23278021812438965,0.24173378944396973,0.2067868709564209,0.23182892799377441,0.20570015907287598,0.5507349967956543,0.20874500274658203,0.2534489631652832,0.2123267650604248,0.23916292190551758,0.22977805137634277,0.23581624031066895,0.23921513557434082,0.20769786834716797,0.2355501651763916,0.20752882957458496,0.24224090576171875,0.20794272422790527,0.2291879653930664,0.5392382144927979,0.24526619911193848,0.4944441318511963,0.23204302787780762,0.24885082244873047,0.47780680656433105,0.23661398887634277,0.2378699779510498,0.22771000862121582,0.49038195610046387,0.24801278114318848,0.2249162197113037,0.24029994010925293,0.24557209014892578,0.21760773658752441,0.6315538883209229,0.21561193466186523,0.19733309745788574,0.252532958984375,0.2128889560699463,0.20925283432006836
621,0.2064812183380127,0.20706510543823242,0.2365269660949707,0.19299912452697754,0.24393010139465332,0.20886707305908203,0.2468109130859375,0.23712921142578125,0.22604918479919434,0.2488391399383545,0.2071237564086914,0.24631690979003906,0.23416924476623535,0.23916220664978027,0.22396326065063477,0.5327119827270508,0.23409175872802734,0.23314809799194336,0.2193450927734375,0.21710801124572754,0.20995831489562988,0.21091008186340332,0.2312610149383545,0.23558807373046875,0.24544000625610352,0.2559089660644531,0.22949790954589844,0.23907184600830078,0.22314190864562988,0.23821806907653809,0.23667192459106445,0.4709508419036865,0.21182537078857422,0.24297714233398438,0.21676015853881836,0.24325084686279297,0.25293421745300293,0.21090412139892578,0.224898099899292,0.21671819686889648,0.209075927734375,0.5094799995422363,0.22200703620910645,0.23436212539672852,0.28849315643310547,0.22740602493286133,0.24513792991638184,0.24435210227966309,0.22449088096618652,0.2071537971496582
622,0.24864935874938965,0.22310805320739746,0.42444610595703125,0.24442577362060547,0.2365126609802246,0.20604586601257324,0.22228097915649414,0.28275084495544434,0.23864316940307617,0.22198772430419922,0.22276520729064941,0.2393028736114502,0.2390298843383789,0.25375795364379883,0.2330491542816162,0.28911280632019043,0.2231910228729248,0.24217700958251953,0.2439589500427246,0.22811579704284668,0.4906740188598633,0.2524900436401367,0.22247910499572754,0.2418069839477539,0.21635985374450684,0.2266249656677246,0.22240996360778809,0.23334717750549316,0.21120524406433105,0.23392319679260254,0.2389371395111084,0.49747705459594727,0.2516207695007324,0.22785305976867676,0.22208094596862793,0.23761415481567383,0.5154218673706055,0.21525788307189941,0.21874094009399414,0.22000789642333984,0.21638822555541992,0.5107719898223877,0.23731613159179688,0.4396510124206543,0.24735188484191895,0.20584583282470703,0.21795988082885742,0.22385311126708984,0.21429896354675293,0.22358083724975586
623,0.2373218536376953,0.2425220012664795,1.1252622604370117,0.4609379768371582,0.21899890899658203,0.23007702827453613,0.23604106903076172,0.2351231575012207,0.20674467086791992,0.24685311317443848,0.23042082786560059,0.23125195503234863,0.25163698196411133,0.23482108116149902,0.2275991439819336,0.5313737392425537,0.22937917709350586,0.2240149974822998,0.30215883255004883,0.20813202857971191,0.22337913513183594,0.23865437507629395,0.19317984580993652,0.2559022903442383,0.2340068817138672,0.21606922149658203,0.23624300956726074,0.2586660385131836,0.22487807273864746,0.21224713325500488,0.23830080032348633,0.23886775970458984,0.2385878562927246,0.2416391372680664,0.4729752540588379,0.21672892570495605,0.23668980598449707,0.2363879680633545,0.23293614387512207,0.21280574798583984,0.22008705139160156,0.2799689769744873,0.2264540195465088,0.31166911125183105,0.31916189193725586,0.2236158847808838,0.2636258602142334,0.21197795867919922,0.21774601936340332,0.22025585174560547
624,0.21274399757385254,0.23671817779541016,0.46807384490966797,0.23636198043823242,0.24538898468017578,0.2495739459991455,0.23233318328857422,0.23683977127075195,0.2508363723754883,0.47130918502807617,0.23541975021362305,0.2156209945678711,0.23512673377990723,0.23491811752319336,0.22968006134033203,0.2956359386444092,0.21150517463684082,0.2146298885345459,0.23676300048828125,0.23270392417907715,0.21822619438171387,0.2223048210144043,0.2225630283355713,0.21926212310791016,0.22345399856567383,0.22503089904785156,0.22671008110046387,0.22517991065979004,0.20992398262023926,0.22234773635864258,0.2328472137451172,0.25953006744384766,0.21975994110107422,0.23367977142333984,0.23025798797607422,0.21636700630187988,0.20872998237609863,0.21963071823120117,0.21973586082458496,0.232680082321167,0.2473611831665039,0.5383520126342773,0.23238229751586914,0.19215703010559082,0.20603632926940918,0.2409682273864746,0.22522521018981934,0.22916698455810547,0.2346959114074707,0.2321770191192627
625,0.21947693824768066,0.2053067684173584,0.20976996421813965,0.49893689155578613,0.23033690452575684,0.2085402011871338,0.23235297203063965,0.23647379875183105,0.23488998413085938,0.23431396484375,0.20694589614868164,0.23473906517028809,0.23853802680969238,0.2327730655670166,0.20403623580932617,0.23585176467895508,0.22823786735534668,0.253511905670166,0.2590169906616211,0.2512502670288086,0.453289270401001,0.21553993225097656,0.4838709831237793,0.21425104141235352,0.21181678771972656,0.21198511123657227,0.20732688903808594,0.2143111228942871,0.236738920211792,0.22271299362182617,0.24714994430541992,0.48731493949890137,0.21677398681640625,0.2403571605682373,0.7762088775634766,0.21008992195129395,0.23734617233276367,0.21598577499389648,0.20560717582702637,0.22312498092651367,0.23567485809326172,0.48557424545288086,0.22060704231262207,0.21037077903747559,0.20627999305725098,0.22059226036071777,0.2598419189453125,0.25505828857421875,0.21173977851867676,0.22474193572998047
626,0.2270030975341797,0.23324012756347656,1.096963882446289,0.46863293647766113,0.2395162582397461,0.2301640510559082,0.2269887924194336,0.2642190456390381,0.23756194114685059,0.22048592567443848,0.23388409614562988,0.2514009475708008,0.2338716983795166,0.21086525917053223,0.24945497512817383,0.5971686840057373,0.20169281959533691,0.23490214347839355,0.23888087272644043,0.23267006874084473,0.2736480236053467,0.23228883743286133,0.2489299774169922,0.22453594207763672,0.23866963386535645,0.24766182899475098,0.20950603485107422,0.22504711151123047,0.7763428688049316,0.2594149112701416,0.20914220809936523,0.49399280548095703,0.22924017906188965,0.209791898727417,0.517427921295166,0.22588801383972168,0.23237013816833496,0.22322702407836914,0.23520302772521973,0.22680926322937012,0.23560714721679688,0.531578779220581,0.24064397811889648,0.4875330924987793,0.5291702747344971,0.2194499969482422,0.2130870819091797,0.23158597946166992,0.22188496589660645,0.21097493171691895
627,0.2251739501953125,0.20537400245666504,0.2295820713043213,0.2273859977722168,0.23320913314819336,0.21224093437194824,0.2757449150085449,0.23294997215270996,0.23636770248413086,0.21701693534851074,0.25071191787719727,0.23606181144714355,0.23072123527526855,0.23331403732299805,0.20476078987121582,0.5399491786956787,0.23024725914001465,0.23500895500183105,0.24749374389648438,0.20740985870361328,0.4727208614349365,0.24941396713256836,0.233428955078125,0.23062419891357422,0.23528003692626953,0.20485782623291016,0.24732327461242676,0.20601916313171387,0.5217547416687012,0.2663998603820801,0.21024322509765625,0.22079086303710938,0.25296783447265625,0.21583795547485352,0.24175524711608887,0.26055192947387695,0.2534980773925781,0.21273326873779297,0.21781587600708008,0.2153639793395996,0.22438597679138184,0.4735143184661865,0.22271490097045898,0.5178523063659668,0.5353639125823975,0.21889209747314453,0.2475440502166748,0.20969581604003906,0.215437650680542,0.23066306114196777
628,0.2280411720275879,0.23992490768432617,0.21225595474243164,0.49762701988220215,0.21762394905090332,0.2285470962524414,0.20808887481689453,0.21061301231384277,0.2370901107788086,0.23648619651794434,0.2371220588684082,0.23640012741088867,0.20867395401000977,0.23609495162963867,0.2260899543762207,0.544144868850708,0.22406506538391113,0.2416849136352539,0.23525762557983398,0.24434900283813477,0.469865083694458,0.22778701782226562,0.20976519584655762,0.23534893989562988,0.2535092830657959,0.23849701881408691,0.20486903190612793,0.2258892059326172,0.8006918430328369,0.5424718856811523,0.21680903434753418,0.23958182334899902,0.22855186462402344,0.22820496559143066,0.8145651817321777,0.23111796379089355,0.23309588432312012,0.23625397682189941,0.25078487396240234,0.2043290138244629,0.21017885208129883,0.3251340389251709,0.24902868270874023,0.4056680202484131,0.35330915451049805,0.23641419410705566,0.21548700332641602,0.23861980438232422,0.2185368537902832,0.2071242332458496
629,0.21153473854064941,0.2045440673828125,1.1390941143035889,0.457658052444458,0.24364471435546875,0.22464609146118164,0.24479913711547852,0.23590612411499023,0.25168490409851074,0.2325451374053955,0.20526623725891113,0.23520684242248535,0.20995712280273438,0.23665285110473633,0.23203134536743164,0.24825596809387207,0.22272801399230957,0.22147893905639648,0.211090087890625,0.22670316696166992,0.26882004737854004,0.2115159034729004,0.20900607109069824,0.23346710205078125,0.23368215560913086,0.23647117614746094,0.2375643253326416,0.22918915748596191,0.848426103591919,0.5348100662231445,0.22510600090026855,0.25681304931640625,0.21164703369140625,0.23688030242919922,0.22124505043029785,0.2375030517578125,0.23789286613464355,0.26419901847839355,0.2443540096282959,0.224992036819458,0.22260403633117676,0.21267485618591309,0.23647284507751465,0.23428583145141602,0.21043109893798828,0.2145993709564209,0.24338102340698242,0.24025392532348633,0.23891401290893555,0.24926400184631348
630,0.22907018661499023,0.22199177742004395,0.24675393104553223,0.22990703582763672,0.22500824928283691,0.20443010330200195,0.26511526107788086,0.23735904693603516,0.23477888107299805,0.2592651844024658,0.21741223335266113,0.2309579849243164,0.2462599277496338,0.2394258975982666,0.2040390968322754,0.8461029529571533,0.21412396430969238,0.23546600341796875,0.30844807624816895,0.2597520351409912,0.22877287864685059,0.24184417724609375,0.2281639575958252,0.20762300491333008,0.2385730743408203,0.24376606941223145,0.23927021026611328,0.24012422561645508,0.24439311027526855,0.2852318286895752,0.23308491706848145,0.5151190757751465,0.2407369613647461,0.2555372714996338,0.5077791213989258,0.23131895065307617,0.23484396934509277,0.2158968448638916,0.1986544132232666,0.23413372039794922,0.20424818992614746,0.25679993629455566,0.2450568675994873,0.5125279426574707,0.280501127243042,0.20638585090637207,0.22136235237121582,0.24414515495300293,0.21267199516296387,0.23996686935424805
631,0.20834612846374512,0.22422504425048828,0.20873117446899414,0.44376707077026367,0.24615716934204102,0.2300560474395752,0.21101689338684082,0.23462986946105957,0.20795202255249023,1.1459720134735107,0.23523879051208496,0.2476210594177246,0.2079329490661621,0.23179411888122559,0.24924397468566895,0.5457041263580322,0.22985601425170898,0.20751309394836426,0.515620231628418,0.23232197761535645,0.5376088619232178,0.23932480812072754,0.2278130054473877,0.2252199649810791,0.23433876037597656,0.23600506782531738,0.22861409187316895,0.2378842830657959,0.23609089851379395,0.23380804061889648,0.21818304061889648,0.5254600048065186,0.23918604850769043,0.23003077507019043,0.49719810485839844,0.238677978515625,0.21154212951660156,0.2203218936920166,0.24767470359802246,0.21988201141357422,0.23709797859191895,0.2256777286529541,0.22413921356201172,0.4696781635284424,0.5533440113067627,0.2230541706085205,0.24715113639831543,0.23900628089904785,0.2210218906402588,0.2368149757385254
632,0.2233109474182129,0.21007418632507324,0.46697402000427246,0.2336592674255371,0.2386162281036377,0.2253892421722412,0.4569530487060547,0.22417998313903809,0.2368638515472412,0.25455808639526367,0.2493131160736084,0.21442794799804688,0.23240399360656738,0.25082898139953613,0.20769524574279785,0.2763187885284424,0.22092080116271973,0.2148299217224121,0.24474167823791504,0.23741602897644043,0.8742880821228027,0.2491288185119629,0.22944092750549316,0.21892285346984863,0.21007895469665527,0.21656417846679688,0.21957898139953613,0.23514199256896973,0.2142469882965088,0.2362978458404541,0.22930192947387695,0.7487680912017822,0.24296307563781738,0.23981189727783203,0.4686141014099121,0.2399120330810547,0.23954486846923828,0.2160801887512207,0.24248385429382324,0.21845293045043945,0.23958182334899902,0.5120649337768555,0.21634817123413086,0.21411800384521484,0.5347068309783936,0.22335505485534668,0.23998570442199707,0.23738431930541992,0.21295404434204102,0.234483003616333
633,0.22798490524291992,0.24727988243103027,0.2225360870361328,0.9889428615570068,0.2183389663696289,0.23100590705871582,0.23236727714538574,0.2432858943939209,0.2322380542755127,0.5239858627319336,0.2081911563873291,0.24016308784484863,0.23828673362731934,0.23502206802368164,0.23237895965576172,0.2901120185852051,0.22921967506408691,0.22301101684570312,0.2509000301361084,0.2310478687286377,0.5203540325164795,0.2362377643585205,0.2510950565338135,0.24414515495300293,0.25001072883605957,0.21991825103759766,0.20874810218811035,0.252011775970459,0.2262718677520752,0.2308180332183838,0.23363089561462402,0.21645474433898926,0.21214008331298828,0.21004104614257812,0.23075008392333984,0.2151041030883789,0.2204270362854004,0.23513507843017578,0.7016441822052002,0.22616887092590332,0.23337602615356445,0.5354108810424805,0.2432403564453125,0.4691739082336426,0.2793443202972412,0.2251429557800293,0.5255849361419678,0.22380590438842773,0.21642398834228516,0.20572805404663086
634,0.20768499374389648,0.2075803279876709,0.21748805046081543,0.23277592658996582,0.23656320571899414,0.23441576957702637,0.2236161231994629,0.2262711524963379,0.22595787048339844,0.5106611251831055,0.23202991485595703,0.22586393356323242,0.22889184951782227,0.2107391357421875,0.20369362831115723,0.5453939437866211,0.20342302322387695,0.2236490249633789,0.20811080932617188,0.2136380672454834,0.2395799160003662,0.23058509826660156,0.2664310932159424,0.2318568229675293,0.23662304878234863,0.2217710018157959,0.2343900203704834,0.2298719882965088,0.24509310722351074,0.2657132148742676,0.20877385139465332,0.47003793716430664,0.2164318561553955,0.2252180576324463,0.23606395721435547,0.2445662021636963,0.22195720672607422,0.22178363800048828,0.22361087799072266,0.20808172225952148,0.24448490142822266,0.5505590438842773,0.24039196968078613,0.20467567443847656,0.2384960651397705,0.23500967025756836,0.21911406517028809,0.21671509742736816,0.23414897918701172,0.2470707893371582
635,0.23262810707092285,0.2317349910736084,0.48827385902404785,0.5150790214538574,0.21768498420715332,0.21058988571166992,0.23058295249938965,0.4550771713256836,0.23219799995422363,0.2637200355529785,0.20801424980163574,0.21782803535461426,0.22368907928466797,0.23004508018493652,0.2096719741821289,0.5355970859527588,0.21215367317199707,0.2259979248046875,0.23689889907836914,0.24810194969177246,0.22653412818908691,0.23956680297851562,0.32025885581970215,0.20595002174377441,0.23548388481140137,0.20838212966918945,0.24352407455444336,0.20803594589233398,0.23002386093139648,0.9982118606567383,0.24821805953979492,0.48360395431518555,0.22783684730529785,0.23117804527282715,0.23352813720703125,0.2247178554534912,0.21424293518066406,0.21332788467407227,0.26610398292541504,0.22081494331359863,0.4638369083404541,0.2519059181213379,0.24572110176086426,0.4895517826080322,0.2619810104370117,0.23537564277648926,0.46648097038269043,0.2576007843017578,0.22461795806884766,0.20941781997680664
636,0.24083495140075684,0.2046670913696289,0.47992992401123047,1.0689301490783691,0.2443249225616455,0.5317549705505371,0.20960426330566406,0.2353358268737793,0.23421382904052734,0.4997828006744385,0.2259960174560547,0.260648250579834,0.23450279235839844,0.2121107578277588,0.24323511123657227,0.26816391944885254,0.23057985305786133,0.23213887214660645,0.24938583374023438,0.23729515075683594,0.2176380157470703,0.21099495887756348,0.2275218963623047,0.20818090438842773,0.24217772483825684,0.2277998924255371,0.2333970069885254,0.24127912521362305,0.23810410499572754,0.24307894706726074,0.23165678977966309,0.2244729995727539,0.20639991760253906,0.22205686569213867,0.25517892837524414,0.24585914611816406,0.21858882904052734,0.21192026138305664,0.2196958065032959,0.22941088676452637,0.5173130035400391,0.23427700996398926,0.2260138988494873,0.5252768993377686,0.23940610885620117,0.2286059856414795,0.22047996520996094,0.22676730155944824,0.2479848861694336,0.20607280731201172
637,0.2504749298095703,0.23633599281311035,0.2131049633026123,0.21295475959777832,0.23459196090698242,0.23010802268981934,0.20555734634399414,0.2449188232421875,0.2367076873779297,0.21918797492980957,0.22057509422302246,0.2321031093597412,0.21239829063415527,0.23960208892822266,0.21222805976867676,0.2511129379272461,0.22899317741394043,0.23798108100891113,0.5129821300506592,0.23845291137695312,1.4540960788726807,0.2509613037109375,0.22865581512451172,0.2359919548034668,0.22051692008972168,0.22968769073486328,0.2539210319519043,0.2342228889465332,0.8628878593444824,0.21906375885009766,0.21204304695129395,0.2749772071838379,0.2263622283935547,0.21468377113342285,1.1434879302978516,0.2388448715209961,0.23946166038513184,0.2167060375213623,0.5353488922119141,0.2096540927886963,0.21163296699523926,0.5304687023162842,0.2436988353729248,0.2311699390411377,0.2795529365539551,0.21253490447998047,0.23032927513122559,0.2107100486755371,0.22056794166564941,0.22541117668151855
638,0.2313089370727539,0.223372220993042,0.4730091094970703,0.22482609748840332,0.21709418296813965,0.44307565689086914,0.23801803588867188,0.23743796348571777,0.2063310146331787,0.5118179321289062,0.2100200653076172,0.2353222370147705,0.21956682205200195,0.21511197090148926,0.23009991645812988,0.253936767578125,0.22666430473327637,0.2123570442199707,0.2152562141418457,0.2296750545501709,0.4950680732727051,0.23557400703430176,0.20990824699401855,0.25217294692993164,0.2323310375213623,0.2086951732635498,0.22147202491760254,0.25335192680358887,0.23212218284606934,0.22634005546569824,0.23316693305969238,0.2516908645629883,0.23379182815551758,0.22555065155029297,0.23240399360656738,0.22213196754455566,0.5242509841918945,0.2475299835205078,0.28217411041259766,0.23897218704223633,0.22316598892211914,0.5499498844146729,0.22374200820922852,0.48615193367004395,0.28745603561401367,0.24929499626159668,0.24158477783203125,0.2259976863861084,0.2449791431427002,0.2108917236328125
639,0.21227002143859863,0.23280787467956543,0.23571991920471191,0.4713170528411865,0.21930599212646484,0.24698090553283691,0.22118282318115234,0.27068209648132324,0.24628996849060059,0.25118422508239746,0.23337292671203613,0.21422505378723145,0.2324538230895996,0.22264814376831055,0.2097306251525879,0.5429189205169678,0.2133197784423828,0.22204899787902832,0.26096200942993164,0.23908185958862305,0.22574090957641602,0.2393190860748291,0.22847294807434082,0.2397620677947998,0.21728301048278809,0.23348021507263184,0.20721197128295898,0.2338249683380127,0.2383558750152588,0.2547750473022461,0.23432111740112305,0.2238597869873047,0.24004721641540527,0.24255609512329102,0.22838711738586426,0.2311878204345703,0.21123504638671875,0.23056697845458984,0.20877385139465332,0.23248982429504395,0.21534991264343262,0.26785802841186523,0.23280906677246094,0.4918677806854248,0.5125391483306885,0.24247503280639648,0.2427051067352295,0.24537992477416992,0.22721481323242188,0.23929595947265625
640,0.22701597213745117,0.20501971244812012,0.23357796669006348,0.205549955368042,0.2453010082244873,2.334540605545044,0.24918413162231445,0.23150396347045898,0.2136828899383545,0.2300581932067871,0.23879075050354004,0.2339482307434082,0.2508559226989746,0.21576786041259766,0.23132014274597168,0.22313928604125977,0.22324204444885254,0.2495250701904297,0.26224732398986816,0.24495816230773926,0.30521297454833984,0.2284560203552246,0.20724987983703613,0.22790288925170898,0.21131396293640137,0.24049162864685059,0.21418023109436035,0.23559212684631348,0.22747588157653809,0.2278730869293213,0.25120115280151367,0.5229260921478271,0.23276972770690918,0.24850106239318848,0.8694391250610352,0.2154250144958496,0.2338860034942627,0.2675590515136719,0.23276114463806152,0.25355982780456543,0.23952770233154297,0.5038840770721436,0.24094915390014648,0.5196771621704102,0.5147030353546143,0.23697495460510254,0.22673821449279785,0.23759698867797852,0.22051692008972168,0.22897005081176758
641,0.21951723098754883,0.23521804809570312,0.5035309791564941,0.4658820629119873,0.22669482231140137,0.23291897773742676,0.2279829978942871,0.20838594436645508,0.23077988624572754,0.24376916885375977,0.2368929386138916,0.253978967666626,0.2365579605102539,0.21202301979064941,0.22521185874938965,0.5158956050872803,0.20426702499389648,0.2317490577697754,0.23698902130126953,0.2129838466644287,0.4554622173309326,0.23836231231689453,0.2560091018676758,0.23961687088012695,0.22107291221618652,0.24050593376159668,0.22874975204467773,0.23176121711730957,0.21597790718078613,0.21167588233947754,0.23358631134033203,0.21258902549743652,0.23740696907043457,0.21278786659240723,0.5075850486755371,0.2369678020477295,0.23839783668518066,0.21516203880310059,0.42763495445251465,0.2311842441558838,0.21309709548950195,0.5280508995056152,0.23428678512573242,0.5078718662261963,0.2700159549713135,0.22357606887817383,0.21038198471069336,0.23558497428894043,0.2370128631591797,0.20784497261047363
642,0.2302720546722412,0.20528197288513184,0.2524268627166748,0.7787027359008789,0.23197293281555176,0.25368285179138184,0.4729149341583252,0.23286795616149902,0.23846197128295898,0.22082996368408203,0.24918794631958008,0.2300269603729248,0.20786809921264648,0.22898316383361816,0.20357370376586914,0.7704880237579346,0.2280569076538086,0.20925307273864746,0.2939300537109375,0.22051191329956055,2.046898126602173,0.24749279022216797,0.23234987258911133,0.21218109130859375,0.2155170440673828,0.20953583717346191,0.2256472110748291,0.20856499671936035,0.2149791717529297,0.24527692794799805,0.2084207534790039,0.2187497615814209,0.24846220016479492,0.23671913146972656,0.23242497444152832,0.25675296783447266,0.2343461513519287,0.21878767013549805,0.2077028751373291,0.23140406608581543,0.20904088020324707,0.6538257598876953,0.23673439025878906,0.1954350471496582,0.24672985076904297,0.2171649932861328,0.2474198341369629,0.21631693840026855,0.23161697387695312,0.23225903511047363
643,0.22720098495483398,0.22247600555419922,0.21857094764709473,0.47270989418029785,0.24293303489685059,0.23159289360046387,0.47017884254455566,0.22979021072387695,0.2346799373626709,0.5252506732940674,0.20710301399230957,0.24141693115234375,0.234083890914917,0.2183229923248291,0.22808504104614258,1.2094740867614746,0.22993731498718262,0.2276148796081543,0.23692822456359863,0.22711920738220215,0.22366571426391602,0.2111649513244629,0.23746013641357422,0.24671602249145508,0.2503697872161865,0.2374122142791748,0.23523402214050293,0.25273704528808594,0.9123539924621582,0.2297837734222412,0.23601102828979492,0.252227783203125,0.21028685569763184,0.22244501113891602,0.21615886688232422,0.22208595275878906,0.2436537742614746,0.2328939437866211,0.2997770309448242,0.20937800407409668,0.2147808074951172,0.26907801628112793,0.21943902969360352,0.4934120178222656,0.5399351119995117,0.23798727989196777,0.26022887229919434,0.23552989959716797,0.24496006965637207,0.20777201652526855
644,0.20975184440612793,0.219527006149292,0.22527694702148438,0.2348649501800537,0.22528886795043945,1.1081299781799316,0.22994685173034668,0.20828580856323242,0.22328972816467285,0.23115015029907227,0.20770502090454102,0.224196195602417,0.23828768730163574,0.22445130348205566,0.20744800567626953,0.27606701850891113,0.20837116241455078,0.21355390548706055,0.2521250247955322,0.21200013160705566,1.0281307697296143,0.225297212600708,0.20688414573669434,0.2321949005126953,0.23270916938781738,0.23757410049438477,0.22843289375305176,0.2372128963470459,0.23900914192199707,0.24176716804504395,0.23784399032592773,0.4993009567260742,0.21900606155395508,0.21911096572875977,0.5257599353790283,0.21970725059509277,0.2414090633392334,0.2106938362121582,0.8581347465515137,0.2410261631011963,0.23432087898254395,0.2371828556060791,0.22670197486877441,0.5201690196990967,0.8605120182037354,0.20627999305725098,0.20849204063415527,0.2440800666809082,0.2652587890625,0.24240994453430176
645,0.23187875747680664,0.2327721118927002,1.1329550743103027,0.2508580684661865,0.24643301963806152,0.24032878875732422,0.25563788414001465,0.2106931209564209,0.22279000282287598,0.5005559921264648,0.2302560806274414,0.21781706809997559,0.24884295463562012,0.21316289901733398,0.23478198051452637,0.23566484451293945,0.23621487617492676,0.2389979362487793,0.26366591453552246,0.2453298568725586,0.2205970287322998,0.21753215789794922,0.2316572666168213,0.2085559368133545,0.23814606666564941,0.24120283126831055,0.21344995498657227,0.23645496368408203,0.4868769645690918,0.2277967929840088,0.2473001480102539,0.5009341239929199,0.23816704750061035,0.23373699188232422,0.8235189914703369,0.21371102333068848,0.2356710433959961,0.21802711486816406,0.4524500370025635,0.24944114685058594,0.2502899169921875,0.27716803550720215,0.24094009399414062,0.2388467788696289,0.5479800701141357,0.21020078659057617,0.22829079627990723,0.24133014678955078,0.22191309928894043,0.2193431854248047
646,0.20699310302734375,0.23787784576416016,0.2375180721282959,0.4753091335296631,0.2236311435699463,0.22740387916564941,0.39134812355041504,0.24681997299194336,0.20688581466674805,0.5350017547607422,0.20781612396240234,0.2316269874572754,0.23930597305297852,0.22819805145263672,0.22066092491149902,0.23097515106201172,0.235551118850708,0.20796680450439453,0.26645779609680176,0.24044179916381836,0.4504833221435547,0.22473597526550293,0.22458863258361816,0.2304980754852295,0.23250889778137207,0.24539804458618164,0.20680999755859375,0.23759889602661133,0.22159099578857422,0.2403569221496582,0.2410879135131836,0.21500301361083984,0.23357081413269043,0.2215099334716797,0.2587108612060547,0.22417688369750977,0.2107398509979248,0.2309093475341797,0.8062727451324463,0.2377150058746338,0.23681306838989258,0.20725393295288086,0.2156660556793213,0.22982382774353027,0.26906919479370117,0.2290360927581787,0.48891592025756836,0.24452471733093262,0.2352430820465088,0.21453094482421875
647,0.24923324584960938,0.23735499382019043,0.20862698554992676,0.4853401184082031,0.25899291038513184,0.22025704383850098,0.21081185340881348,0.23617982864379883,0.21439695358276367,0.5099260807037354,0.24349713325500488,0.21465492248535156,0.23328900337219238,0.2533290386199951,0.23371005058288574,0.2346799373626709,0.2490978240966797,0.21456098556518555,0.2984325885772705,0.23053979873657227,0.23043513298034668,0.22967910766601562,0.2063901424407959,0.20908188819885254,0.2096881866455078,0.2372291088104248,0.22554588317871094,0.2349381446838379,0.2226428985595703,0.21155476570129395,0.2311391830444336,0.21825909614562988,0.2523670196533203,0.21477985382080078,0.516059160232544,0.22771883010864258,0.23274707794189453,0.22994089126586914,0.3146781921386719,0.23862886428833008,0.23755502700805664,0.5324389934539795,0.22613310813903809,0.24113893508911133,2.152477979660034,0.23174285888671875,0.49330687522888184,0.22252798080444336,0.21199417114257812,0.23322677612304688
648,0.23808693885803223,0.2529783248901367,0.47487592697143555,0.47060608863830566,0.22599196434020996,0.21474099159240723,0.22855901718139648,0.2385871410369873,0.23370599746704102,0.48553919792175293,0.2094249725341797,0.21602773666381836,0.23971819877624512,0.22945117950439453,0.20644807815551758,0.23486900329589844,0.2093970775604248,0.22783470153808594,0.28153228759765625,0.23064208030700684,0.20917391777038574,0.21846508979797363,0.4993290901184082,0.24926424026489258,0.25040197372436523,0.23567891120910645,0.21451401710510254,0.24627304077148438,0.24271106719970703,0.2489159107208252,0.2099320888519287,0.5084860324859619,0.23331522941589355,0.2060718536376953,0.49224400520324707,0.24007511138916016,0.25403809547424316,0.22799015045166016,0.47128868103027344,0.23697304725646973,0.23354792594909668,0.7778148651123047,0.2587089538574219,0.47659969329833984,0.5474948883056641,0.22643518447875977,0.26833677291870117,0.23497390747070312,0.24133610725402832,0.2328951358795166
649,0.23655200004577637,0.2311089038848877,0.24652600288391113,0.27469897270202637,0.21689391136169434,0.22849512100219727,0.22839879989624023,0.2357311248779297,0.24791717529296875,0.24988198280334473,0.2345259189605713,0.22145414352416992,0.21679425239562988,0.21012187004089355,0.2054128646850586,0.8100128173828125,0.2349081039428711,0.23752593994140625,0.27929210662841797,0.21428298950195312,0.4866368770599365,0.22229909896850586,0.2312939167022705,0.2245321273803711,0.23632526397705078,0.207930326461792,0.2231731414794922,0.20685076713562012,0.2100839614868164,0.2271287441253662,0.20996785163879395,0.23025894165039062,0.2395470142364502,0.2221088409423828,0.5033988952636719,0.234666109085083,0.2368330955505371,0.2221052646636963,0.5664191246032715,0.2212522029876709,0.20728206634521484,0.5222442150115967,0.2265310287475586,0.5157909393310547,0.5621051788330078,0.22980403900146484,0.267549991607666,0.2128458023071289,0.2530031204223633,0.22938966751098633
650,0.23602008819580078,0.2323598861694336,0.23438119888305664,0.19076204299926758,0.24308204650878906,0.2057502269744873,0.5087978839874268,0.26590609550476074,0.21030807495117188,0.5166127681732178,0.23546123504638672,0.21607208251953125,0.2261061668395996,0.21209287643432617,0.21849918365478516,0.2385270595550537,0.22609400749206543,0.2542431354522705,0.22558212280273438,0.25014185905456543,1.1330358982086182,0.2131490707397461,0.2343130111694336,0.21210479736328125,0.24332785606384277,0.2317500114440918,0.21873807907104492,0.21161293983459473,0.23169493675231934,0.21491789817810059,0.23314809799194336,0.5100710391998291,0.2300891876220703,0.23527002334594727,0.2268819808959961,0.23632001876831055,0.22430181503295898,0.2173020839691162,0.5007028579711914,0.22571587562561035,0.2506239414215088,0.5151128768920898,0.24199581146240234,0.2179720401763916,1.1775469779968262,0.20932698249816895,0.825812816619873,0.2525010108947754,0.2328782081604004,0.22479796409606934
651,0.2074580192565918,0.20438003540039062,0.2532041072845459,0.25248193740844727,0.22417688369750977,0.8251190185546875,0.22487115859985352,0.23438119888305664,0.2313551902770996,0.5226407051086426,0.20636296272277832,0.23610305786132812,0.2295668125152588,0.23421907424926758,0.24961519241333008,0.23793697357177734,0.21808719635009766,0.23525691032409668,0.2888948917388916,0.24242520332336426,1.6736509799957275,0.2109520435333252,0.20918583869934082,0.24068498611450195,0.21760821342468262,0.26169610023498535,0.21729493141174316,0.22412705421447754,0.20881414413452148,0.22003912925720215,0.2150259017944336,0.8654229640960693,0.2127068042755127,0.22049832344055176,0.48183298110961914,0.2385420799255371,0.5143702030181885,0.21093511581420898,0.23766565322875977,0.21506905555725098,0.23888683319091797,0.22795391082763672,0.23819398880004883,0.516226053237915,1.7387409210205078,0.22933387756347656,0.22396206855773926,0.24547600746154785,0.23979425430297852,0.20682024955749512
652,0.24504780769348145,0.2134699821472168,0.23493099212646484,0.46004819869995117,0.26064586639404297,0.20522379875183105,0.4654409885406494,0.21436285972595215,0.23114609718322754,0.8580780029296875,0.25388002395629883,0.2181098461151123,0.2382969856262207,0.2497398853302002,0.23397469520568848,0.2283620834350586,0.24100494384765625,0.2361748218536377,0.26402997970581055,0.22852206230163574,0.21537494659423828,0.23698210716247559,0.2301340103149414,0.2259540557861328,0.22126221656799316,0.22492122650146484,0.24528121948242188,0.2166738510131836,0.2470080852508545,0.22073864936828613,0.230241060256958,0.24180197715759277,0.24817991256713867,0.21518683433532715,0.5198040008544922,0.2525930404663086,0.21804594993591309,0.21417593955993652,0.21867895126342773,0.23261427879333496,0.2325880527496338,0.2564370632171631,0.22310137748718262,0.5058591365814209,0.5550792217254639,0.2069690227508545,0.2765040397644043,0.22093725204467773,0.2502319812774658,0.23906207084655762
653,0.21205401420593262,0.2598888874053955,0.23680901527404785,0.4864940643310547,0.2242598533630371,0.3959629535675049,0.21189117431640625,0.2270059585571289,0.2068629264831543,0.5239229202270508,0.23572683334350586,0.2184607982635498,0.23757624626159668,0.2322838306427002,0.20879817008972168,0.5568060874938965,0.2104029655456543,0.2133791446685791,0.20922088623046875,0.24008417129516602,0.21114015579223633,0.2165508270263672,0.22624421119689941,0.4915320873260498,0.23479080200195312,0.24096107482910156,0.23758697509765625,0.23999691009521484,0.221635103225708,0.23321175575256348,0.23873114585876465,0.4820830821990967,0.240189790725708,0.2252800464630127,0.4693760871887207,0.22567176818847656,0.2200450897216797,0.2757718563079834,0.22175383567810059,0.2294168472290039,0.23779511451721191,0.5069460868835449,0.25490283966064453,0.5192010402679443,0.549595832824707,0.2528040409088135,0.2380690574645996,0.21565508842468262,0.22727608680725098,0.23319482803344727
654,0.20612502098083496,0.2112140655517578,0.2267310619354248,1.0779070854187012,0.24597787857055664,0.210737943649292,0.5106039047241211,0.20996713638305664,0.22556686401367188,0.2448718547821045,0.23638606071472168,0.2120051383972168,0.2341151237487793,0.2378370761871338,0.23397088050842285,0.22852087020874023,0.23245000839233398,0.22471308708190918,0.22394180297851562,0.23572301864624023,0.23468494415283203,0.22119688987731934,0.22933101654052734,0.2106952667236328,0.2162778377532959,0.24257993698120117,0.21074914932250977,0.213698148727417,0.24191498756408691,0.21802186965942383,0.23709535598754883,0.5377819538116455,0.23384404182434082,0.21727299690246582,0.20275402069091797,0.21784591674804688,0.23286986351013184,0.25806498527526855,0.23842787742614746,0.24110889434814453,0.23218894004821777,0.49080705642700195,0.21701502799987793,0.489990234375,11.6583411693573,0.24163484573364258,0.5334351062774658,0.220458984375,0.2340841293334961,0.22350001335144043
655,0.22216486930847168,0.23071503639221191,0.9117927551269531,0.47130703926086426,0.2233431339263916,0.23035717010498047,0.4880828857421875,0.2322402000427246,0.23131012916564941,0.21877598762512207,0.23551678657531738,0.21631693840026855,0.22469401359558105,0.23412013053894043,0.20689010620117188,0.23854637145996094,0.20334696769714355,0.254072904586792,0.5160617828369141,0.24387717247009277,0.2201218605041504,0.2162942886352539,0.2062358856201172,0.22887396812438965,0.21167516708374023,0.217454195022583,0.21794795989990234,0.22400593757629395,0.2156531810760498,0.208543062210083,0.24817991256713867,0.22090506553649902,0.2328341007232666,0.2329111099243164,0.5550589561462402,0.22134184837341309,0.20711612701416016,0.22792720794677734,0.9820671081542969,0.253619909286499,0.2118360996246338,0.8245358467102051,0.2288360595703125,0.472031831741333,0.5463519096374512,0.22244882583618164,0.2369537353515625,0.24097585678100586,0.23001718521118164,0.23367714881896973
656,0.22016406059265137,0.20819401741027832,0.23372387886047363,0.47203803062438965,0.2184603214263916,0.8278331756591797,0.5008080005645752,0.23308420181274414,0.20811200141906738,0.8509819507598877,0.23868989944458008,0.236602783203125,0.22552704811096191,0.2100539207458496,0.23834800720214844,0.23081493377685547,0.206956148147583,0.23469805717468262,0.26102495193481445,0.2133040428161621,0.2330150604248047,0.2235257625579834,0.23821616172790527,0.22723603248596191,0.21558809280395508,0.2330639362335205,0.23162317276000977,0.20943617820739746,0.4942200183868408,0.21440529823303223,0.20669221878051758,0.24021387100219727,0.2371351718902588,0.2063889503479004,0.24307584762573242,0.23307514190673828,0.22232294082641602,0.21483802795410156,0.22146987915039062,0.22741913795471191,0.20834708213806152,0.19370198249816895,0.24282312393188477,0.4833657741546631,0.5467698574066162,0.242156982421875,0.22274088859558105,0.21140313148498535,0.25057196617126465,0.2312779426574707
657,0.23540186882019043,0.23013806343078613,0.5167839527130127,0.22916007041931152,0.2430860996246338,0.23911094665527344,0.2103102207183838,0.21176695823669434,0.23163700103759766,0.5133318901062012,0.24789905548095703,0.21631312370300293,0.20682501792907715,0.25090718269348145,0.20388412475585938,0.2930171489715576,0.24601125717163086,0.20876431465148926,0.5169970989227295,0.23295879364013672,0.44263410568237305,0.23119211196899414,0.23672914505004883,0.20588207244873047,0.22042393684387207,0.20764803886413574,0.2400367259979248,0.2077350616455078,0.21387887001037598,0.23255491256713867,0.23661088943481445,0.23249483108520508,0.24631881713867188,0.2252359390258789,0.24039006233215332,0.2537808418273926,0.27457189559936523,0.22377395629882812,0.4808619022369385,0.21092820167541504,0.21242713928222656,0.24251222610473633,0.22301006317138672,0.4702751636505127,0.5306460857391357,0.24021410942077637,0.2156810760498047,0.2373671531677246,0.24436688423156738,0.21550583839416504
658,0.21346712112426758,0.22339296340942383,0.23746991157531738,0.7809820175170898,0.22178888320922852,0.24287080764770508,0.22538280487060547,0.238555908203125,0.20755982398986816,0.5021281242370605,0.23499608039855957,0.22079801559448242,0.21051907539367676,0.23538422584533691,0.21845602989196777,1.2072868347167969,0.20837688446044922,0.2313990592956543,0.20946884155273438,0.20924997329711914,0.327678918838501,0.20922088623046875,0.25070810317993164,0.22339582443237305,0.2348029613494873,0.22391986846923828,0.23006701469421387,0.23573803901672363,0.2289590835571289,0.25550389289855957,0.23992609977722168,0.20893502235412598,0.21106600761413574,0.21061015129089355,0.5000042915344238,0.2367868423461914,0.23388004302978516,0.22804617881774902,0.23418521881103516,0.23688101768493652,0.26429104804992676,0.2040708065032959,0.24674701690673828,0.5187320709228516,1.142448902130127,0.24892711639404297,0.22830820083618164,0.2343311309814453,0.2276151180267334,0.20998191833496094
659,0.23245477676391602,0.23148274421691895,0.3911552429199219,0.20498371124267578,0.2171919345855713,0.211334228515625,0.20466113090515137,0.20982599258422852,0.24590110778808594,0.2596127986907959,0.205369234085083,0.2170858383178711,0.23248720169067383,0.23932695388793945,0.22464609146118164,0.25689101219177246,0.2383580207824707,0.2357618808746338,0.8265841007232666,0.23160791397094727,0.2217881679534912,0.22191882133483887,0.2382950782775879,0.2256309986114502,0.22100186347961426,0.21227526664733887,0.23545503616333008,0.22327113151550293,0.24323296546936035,0.7965502738952637,0.2325732707977295,0.24957799911499023,0.23931431770324707,0.2309720516204834,0.4904050827026367,0.22833728790283203,0.23767685890197754,0.2441549301147461,0.25039196014404297,0.238631010055542,0.23601722717285156,0.21595978736877441,0.22571086883544922,0.49387311935424805,0.24385404586791992,0.21113991737365723,0.23471903800964355,0.24204373359680176,0.2494509220123291,0.22457599639892578
660,0.2341759204864502,0.21988511085510254,0.23415708541870117,0.4756200313568115,0.21962904930114746,0.2072770595550537,0.47963690757751465,0.21250200271606445,0.20708298683166504,0.2518308162689209,0.23801112174987793,0.21912193298339844,0.2520792484283447,0.2340078353881836,0.21309900283813477,0.2875669002532959,0.23508501052856445,0.22360515594482422,0.29932498931884766,0.25254225730895996,0.23911094665527344,0.24464893341064453,0.23518800735473633,0.23576712608337402,0.21365785598754883,0.2327258586883545,0.20960688591003418,0.21502208709716797,0.5013229846954346,1.1243531703948975,0.25310492515563965,0.22017598152160645,0.23230290412902832,0.22304105758666992,0.6072299480438232,0.24253106117248535,0.24767804145812988,0.2289719581604004,0.5018081665039062,0.24821114540100098,0.23700189590454102,0.22482681274414062,0.2546877861022949,0.8844130039215088,0.5517361164093018,0.2327101230621338,0.23047184944152832,0.2378087043762207,0.24223613739013672,0.23552179336547852
661,0.2071218490600586,0.215101957321167,0.46651315689086914,1.018237829208374,0.2443220615386963,0.2327880859375,0.5125281810760498,0.23035001754760742,0.20753693580627441,0.27631092071533203,0.23606586456298828,0.2275559902191162,0.23589086532592773,0.23580622673034668,0.24849510192871094,0.22624611854553223,0.23909616470336914,0.2065291404724121,0.27173709869384766,0.23704981803894043,0.4850349426269531,0.2353219985961914,0.24901509284973145,0.22459697723388672,0.22703289985656738,0.2581140995025635,0.20784425735473633,0.2300281524658203,0.2212231159210205,0.2582588195800781,0.2351369857788086,0.21418499946594238,0.24114418029785156,0.23176026344299316,0.21676325798034668,0.22401881217956543,0.5194611549377441,0.2374882698059082,1.6996119022369385,0.2384340763092041,0.5030336380004883,0.5191309452056885,0.21603083610534668,0.517510175704956,0.5405831336975098,0.23946189880371094,0.23443126678466797,0.21592092514038086,0.21361613273620605,0.23242712020874023
662,0.2511589527130127,0.22128796577453613,0.2770419120788574,0.20643377304077148,0.24534893035888672,0.4843430519104004,0.2637321949005127,0.2423417568206787,0.2264540195465088,0.2393360137939453,0.2252190113067627,0.21768403053283691,0.23623085021972656,0.24889707565307617,0.23533105850219727,0.2439429759979248,0.23660683631896973,0.2287609577178955,0.26285290718078613,0.23403501510620117,0.35685133934020996,0.25119495391845703,0.22818303108215332,0.2280561923980713,0.21070528030395508,0.2214362621307373,0.23440289497375488,0.23573899269104004,0.49355626106262207,0.22336101531982422,0.23656129837036133,0.23410725593566895,0.24362492561340332,0.20911788940429688,0.5100631713867188,0.23171210289001465,0.23523283004760742,0.23360729217529297,0.22700095176696777,0.23663783073425293,0.23849797248840332,0.20729875564575195,0.22742915153503418,0.5176241397857666,0.5588932037353516,0.2466130256652832,0.23308634757995605,0.21976709365844727,0.2219240665435791,0.2125399112701416
663,0.2446601390838623,0.23979401588439941,0.2368299961090088,0.5167973041534424,0.24083995819091797,0.2123851776123047,0.2105557918548584,0.22474217414855957,0.21158504486083984,0.2350480556488037,0.2312781810760498,0.21925020217895508,0.5040221214294434,0.2284231185913086,0.2090749740600586,0.8312556743621826,0.20944881439208984,0.21379804611206055,0.5302047729492188,0.20705676078796387,0.3638761043548584,0.23781490325927734,0.20832586288452148,0.21102213859558105,0.2515702247619629,0.21524310111999512,0.22388911247253418,0.24674010276794434,0.5354676246643066,0.21698999404907227,0.23172974586486816,0.2320570945739746,0.21290183067321777,0.20577263832092285,0.2332158088684082,0.23700308799743652,0.22742080688476562,0.3010869026184082,0.7841329574584961,0.23461079597473145,0.245819091796875,0.29166412353515625,0.24538016319274902,0.5001721382141113,0.5577788352966309,0.24116086959838867,0.23778772354125977,0.20996618270874023,0.21577811241149902,0.22846674919128418
664,0.22842884063720703,0.20810604095458984,0.5021069049835205,0.48400115966796875,0.21578669548034668,0.2182929515838623,0.2563209533691406,0.2151930332183838,0.24614977836608887,0.22598719596862793,0.23547816276550293,0.22079682350158691,0.502561092376709,0.2097320556640625,0.20599603652954102,0.5161399841308594,0.21706295013427734,0.2234950065612793,0.5172252655029297,0.23991608619689941,0.2101590633392334,0.22708821296691895,0.6085219383239746,0.20517206192016602,0.23864483833312988,0.20888805389404297,0.21225810050964355,0.20793914794921875,0.23411011695861816,0.22386598587036133,0.2102360725402832,0.516761064529419,0.21842098236083984,0.22643780708312988,0.23187923431396484,0.23388290405273438,0.2882659435272217,0.23870015144348145,0.8036878108978271,0.20917105674743652,0.20951032638549805,0.2385571002960205,0.2055361270904541,0.45635199546813965,0.54842209815979,0.23073291778564453,0.21406221389770508,0.20935988426208496,0.24863195419311523,0.24803590774536133
665,0.24107694625854492,0.20615911483764648,0.2093029022216797,0.4543030261993408,0.22188591957092285,0.22239899635314941,0.5199422836303711,0.22158002853393555,0.23791193962097168,0.23998594284057617,0.23787927627563477,0.21648001670837402,0.20932793617248535,0.21643376350402832,0.21431612968444824,0.22989988327026367,0.21619272232055664,0.23015570640563965,0.5256521701812744,0.24889492988586426,0.23431015014648438,0.21389102935791016,0.2286968231201172,0.23135161399841309,0.23689889907836914,0.2222881317138672,0.23325371742248535,0.24139976501464844,0.21545696258544922,0.2098860740661621,0.254352331161499,0.21318292617797852,0.2104041576385498,0.22826385498046875,0.5395650863647461,0.24180102348327637,0.23117327690124512,0.21156811714172363,0.47176504135131836,0.2451310157775879,0.23960375785827637,0.23187708854675293,0.2646360397338867,0.46592211723327637,0.5466642379760742,0.23222899436950684,0.4702789783477783,0.24387407302856445,0.23709583282470703,0.20671916007995605
666,0.22812485694885254,0.2250690460205078,0.23627424240112305,0.4803621768951416,0.2182931900024414,0.5277621746063232,0.4907510280609131,0.22832393646240234,0.23479914665222168,0.8213272094726562,0.20736312866210938,0.2335801124572754,0.4803659915924072,0.22485613822937012,0.2511110305786133,0.5481932163238525,0.23273515701293945,0.22870969772338867,0.2322099208831787,0.23967790603637695,0.24902987480163574,0.23880791664123535,0.20557594299316406,0.25025296211242676,0.2412571907043457,0.2363438606262207,0.23486614227294922,0.23593997955322266,0.22690725326538086,0.25585007667541504,0.23282504081726074,0.2554779052734375,0.21905088424682617,0.22549080848693848,0.5319638252258301,0.23052692413330078,0.2998371124267578,0.23026680946350098,0.47579407691955566,0.24260711669921875,0.23021507263183594,0.5066428184509277,0.22252988815307617,0.512998104095459,0.2383129596710205,0.21323585510253906,0.22015905380249023,0.22813892364501953,0.23218202590942383,0.20782780647277832
667,0.2546250820159912,0.22026896476745605,0.4899430274963379,0.47438693046569824,0.23236298561096191,0.5065150260925293,0.24923181533813477,0.23842501640319824,0.23177599906921387,0.22702789306640625,0.24199700355529785,0.22038626670837402,0.27969789505004883,0.22876691818237305,0.2359180450439453,0.2598989009857178,0.2508659362792969,0.2314450740814209,0.2238619327545166,0.2304990291595459,0.8305737972259521,0.2560153007507324,0.22906899452209473,0.20908904075622559,0.22310876846313477,0.21447300910949707,0.22262191772460938,0.23363304138183594,0.22714781761169434,0.23642492294311523,0.23859286308288574,0.20637893676757812,0.23539113998413086,0.21693921089172363,0.2303910255432129,0.2540700435638428,0.2157130241394043,0.24375319480895996,0.4858989715576172,0.22950196266174316,0.21218204498291016,0.2478330135345459,0.274090051651001,0.48766112327575684,0.5737080574035645,0.2517259120941162,0.31237125396728516,0.2218019962310791,0.2377638816833496,0.2316758632659912
668,0.22665810585021973,0.244232177734375,0.2369070053100586,0.22272300720214844,0.220794677734375,0.5175762176513672,0.5461080074310303,0.23732900619506836,0.20758581161499023,0.5458579063415527,0.22124600410461426,0.2171189785003662,0.23700499534606934,0.22350811958312988,0.2327101230621338,0.25974416732788086,0.23335599899291992,0.20759201049804688,0.23665809631347656,0.2432079315185547,0.49721193313598633,0.22356915473937988,0.2577652931213379,0.22910308837890625,0.22885990142822266,0.23041510581970215,0.22690796852111816,0.25361013412475586,0.21994996070861816,0.23576092720031738,0.23388433456420898,0.28102588653564453,0.21835803985595703,0.22621893882751465,0.5206930637359619,0.23085999488830566,0.22207427024841309,0.2405860424041748,0.19769501686096191,0.24161791801452637,0.4686279296875,0.524057149887085,0.21197795867919922,0.47408294677734375,1.1361761093139648,0.23798513412475586,0.48148584365844727,0.2134239673614502,0.22898197174072266,0.2087268829345703
669,0.20656108856201172,0.23532414436340332,0.8599927425384521,0.21299004554748535,0.24489712715148926,0.5233049392700195,0.23716187477111816,0.22249412536621094,0.2288050651550293,0.2445540428161621,0.21170997619628906,0.21171808242797852,0.2346508502960205,0.21684503555297852,0.21035480499267578,0.5477089881896973,0.2110140323638916,0.21196603775024414,0.5261471271514893,0.22349023818969727,0.5265688896179199,0.21247005462646484,0.2289719581604004,0.2129518985748291,0.20957636833190918,0.24173903465270996,0.20640325546264648,0.23533105850219727,0.5016829967498779,0.23637604713439941,0.23569321632385254,0.45554208755493164,0.21829986572265625,0.2072908878326416,0.47461366653442383,0.21411919593811035,0.22183489799499512,0.24773406982421875,1.2293260097503662,0.23401784896850586,0.23340702056884766,0.5156059265136719,0.2498922348022461,0.5166769027709961,0.4975240230560303,0.23778390884399414,0.22028708457946777,0.23405694961547852,0.22928786277770996,0.24617815017700195
670,0.22496891021728516,0.20687007904052734,0.2522261142730713,0.4695701599121094,0.22775888442993164,0.20775127410888672,0.22646021842956543,0.24477124214172363,0.23389792442321777,0.5344200134277344,0.23423290252685547,0.2214648723602295,0.20828604698181152,0.2183690071105957,0.23271799087524414,0.25447821617126465,0.20593786239624023,0.2421412467956543,0.5059938430786133,0.2568368911743164,0.23622417449951172,0.22046899795532227,0.23824286460876465,0.22816991806030273,0.22061991691589355,0.22413992881774902,0.2111530303955078,0.23571991920471191,0.4673490524291992,0.4139211177825928,0.24849891662597656,0.23610520362854004,0.2170701026916504,0.22158169746398926,0.24695706367492676,0.23381686210632324,0.24591779708862305,0.2198929786682129,1.1150000095367432,0.2517828941345215,0.20795297622680664,0.6216878890991211,0.224700927734375,0.4996669292449951,0.5555682182312012,0.2216780185699463,0.4649229049682617,0.23759794235229492,0.23622584342956543,0.20885968208312988
671,0.20926594734191895,0.2313830852508545,0.8476660251617432,0.23690295219421387,0.2160959243774414,0.5253069400787354,0.5379049777984619,0.23637104034423828,0.23164796829223633,0.22404789924621582,0.23549890518188477,0.23117399215698242,0.2451310157775879,0.21315503120422363,0.22376489639282227,0.22677922248840332,0.22891902923583984,0.2138981819152832,0.26955318450927734,0.20966506004333496,0.22516489028930664,0.2216808795928955,0.20698022842407227,0.2244570255279541,0.21723389625549316,0.22745084762573242,0.23535490036010742,0.20715713500976562,0.4655749797821045,0.8588829040527344,0.2037818431854248,0.2024531364440918,0.22147822380065918,0.23676180839538574,0.5312769412994385,0.24110698699951172,0.24313879013061523,0.21823620796203613,0.812169075012207,0.23281121253967285,0.22951292991638184,0.2398378849029541,0.21828389167785645,0.23090100288391113,0.555438756942749,0.2198500633239746,0.22960591316223145,0.21025490760803223,0.22840213775634766,0.2318406105041504
672,0.2469470500946045,0.2072598934173584,0.25661492347717285,0.45885491371154785,0.2544982433319092,0.8332788944244385,0.7135028839111328,0.2377626895904541,0.23885798454284668,0.5548832416534424,0.22315502166748047,0.22231316566467285,0.23727989196777344,0.255612850189209,0.225877046585083,0.24610209465026855,0.226423978805542,0.22510910034179688,0.26454997062683105,0.23718690872192383,0.4513227939605713,0.23033499717712402,0.22855925559997559,0.2063758373260498,0.22510886192321777,0.20645999908447266,0.2494640350341797,0.23528599739074707,0.5057969093322754,0.22918987274169922,0.21581721305847168,0.4300510883331299,0.23458099365234375,0.23658990859985352,0.24623394012451172,0.23911309242248535,0.23720788955688477,0.21523022651672363,0.8074798583984375,0.21103692054748535,0.24030113220214844,0.5312502384185791,0.2186591625213623,0.4664158821105957,0.5289757251739502,0.23108506202697754,0.2385091781616211,0.22284889221191406,0.25653696060180664,0.2061467170715332
673,0.207930326461792,0.22072100639343262,0.48064088821411133,0.21906685829162598,0.2407071590423584,0.23468995094299316,0.7608678340911865,0.21256494522094727,0.2344379425048828,0.48206186294555664,0.22919130325317383,0.21561598777770996,0.5066962242126465,0.2384800910949707,0.2142951488494873,0.7662336826324463,0.23017668724060059,0.21380877494812012,0.23365569114685059,0.23411297798156738,0.48497605323791504,0.21242213249206543,0.2231428623199463,0.22844815254211426,0.22870397567749023,0.2312631607055664,0.2442021369934082,0.2553262710571289,0.23028802871704102,0.22750496864318848,0.2205522060394287,0.4850146770477295,0.21102595329284668,0.23668694496154785,0.49509310722351074,0.24571800231933594,0.22956514358520508,0.24776864051818848,1.129438877105713,0.23625707626342773,0.2337958812713623,0.8017082214355469,0.22199225425720215,0.5040857791900635,0.5402798652648926,0.22906184196472168,0.27606701850891113,0.21243596076965332,0.22996783256530762,0.20587587356567383
674,0.2333080768585205,0.2335662841796875,0.8621408939361572,0.23427414894104004,0.2204301357269287,0.5080740451812744,0.24828314781188965,0.24472904205322266,0.24862003326416016,0.24112200736999512,0.20812726020812988,0.22265982627868652,0.2056870460510254,0.23023509979248047,0.22315287590026855,0.5295810699462891,0.20867204666137695,0.21894097328186035,0.21277213096618652,0.23765897750854492,0.23560690879821777,0.21861815452575684,0.23697590827941895,0.20780420303344727,0.2239832878112793,0.22802209854125977,0.22095894813537598,0.23324990272521973,0.4849667549133301,0.23392701148986816,0.21283602714538574,0.25359320640563965,0.21500515937805176,0.23447585105895996,0.4965958595275879,0.22346806526184082,0.21530508995056152,0.25302910804748535,0.4982278347015381,0.23714184761047363,0.23978900909423828,0.5302329063415527,0.21377205848693848,0.5029990673065186,0.5138869285583496,0.20740675926208496,0.21259593963623047,0.23247098922729492,0.23564910888671875,0.24205493927001953
675,0.22991204261779785,0.23575901985168457,0.23442792892456055,0.45316600799560547,0.21610116958618164,0.47701597213745117,0.22375988960266113,0.23492717742919922,0.20747017860412598,0.22290873527526855,0.25766921043395996,0.21469902992248535,0.22400808334350586,0.2100679874420166,0.22267413139343262,0.8618576526641846,0.2314598560333252,0.22692608833312988,0.23346710205078125,0.2493441104888916,0.23557710647583008,0.21980500221252441,0.20813894271850586,0.23345112800598145,0.2132091522216797,0.2287769317626953,0.22129106521606445,0.23686814308166504,0.2221698760986328,0.7406260967254639,0.2520020008087158,0.7298009395599365,0.22267699241638184,0.25063395500183105,0.24471616744995117,0.24483108520507812,0.2346799373626709,0.2358090877532959,0.5278210639953613,0.25417280197143555,0.24938392639160156,0.27810192108154297,0.21198487281799316,0.5005297660827637,0.7517561912536621,0.24087977409362793,0.24248409271240234,0.2550039291381836,0.21611976623535156,0.2124941349029541
676,0.20792078971862793,0.20714020729064941,0.4549388885498047,0.6324601173400879,0.22110962867736816,0.24879908561706543,0.2226581573486328,0.23880982398986816,0.23647189140319824,0.24828124046325684,0.22101902961730957,0.22767901420593262,0.22238588333129883,0.2273578643798828,0.23582792282104492,0.2655489444732666,0.20868706703186035,0.21401000022888184,0.22689414024353027,0.23804283142089844,0.8353011608123779,0.2486262321472168,0.23144197463989258,0.22104716300964355,0.22028803825378418,0.25644803047180176,0.20539617538452148,0.23627614974975586,0.21526002883911133,0.21839690208435059,0.23147892951965332,0.2388451099395752,0.21765708923339844,0.23623418807983398,0.4980301856994629,0.2129378318786621,0.24082088470458984,0.2161729335784912,1.7038421630859375,0.22438287734985352,0.23747611045837402,0.5280139446258545,0.23842310905456543,0.48006606101989746,0.5312590599060059,0.2332618236541748,0.24380016326904297,0.22268223762512207,0.2138221263885498,0.22059011459350586
677,0.22498488426208496,0.23375892639160156,0.22983336448669434,0.2382969856262207,0.2600398063659668,0.49924397468566895,0.24318981170654297,0.23360800743103027,0.20986008644104004,0.23619413375854492,0.24454116821289062,0.2160320281982422,0.2909419536590576,0.2294468879699707,0.21315884590148926,0.28445911407470703,0.24281787872314453,0.21393203735351562,0.2553977966308594,0.23420095443725586,1.0796177387237549,0.2464301586151123,0.20753097534179688,0.2355790138244629,0.20969486236572266,0.23681378364562988,0.23183202743530273,0.2323169708251953,0.49594807624816895,0.23597192764282227,0.2357640266418457,0.21487998962402344,0.2333393096923828,0.21309971809387207,0.2661168575286865,0.24567413330078125,0.2615022659301758,0.21340012550354004,0.4298219680786133,0.21178078651428223,0.2339799404144287,0.4962148666381836,0.2124192714691162,0.5199110507965088,0.5131468772888184,0.2567880153656006,0.271679162979126,0.21564602851867676,0.23871207237243652,0.2239539623260498
678,0.22520089149475098,0.2504420280456543,0.473541259765625,0.2474808692932129,0.22498703002929688,0.2120509147644043,0.20599603652954102,0.23852205276489258,0.23038005828857422,0.5065701007843018,0.24042010307312012,0.22739815711975098,0.5073709487915039,0.20934581756591797,0.22178006172180176,0.5920066833496094,0.2079019546508789,0.2261791229248047,0.5137608051300049,0.2086641788482666,0.23723506927490234,0.23418283462524414,0.24576091766357422,0.23549985885620117,0.2371959686279297,0.22605299949645996,0.22094416618347168,0.2500419616699219,0.4697442054748535,0.2274610996246338,0.20776009559631348,0.23854517936706543,0.22824668884277344,0.2203209400177002,0.5392639636993408,0.2403242588043213,0.5150289535522461,0.23508214950561523,0.21140694618225098,0.22742986679077148,0.2073206901550293,0.5258967876434326,0.2259521484375,0.5166559219360352,0.21939301490783691,0.2217111587524414,0.22454619407653809,0.20969700813293457,0.23995685577392578,0.2242748737335205
679,0.2230358123779297,0.2338700294494629,0.21885204315185547,0.44957900047302246,0.21653199195861816,0.22501921653747559,0.22126293182373047,0.24408388137817383,0.2236771583557129,0.23120808601379395,0.2347869873046875,0.23771190643310547,0.23526215553283691,0.2167811393737793,0.2053060531616211,0.2594771385192871,0.23436784744262695,0.23851799964904785,0.285660982131958,0.23534011840820312,0.2478809356689453,0.23499608039855957,0.21024298667907715,0.21222233772277832,0.21341514587402344,0.21101903915405273,0.22347378730773926,0.20793890953063965,0.21936678886413574,0.22809076309204102,0.232666015625,0.5582458972930908,0.23702788352966309,0.2343277931213379,0.5334987640380859,0.2313070297241211,0.24523115158081055,0.221574068069458,0.8054330348968506,0.21130800247192383,0.21587610244750977,0.49121594429016113,0.21379613876342773,0.502791166305542,1.0928800106048584,0.2188880443572998,0.2520420551300049,0.2222757339477539,0.2406620979309082,0.24333500862121582
680,0.21492671966552734,0.20368480682373047,0.21803593635559082,0.48601508140563965,0.24552226066589355,0.5149450302124023,0.2456068992614746,0.21662616729736328,0.2292938232421875,0.2210371494293213,0.2260429859161377,0.23778676986694336,0.20920395851135254,0.22495388984680176,0.2191028594970703,0.23666000366210938,0.21065902709960938,0.25437021255493164,0.21722698211669922,0.24417901039123535,0.49954986572265625,0.20979595184326172,0.2065279483795166,0.22869086265563965,0.23015308380126953,0.23619294166564941,0.21195578575134277,0.23870611190795898,0.5063230991363525,0.8423240184783936,0.2548849582672119,0.22480106353759766,0.21024489402770996,0.2492842674255371,0.2282559871673584,0.23824739456176758,0.23863816261291504,0.21010398864746094,1.0206587314605713,0.25507426261901855,0.20726704597473145,0.5726659297943115,0.22454619407653809,0.5191757678985596,0.515510082244873,0.47545528411865234,0.24496102333068848,0.23311090469360352,0.5795168876647949,0.20368409156799316
681,0.22905302047729492,0.21230483055114746,0.4830021858215332,0.4755699634552002,0.2244110107421875,0.5008118152618408,0.20559382438659668,0.21066617965698242,0.240447998046875,0.2357780933380127,0.21173810958862305,0.25084376335144043,0.23162078857421875,0.21088814735412598,0.2371199131011963,0.5428669452667236,0.2318120002746582,0.23379921913146973,0.8127877712249756,0.21404194831848145,0.4840679168701172,0.22757983207702637,0.21974682807922363,0.2496631145477295,0.23779296875,0.2511169910430908,0.23374104499816895,0.23661303520202637,0.24128389358520508,0.21145200729370117,0.237166166305542,0.5298659801483154,0.2321319580078125,0.2388768196105957,0.23802876472473145,0.23081111907958984,0.2367238998413086,0.21628808975219727,0.2097930908203125,0.23309111595153809,0.24931716918945312,0.21070194244384766,0.21231412887573242,0.4879951477050781,0.5150661468505859,0.20781588554382324,0.2299649715423584,0.21721529960632324,0.2729170322418213,0.21590185165405273
682,0.2248978614807129,0.23266100883483887,0.2291557788848877,0.20770931243896484,0.25797414779663086,0.5190989971160889,0.209489107131958,0.2140491008758545,0.20558929443359375,0.2541520595550537,0.25206470489501953,0.22966694831848145,0.2079460620880127,0.24594473838806152,0.22701716423034668,0.5312488079071045,0.22124791145324707,0.2312147617340088,0.2291698455810547,0.22707915306091309,0.20753884315490723,0.2445690631866455,0.23113799095153809,0.2333393096923828,0.23364830017089844,0.24031376838684082,0.2535078525543213,0.23743605613708496,0.5028998851776123,0.23074793815612793,0.23562216758728027,0.21884989738464355,0.24624371528625488,0.23656988143920898,0.2652919292449951,0.25501513481140137,0.2181718349456787,0.23238778114318848,0.22139906883239746,0.2358379364013672,0.2382040023803711,0.5237929821014404,0.2223360538482666,0.2112107276916504,0.54203200340271,0.25040626525878906,0.5521941184997559,0.22356200218200684,0.22267818450927734,0.2342531681060791
683,0.20582079887390137,0.24948811531066895,0.802692174911499,0.47519421577453613,0.23038125038146973,0.5176019668579102,0.23462128639221191,0.26122117042541504,0.23438501358032227,0.2243180274963379,0.23750996589660645,0.21256089210510254,0.2398390769958496,0.23724102973937988,0.23681306838989258,0.24665188789367676,0.23354578018188477,0.21194124221801758,0.20819306373596191,0.2102200984954834,0.8830509185791016,0.23708176612854004,0.23648929595947266,0.21214008331298828,0.2443997859954834,0.2294929027557373,0.2239532470703125,0.24982881546020508,0.502079963684082,0.25792837142944336,0.23815608024597168,0.21969294548034668,0.21472716331481934,0.2357020378112793,0.535438060760498,0.23208379745483398,0.2381739616394043,0.24219894409179688,0.5807859897613525,0.2369520664215088,0.23603391647338867,0.49485301971435547,0.21154308319091797,0.5080592632293701,0.5290541648864746,0.21534991264343262,0.21717095375061035,0.21401429176330566,0.2128298282623291,0.23446178436279297
684,0.2253730297088623,0.20837926864624023,0.24167227745056152,0.4693019390106201,0.24009084701538086,0.19148921966552734,0.4746968746185303,0.23644590377807617,0.25154614448547363,0.2450242042541504,0.23673295974731445,0.23949909210205078,0.20842504501342773,0.23627805709838867,0.20751309394836426,0.32592105865478516,0.20827412605285645,0.2390890121459961,0.2632780075073242,0.2343449592590332,0.4873237609863281,0.23460793495178223,0.23902678489685059,0.2243330478668213,0.2108616828918457,0.23963594436645508,0.21811795234680176,0.23687100410461426,0.2127060890197754,0.5153779983520508,0.2321619987487793,0.21695995330810547,0.22450900077819824,0.22590994834899902,0.5203580856323242,0.21575093269348145,0.22011303901672363,0.21488618850708008,1.1203699111938477,0.23314809799194336,0.2440190315246582,0.5440578460693359,0.23055005073547363,0.48143911361694336,0.543597936630249,0.23818421363830566,0.22179293632507324,0.23281311988830566,0.2665088176727295,0.22858595848083496
685,0.21210408210754395,0.23054981231689453,0.20986199378967285,0.23069000244140625,0.22311806678771973,0.5066912174224854,0.24762296676635742,0.23470616340637207,0.24999237060546875,0.22420191764831543,0.23745274543762207,0.23537397384643555,0.21427297592163086,0.20898914337158203,0.22664904594421387,0.531156063079834,0.20603299140930176,0.25045204162597656,0.24126291275024414,0.24502801895141602,0.4735867977142334,0.23752593994140625,0.2492051124572754,0.22069478034973145,0.2328197956085205,0.23314714431762695,0.231827974319458,0.23157286643981934,0.22764062881469727,0.23713898658752441,0.22581887245178223,0.21885108947753906,0.2132737636566162,0.22993779182434082,0.5145161151885986,0.23166680335998535,0.2370309829711914,0.2244269847869873,1.1426150798797607,0.2534980773925781,0.43189406394958496,0.530642032623291,0.22192835807800293,0.5131099224090576,0.5438339710235596,0.20930194854736328,0.24457001686096191,0.2421419620513916,0.8824508190155029,0.22907686233520508
686,0.23078680038452148,0.21085906028747559,0.7432281970977783,0.21129488945007324,0.2163240909576416,0.23088312149047852,0.20627379417419434,0.23903584480285645,0.23026823997497559,0.23608088493347168,0.23726201057434082,0.24772191047668457,0.2286829948425293,0.23384499549865723,0.2216780185699463,0.8214101791381836,0.22994089126586914,0.23704814910888672,0.22239995002746582,0.20856595039367676,0.4821920394897461,0.2334439754486084,0.22022199630737305,0.2274937629699707,0.22345423698425293,0.23289799690246582,0.22598671913146973,0.20900821685791016,0.5004920959472656,0.23596906661987305,0.20638704299926758,0.3933718204498291,0.22330784797668457,0.23872590065002441,0.8195590972900391,0.23104405403137207,0.24592208862304688,0.21413874626159668,0.49405813217163086,0.227219820022583,0.24036908149719238,0.8651950359344482,0.21481585502624512,0.5063669681549072,0.8737070560455322,0.23217105865478516,0.22808408737182617,0.21733498573303223,0.2223217487335205,0.235368013381958
687,0.22272372245788574,0.20630097389221191,0.23812627792358398,0.529393196105957,0.2641432285308838,0.49092793464660645,0.23227810859680176,0.22926115989685059,0.22280383110046387,0.23389816284179688,0.2470688819885254,0.23566484451293945,0.23759818077087402,0.25057005882263184,0.20533013343811035,1.5134527683258057,0.24984979629516602,0.23562908172607422,0.5653061866760254,0.2368330955505371,1.8835740089416504,0.24394702911376953,0.22919797897338867,0.20737409591674805,0.2512540817260742,0.20998501777648926,0.23968195915222168,0.23899316787719727,0.23293089866638184,0.22910690307617188,0.21669793128967285,0.5220479965209961,0.22899675369262695,0.2365250587463379,0.23875188827514648,0.2567861080169678,0.22780799865722656,0.25240302085876465,0.4577929973602295,0.21204924583435059,0.23454594612121582,0.5132410526275635,0.22819900512695312,0.5171151161193848,0.523198127746582,0.24633121490478516,0.5315182209014893,0.23276686668395996,0.23973298072814941,0.20444297790527344
688,0.23481488227844238,0.24176907539367676,0.471405029296875,0.23117518424987793,0.22150683403015137,0.5418670177459717,0.20504283905029297,0.22727608680725098,0.21602582931518555,0.23496294021606445,0.20701193809509277,0.24037981033325195,0.5047402381896973,0.23690199851989746,0.2414991855621338,0.25127410888671875,0.2092280387878418,0.23433709144592285,0.2536158561706543,0.2090599536895752,0.2339620590209961,0.21125197410583496,0.2223517894744873,0.23140192031860352,0.2654542922973633,0.23296189308166504,0.2093210220336914,0.24953198432922363,0.4575779438018799,0.21216678619384766,0.2278761863708496,0.49948906898498535,0.20715713500976562,0.22882890701293945,0.23584794998168945,0.2303469181060791,0.23960113525390625,0.2481520175933838,0.7799100875854492,0.24027204513549805,0.5428800582885742,0.49709391593933105,0.23860788345336914,0.5186271667480469,0.5476453304290771,0.2062230110168457,0.24272370338439941,0.24192094802856445,0.2534928321838379,0.23360419273376465
689,0.23473620414733887,0.20760488510131836,0.4984619617462158,0.47808074951171875,0.24679017066955566,0.4935019016265869,0.49634814262390137,0.20971107482910156,0.23538994789123535,0.23329782485961914,0.23767709732055664,0.22996187210083008,0.23297595977783203,0.2360069751739502,0.2322239875793457,0.5802149772644043,0.23167014122009277,0.23114585876464844,0.23810887336730957,0.23260188102722168,0.2283790111541748,0.24185872077941895,0.21315789222717285,0.23915505409240723,0.24986481666564941,0.20585083961486816,0.23538517951965332,0.2365717887878418,0.21221613883972168,0.23635292053222656,0.20821094512939453,0.5497522354125977,0.22640109062194824,0.2434239387512207,0.20952081680297852,0.24224185943603516,0.23600506782531738,0.23775196075439453,0.5720200538635254,0.23549222946166992,0.2142801284790039,0.815800666809082,0.22756600379943848,0.5181097984313965,0.5357639789581299,0.23803305625915527,0.49951815605163574,0.2231309413909912,0.25169992446899414,0.22626399993896484
690,0.20711708068847656,0.2304069995880127,0.23062705993652344,0.32027506828308105,0.22425603866577148,0.22835922241210938,0.21796178817749023,0.22572112083435059,0.20653796195983887,1.2149040699005127,0.2257397174835205,0.21303391456604004,0.2305448055267334,0.23435068130493164,0.2066800594329834,0.5675220489501953,0.2090129852294922,0.22649669647216797,0.23409390449523926,0.2514979839324951,0.47471094131469727,0.2356879711151123,0.2296137809753418,0.2358689308166504,0.2218029499053955,0.2332298755645752,0.22773027420043945,0.23449420928955078,0.24065399169921875,1.7983300685882568,0.24735116958618164,0.5013890266418457,0.21276116371154785,0.24341392517089844,0.5121281147003174,0.22348809242248535,0.5737018585205078,0.2406599521636963,0.2771470546722412,0.25018310546875,0.4836001396179199,0.4795839786529541,0.21706318855285645,0.46834897994995117,0.5107049942016602,0.21071529388427734,0.49828004837036133,0.23148632049560547,0.22603487968444824,0.23363375663757324
691,0.21694612503051758,0.21030688285827637,0.210860013961792,0.23190093040466309,0.24411416053771973,0.23719072341918945,0.22591900825500488,0.24169492721557617,0.22040915489196777,0.2420210838317871,0.23222088813781738,0.23753905296325684,0.22402024269104004,0.2373960018157959,0.24673700332641602,0.2463979721069336,0.23102211952209473,0.23797297477722168,0.7086100578308105,0.23622584342956543,0.5258128643035889,0.2342228889465332,0.20667386054992676,0.25365233421325684,0.2119450569152832,0.2236487865447998,0.20583510398864746,0.23569369316101074,0.2076122760772705,0.2528038024902344,0.20760011672973633,0.4851219654083252,0.23175334930419922,0.2402791976928711,0.23132991790771484,0.21702218055725098,0.21605277061462402,0.22611308097839355,0.7752029895782471,0.23723196983337402,0.5135948657989502,1.1545679569244385,0.24119019508361816,0.4680750370025635,0.5603897571563721,0.23908591270446777,0.24032902717590332,0.22547101974487305,0.21348190307617188,0.23291301727294922
692,0.24483203887939453,0.2322521209716797,0.49770092964172363,0.455700159072876,0.24027109146118164,0.22810912132263184,0.4973750114440918,0.23410677909851074,0.21429204940795898,0.2451469898223877,0.24697518348693848,0.23218774795532227,0.20808196067810059,0.24305105209350586,0.20978188514709473,0.523123025894165,0.22071599960327148,0.23936796188354492,0.208449125289917,0.23266983032226562,0.233992338180542,0.25236010551452637,0.23410415649414062,0.22831296920776367,0.2414262294769287,0.22959208488464355,0.22923588752746582,0.2367420196533203,0.4817080497741699,0.2544560432434082,0.22725915908813477,0.23514413833618164,0.2535121440887451,0.21170282363891602,0.24190783500671387,0.24929118156433105,0.2295060157775879,0.24579215049743652,0.8114900588989258,0.23510384559631348,0.210845947265625,0.8259289264678955,0.224884033203125,0.22403883934020996,0.543159008026123,0.22393107414245605,0.2217268943786621,0.2124006748199463,0.2475719451904297,0.20903992652893066
693,0.21332788467407227,0.2245621681213379,0.4680790901184082,0.47280216217041016,0.23267793655395508,0.4831690788269043,0.48746275901794434,0.25220203399658203,0.2307288646697998,0.2248232364654541,0.23863697052001953,0.2385270595550537,0.22934198379516602,0.20838594436645508,0.20581912994384766,0.24103498458862305,0.20518016815185547,0.2340400218963623,0.5283417701721191,0.20717620849609375,0.2511460781097412,0.23463916778564453,0.2067720890045166,0.23071885108947754,0.2515559196472168,0.20848298072814941,0.23209881782531738,0.2238907814025879,0.22297120094299316,0.5062088966369629,0.20468902587890625,0.21717000007629395,0.23288798332214355,0.22555112838745117,0.23885393142700195,0.22842788696289062,0.556628942489624,0.2389671802520752,0.48631811141967773,0.22391605377197266,0.23433589935302734,0.32322096824645996,0.26026082038879395,0.508720874786377,0.25935912132263184,0.24528121948242188,0.24652099609375,0.21065211296081543,0.2181241512298584,0.23105216026306152
694,0.23245906829833984,0.22911286354064941,0.47007107734680176,0.47494029998779297,0.21891403198242188,0.4992949962615967,0.25484609603881836,0.23068594932556152,0.2526681423187256,0.24783992767333984,0.2356259822845459,0.23620390892028809,0.21347498893737793,0.21759629249572754,0.21780610084533691,0.8839502334594727,0.2320420742034912,0.2279820442199707,0.30830812454223633,0.23903584480285645,0.2283010482788086,0.22830796241760254,0.2399308681488037,0.21291804313659668,0.23565220832824707,0.2179279327392578,0.24342584609985352,0.22007513046264648,0.21075201034545898,0.20781183242797852,0.21062612533569336,0.35138630867004395,0.22886967658996582,0.24326300621032715,0.24119901657104492,0.2131812572479248,0.22060370445251465,0.23623323440551758,0.2353200912475586,0.20985889434814453,0.23408102989196777,1.1213812828063965,0.2236800193786621,0.5015661716461182,0.5215978622436523,0.2504398822784424,0.2234630584716797,0.21610116958618164,0.23863911628723145,0.2248389720916748
695,0.23639917373657227,0.20976901054382324,0.2288360595703125,0.4706230163574219,0.24272394180297852,0.5041899681091309,0.23253917694091797,0.21097016334533691,0.23982524871826172,0.24834418296813965,0.22802972793579102,0.23137879371643066,0.23889684677124023,0.2231442928314209,0.23211097717285156,0.2244260311126709,0.23660898208618164,0.23198390007019043,0.20992517471313477,0.25107908248901367,0.21256613731384277,0.21316218376159668,0.20621109008789062,0.23470306396484375,0.23533892631530762,0.23598003387451172,0.22179579734802246,0.2333831787109375,0.23566889762878418,0.2449939250946045,0.2484731674194336,0.5003118515014648,0.21213006973266602,0.25112199783325195,0.21909523010253906,0.2356412410736084,0.24911212921142578,0.21642374992370605,0.4676191806793213,0.23626089096069336,0.23560595512390137,0.5182242393493652,0.22977399826049805,0.47531604766845703,1.1606831550598145,0.45580124855041504,0.24692678451538086,0.24677419662475586,0.24570226669311523,0.20405197143554688
696,0.20887303352355957,0.23220467567443848,0.4956040382385254,0.4561150074005127,0.22373294830322266,0.2397613525390625,0.4846322536468506,0.22717905044555664,0.2299048900604248,0.2564821243286133,0.20824098587036133,0.2538769245147705,0.22079682350158691,0.21491789817810059,0.2214679718017578,0.2428750991821289,0.20670318603515625,0.2154521942138672,0.5321950912475586,0.23694515228271484,0.22439002990722656,0.23311376571655273,0.21828770637512207,0.22512221336364746,0.2365880012512207,0.2503688335418701,0.21614289283752441,0.23595809936523438,0.5330688953399658,0.22238421440124512,0.23647499084472656,0.5449800491333008,0.2410261631011963,0.23552298545837402,0.2242109775543213,0.23600101470947266,0.5419130325317383,0.23169779777526855,0.4819760322570801,0.2151329517364502,0.23824095726013184,0.5085229873657227,0.2153148651123047,0.4624319076538086,1.4509921073913574,0.25955700874328613,0.5157866477966309,0.2431468963623047,0.229813814163208,0.2259979248046875
697,0.2384021282196045,0.20719408988952637,0.22549724578857422,0.20609498023986816,0.2362380027770996,0.21279096603393555,0.20986294746398926,0.2176649570465088,0.21445918083190918,0.24245810508728027,0.2319049835205078,0.23067092895507812,0.22901391983032227,0.23425507545471191,0.2320849895477295,0.22716188430786133,0.24535417556762695,0.21100592613220215,0.26815080642700195,0.2359929084777832,0.21599102020263672,0.2280740737915039,0.22383785247802734,0.2296159267425537,0.234389066696167,0.24155187606811523,0.24281001091003418,0.23627114295959473,0.48182129859924316,0.8138718605041504,0.24011898040771484,0.5096838474273682,0.24619221687316895,0.2373507022857666,0.23020005226135254,0.24652099609375,0.2554197311401367,0.2922189235687256,0.4814457893371582,0.22870302200317383,0.2368640899658203,0.5005371570587158,0.21673917770385742,0.45362305641174316,0.5188181400299072,0.22430205345153809,0.21626901626586914,0.21912193298339844,0.2325758934020996,0.21709799766540527
698,0.20712924003601074,0.24266529083251953,0.47075581550598145,0.469196081161499,0.24476408958435059,0.48535609245300293,0.49712204933166504,0.4814929962158203,0.2302536964416504,0.21975016593933105,0.21781492233276367,0.2138371467590332,0.5012469291687012,0.22249794006347656,0.2094261646270752,0.5779130458831787,0.21160125732421875,0.22219491004943848,0.23302817344665527,0.23723816871643066,0.23141098022460938,0.23296189308166504,0.21250700950622559,0.21074390411376953,0.2435457706451416,0.22321581840515137,0.2072141170501709,0.2496640682220459,0.2321310043334961,0.8330271244049072,0.23184990882873535,0.2157890796661377,0.23810911178588867,0.22725296020507812,0.5190999507904053,0.2304830551147461,0.22313404083251953,0.2405083179473877,0.8376147747039795,0.23897600173950195,0.24858784675598145,0.8284578323364258,0.26201295852661133,0.2312781810760498,0.4937629699707031,0.21268296241760254,0.22035622596740723,0.21837496757507324,0.2187938690185547,0.2289421558380127
699,0.22187304496765137,0.21450495719909668,0.5246703624725342,0.23754286766052246,0.2242119312286377,0.24532198905944824,0.2669508457183838,0.2237851619720459,0.2525341510772705,0.8459200859069824,0.2304990291595459,0.2379131317138672,0.20800518989562988,0.21617674827575684,0.22868990898132324,0.2990579605102539,0.222761869430542,0.21408796310424805,0.254472017288208,0.23133373260498047,0.2352921962738037,0.23431706428527832,0.24747705459594727,0.22929596900939941,0.21202921867370605,0.22169899940490723,0.2371840476989746,0.23813080787658691,0.4861140251159668,0.8372530937194824,0.2086961269378662,0.49733996391296387,0.2370140552520752,0.21306490898132324,0.3746020793914795,0.21628618240356445,0.2444300651550293,0.21473288536071777,0.21135783195495605,0.23820900917053223,0.23600411415100098,0.5181498527526855,0.20413899421691895,0.23848891258239746,0.5418581962585449,0.2303471565246582,0.2681090831756592,0.21877503395080566,0.27137112617492676,0.25266313552856445
700,0.2129049301147461,0.2302720546722412,0.5019299983978271,0.458388090133667,0.23338890075683594,0.2087879180908203,0.24914193153381348,0.2176361083984375,0.24083614349365234,0.23577618598937988,0.23830223083496094,0.23533415794372559,0.2175900936126709,0.20862507820129395,0.20325613021850586,0.28161096572875977,0.2059309482574463,0.24795198440551758,1.1397130489349365,0.22290611267089844,1.4515759944915771,0.2374269962310791,0.2345590591430664,0.2346329689025879,0.24101018905639648,0.21180295944213867,0.23622822761535645,0.23128676414489746,0.5274531841278076,0.2179279327392578,0.2353060245513916,0.22307682037353516,0.23601603507995605,0.25223302841186523,0.5490708351135254,0.24133706092834473,0.21555876731872559,0.22035574913024902,0.5032730102539062,0.2467179298400879,0.2096998691558838,0.2119579315185547,0.4933743476867676,0.2296581268310547,0.5585432052612305,0.24105286598205566,0.24846696853637695,0.2246379852294922,0.2552471160888672,0.23430919647216797
701,0.23324084281921387,0.20682883262634277,0.25522708892822266,0.5029523372650146,0.2164139747619629,0.23133301734924316,0.7686667442321777,0.23958110809326172,0.23021697998046875,0.24272823333740234,0.23717212677001953,0.2460641860961914,0.7748708724975586,0.21453404426574707,0.22952675819396973,0.4811568260192871,0.21533894538879395,0.2535359859466553,1.2046446800231934,0.20842480659484863,0.5029380321502686,0.23647379875183105,0.24813008308410645,0.22371816635131836,0.23876690864562988,0.22611308097839355,0.24686598777770996,0.20936799049377441,0.2551591396331787,0.3868422508239746,0.2044069766998291,0.5135302543640137,0.2407679557800293,0.23946905136108398,0.5152561664581299,0.22609376907348633,0.2203991413116455,0.21665596961975098,0.5065176486968994,0.2112729549407959,0.24028396606445312,0.8828427791595459,0.24915003776550293,0.46863675117492676,0.5102567672729492,0.2475447654724121,0.22063994407653809,0.2164921760559082,0.23408102989196777,0.23595285415649414
702,0.24962902069091797,0.2084500789642334,0.24826788902282715,0.22799921035766602,0.25833702087402344,0.2092740535736084,0.5147521495819092,0.2439112663269043,0.24054598808288574,0.22498416900634766,0.24707889556884766,0.24230599403381348,0.21147489547729492,0.24305415153503418,0.22230815887451172,0.3188478946685791,0.24561786651611328,0.23275494575500488,0.2590939998626709,0.22567486763000488,0.2079029083251953,0.2324671745300293,0.20998120307922363,0.2296130657196045,0.2246687412261963,0.22165226936340332,0.25785088539123535,0.22111010551452637,0.2369091510772705,0.8178260326385498,0.22002720832824707,0.22833514213562012,0.2334918975830078,0.2295670509338379,0.22318577766418457,0.24391984939575195,0.25571513175964355,0.21609711647033691,0.2507011890411377,0.21013498306274414,0.21909809112548828,0.49999213218688965,0.2344980239868164,0.4682011604309082,1.2098360061645508,0.20717382431030273,0.2449169158935547,0.23646092414855957,0.2413346767425537,0.2080092430114746
703,0.2352430820465088,0.23998475074768066,0.23429298400878906,0.4643421173095703,0.24620509147644043,0.4882512092590332,0.4853050708770752,0.22763872146606445,0.23516201972961426,0.5452642440795898,0.20880913734436035,0.22440290451049805,0.2245190143585205,0.2120683193206787,0.21217012405395508,0.31594324111938477,0.20633983612060547,0.23708796501159668,0.23110103607177734,0.22594189643859863,0.23164701461791992,0.21587896347045898,0.23969411849975586,0.21523261070251465,0.2584362030029297,0.21192383766174316,0.24019408226013184,0.24964308738708496,0.2546958923339844,0.2387220859527588,0.2292029857635498,0.2422327995300293,0.23667407035827637,0.23613905906677246,0.2336258888244629,0.2261970043182373,0.24052882194519043,0.2593369483947754,0.48474597930908203,0.2236039638519287,0.5065691471099854,0.8251919746398926,0.211439847946167,0.48215818405151367,0.9010066986083984,0.23260903358459473,0.2337970733642578,0.24070405960083008,0.23616695404052734,0.23177695274353027
704,0.20906805992126465,0.21526432037353516,0.4852640628814697,0.4693937301635742,0.2563169002532959,0.2297987937927246,0.21132278442382812,0.20973682403564453,0.23731088638305664,0.22214913368225098,0.23194313049316406,0.2169809341430664,0.2144908905029297,0.23218011856079102,0.22467422485351562,0.580651044845581,0.23932504653930664,0.22479987144470215,0.25028014183044434,0.24239897727966309,0.2076888084411621,0.21678829193115234,0.2367548942565918,0.22993087768554688,0.2378838062286377,0.2288670539855957,0.22696495056152344,0.2407829761505127,0.226470947265625,0.21468496322631836,0.24062108993530273,0.22478318214416504,0.23502469062805176,0.2354128360748291,0.5034041404724121,0.24098992347717285,0.228348970413208,0.2368309497833252,0.4718329906463623,0.20957183837890625,0.1946568489074707,0.4792649745941162,0.2156391143798828,0.4991872310638428,0.5415458679199219,0.20659518241882324,0.24904704093933105,0.23830485343933105,0.24508333206176758,0.22394108772277832
705,0.2075638771057129,0.23167991638183594,0.21354103088378906,0.49974870681762695,0.2265939712524414,0.20891523361206055,0.2593352794647217,0.23958396911621094,0.20637297630310059,0.247391939163208,0.2100510597229004,0.21443986892700195,0.2318868637084961,0.23594975471496582,0.22494292259216309,0.5807039737701416,0.22616195678710938,0.23292016983032227,0.23531293869018555,0.2532010078430176,0.4719240665435791,0.22856807708740234,0.24769306182861328,0.23620009422302246,0.23020601272583008,0.21012496948242188,0.20694208145141602,0.2336750030517578,0.21387004852294922,0.2248058319091797,0.24932503700256348,0.25049901008605957,0.23794102668762207,0.2541310787200928,0.2204298973083496,0.2229468822479248,0.2932260036468506,0.2227921485900879,0.46915316581726074,0.25115394592285156,0.24392199516296387,0.45304083824157715,0.21711373329162598,0.5016350746154785,0.5547451972961426,0.23442578315734863,0.47905421257019043,0.23900175094604492,0.2267310619354248,0.2332909107208252
706,0.2235410213470459,0.23614001274108887,0.8137471675872803,0.21122097969055176,0.24319815635681152,0.22774982452392578,0.49948596954345703,0.2539041042327881,0.22490167617797852,0.2205791473388672,0.22347187995910645,0.2585291862487793,0.23208189010620117,0.23546504974365234,0.22920799255371094,0.5841560363769531,0.2143418788909912,0.23684310913085938,0.2077350616455078,0.22438716888427734,0.22290515899658203,0.23749399185180664,0.26783108711242676,0.22545099258422852,0.21166205406188965,0.24587678909301758,0.21072793006896973,0.2345740795135498,0.5356099605560303,0.5316758155822754,0.23696494102478027,0.21816706657409668,0.23622989654541016,0.23311185836791992,0.5239970684051514,0.21661090850830078,0.2956249713897705,0.21557307243347168,0.8002171516418457,0.23809504508972168,0.20861196517944336,0.5492188930511475,0.22902202606201172,0.5257573127746582,0.8156168460845947,0.2539951801300049,0.49747800827026367,0.21622800827026367,0.21847200393676758,0.3691997528076172
707,0.23145508766174316,0.23363614082336426,0.49289989471435547,1.1025199890136719,0.24143719673156738,0.504141092300415,0.22641205787658691,0.23131680488586426,0.215867280960083,0.25978708267211914,0.2449352741241455,0.23652887344360352,0.20766019821166992,0.24834108352661133,0.2267608642578125,0.5790071487426758,0.2201371192932129,0.22672390937805176,0.2350749969482422,0.23074698448181152,0.2193129062652588,0.25181007385253906,0.23534202575683594,0.22865796089172363,0.2337939739227295,0.20890188217163086,0.24253129959106445,0.23200106620788574,0.4936690330505371,0.21535897254943848,0.22637295722961426,0.5446481704711914,0.24591708183288574,0.21289610862731934,0.22466301918029785,0.25496506690979004,0.22406411170959473,0.2692229747772217,0.20905017852783203,0.23424172401428223,0.20486092567443848,0.5049006938934326,0.24402689933776855,0.4720802307128906,0.504256010055542,0.23441100120544434,0.263826847076416,0.2214062213897705,0.24760699272155762,0.23778271675109863
708,0.22841620445251465,0.22453904151916504,0.473858118057251,0.5015101432800293,0.21651697158813477,0.4774200916290283,0.22910809516906738,0.21274590492248535,0.21897411346435547,1.1295170783996582,0.23571515083312988,0.22996902465820312,0.2519338130950928,0.21017098426818848,0.204179048538208,0.5987279415130615,0.23015308380126953,0.22358298301696777,0.5177299976348877,0.2145540714263916,0.22301506996154785,0.23551487922668457,0.2378091812133789,0.2082979679107666,0.25452208518981934,0.20943689346313477,0.20891118049621582,0.22705888748168945,0.5295188426971436,0.21865081787109375,0.21222901344299316,0.24324417114257812,0.2417290210723877,0.23511981964111328,0.49994874000549316,0.24489188194274902,0.30705833435058594,0.23508810997009277,0.22362184524536133,0.22351884841918945,0.234849214553833,0.2397620677947998,0.214677095413208,0.5210528373718262,0.5314571857452393,0.2354140281677246,0.22045111656188965,0.212050199508667,0.24965405464172363,0.24929428100585938
709,0.20896005630493164,0.22639226913452148,0.7968299388885498,0.20993995666503906,0.2422478199005127,0.20836305618286133,0.20577692985534668,0.2187793254852295,0.246002197265625,0.22812986373901367,0.23551678657531738,0.2382493019104004,0.24325299263000488,0.23303794860839844,0.2083280086517334,0.26870179176330566,0.2073054313659668,0.2106308937072754,0.2403247356414795,0.2394568920135498,0.21353793144226074,0.2281191349029541,0.2500793933868408,0.21685504913330078,0.23186588287353516,0.21854496002197266,0.23533082008361816,0.2362532615661621,0.4942972660064697,0.21871495246887207,0.2408430576324463,0.501471996307373,0.22281694412231445,0.23510193824768066,0.24651122093200684,0.24851608276367188,0.22587990760803223,0.21726417541503906,0.48276495933532715,0.21041297912597656,0.2378089427947998,0.4810490608215332,0.2211470603942871,0.5314340591430664,1.1479029655456543,0.22534704208374023,0.249251127243042,0.23832488059997559,0.2386031150817871,0.23598909378051758
710,0.230849027633667,0.20722389221191406,0.24133706092834473,0.49135494232177734,0.22249865531921387,0.22863411903381348,0.20720577239990234,0.22077608108520508,0.2341759204864502,0.2542438507080078,0.2073841094970703,0.23686885833740234,0.22626399993896484,0.21077299118041992,0.23238778114318848,0.5646419525146484,0.2276759147644043,0.24937915802001953,0.23373723030090332,0.249176025390625,0.23560714721679688,0.21104192733764648,0.2319657802581787,0.2412557601928711,0.24188995361328125,0.23084068298339844,0.2381601333618164,0.22777009010314941,0.5049121379852295,0.4830632209777832,0.2514481544494629,0.22490715980529785,0.21300029754638672,0.253385066986084,0.5013489723205566,0.22074484825134277,0.24259400367736816,0.21204471588134766,0.9241738319396973,0.237379789352417,0.22236299514770508,0.5060427188873291,0.21153807640075684,0.7032430171966553,0.5544590950012207,0.21433806419372559,0.49871015548706055,0.26075100898742676,0.24922609329223633,0.2381579875946045
711,0.2340381145477295,0.2131040096282959,0.23860692977905273,0.4898407459259033,0.21862077713012695,0.4907650947570801,0.2382640838623047,0.22592401504516602,0.23122787475585938,0.21874403953552246,0.23040986061096191,0.2499861717224121,0.21018218994140625,0.2239551544189453,0.22585582733154297,0.26747632026672363,0.21384692192077637,0.23242592811584473,0.23469018936157227,0.20817804336547852,0.23397397994995117,0.24411225318908691,0.20823001861572266,0.2439742088317871,0.2282850742340088,0.25181078910827637,0.2323780059814453,0.2149491310119629,0.24261713027954102,0.22765707969665527,0.23511767387390137,0.24705004692077637,0.2471628189086914,0.22206497192382812,0.49395322799682617,0.21904206275939941,0.5627889633178711,0.22039389610290527,0.5383670330047607,0.2157449722290039,0.2474501132965088,0.4602539539337158,0.2174818515777588,0.4965848922729492,0.5503499507904053,0.2246227264404297,0.23470115661621094,0.22149896621704102,0.2203068733215332,0.22392797470092773
712,0.22475028038024902,0.22918462753295898,0.6685712337493896,0.4880971908569336,0.2330620288848877,0.527216911315918,0.23078393936157227,0.21120715141296387,0.20688915252685547,0.22767281532287598,0.226654052734375,0.22535490989685059,0.2494509220123291,0.23231005668640137,0.22861504554748535,0.24743294715881348,0.24317288398742676,0.21021509170532227,0.520719051361084,0.23242807388305664,0.23077797889709473,0.24941492080688477,0.23892521858215332,0.21288609504699707,0.24068880081176758,0.23994708061218262,0.24777698516845703,0.22590208053588867,0.23217201232910156,0.22500300407409668,0.23501205444335938,0.5292506217956543,0.23836493492126465,0.22174882888793945,0.245988130569458,0.25635480880737305,0.224290132522583,0.21491312980651855,0.47614598274230957,0.2160358428955078,0.23899412155151367,0.5016896724700928,0.22080016136169434,0.4717531204223633,0.5468940734863281,0.22972989082336426,0.21927499771118164,0.21562504768371582,0.23482203483581543,0.23204302787780762
713,0.20620393753051758,0.22379779815673828,0.22605586051940918,0.48662662506103516,0.21874499320983887,0.5008411407470703,0.20536112785339355,0.23154377937316895,0.21319198608398438,1.1758151054382324,0.2354280948638916,0.21352124214172363,0.23395514488220215,0.21851110458374023,0.20797109603881836,0.22797489166259766,0.20904231071472168,0.23579907417297363,0.4880199432373047,0.23493194580078125,0.2067408561706543,0.23949623107910156,0.23760199546813965,0.2268669605255127,0.2425379753112793,0.2240598201751709,0.20557904243469238,0.22847414016723633,0.4722130298614502,0.23371577262878418,0.2341458797454834,0.5955610275268555,0.21687698364257812,0.24399900436401367,0.5177819728851318,0.21660900115966797,0.21840214729309082,0.2411060333251953,0.4689750671386719,0.2277538776397705,0.23507142066955566,0.5177299976348877,0.21700716018676758,0.5083160400390625,2.4278979301452637,0.20959115028381348,0.27605390548706055,0.22208404541015625,0.2176809310913086,0.20510220527648926
714,0.230010986328125,0.23194479942321777,0.3807849884033203,0.5327498912811279,0.2449359893798828,0.20968294143676758,0.5012538433074951,0.22871685028076172,0.2394559383392334,0.2535419464111328,0.2321462631225586,0.21437478065490723,0.2506859302520752,0.22244501113891602,0.2326509952545166,0.5494649410247803,0.20525288581848145,0.23659706115722656,0.4929320812225342,0.20801305770874023,0.25600576400756836,0.22883105278015137,0.24775004386901855,0.21170616149902344,0.21245503425598145,0.21422910690307617,0.21150803565979004,0.22090697288513184,0.24806690216064453,0.20934176445007324,0.23602032661437988,0.2607002258300781,0.22039103507995605,0.21082806587219238,0.25164794921875,0.23363995552062988,0.2977468967437744,0.24326109886169434,0.21956205368041992,0.207733154296875,0.21184492111206055,0.505831241607666,0.22258782386779785,0.25090980529785156,0.5578348636627197,0.23183989524841309,0.22487926483154297,0.21604609489440918,0.25960659980773926,0.23748373985290527
715,0.2093491554260254,0.20755720138549805,1.1341581344604492,0.5043261051177979,0.2161571979522705,0.2733430862426758,2.3230836391448975,0.21499228477478027,0.218796968460083,0.2499539852142334,0.237076997756958,0.23102784156799316,0.20798087120056152,0.21256399154663086,0.20506906509399414,0.2436847686767578,0.23237395286560059,0.25067591667175293,0.5117928981781006,0.22443294525146484,0.5027389526367188,0.23849201202392578,0.2410438060760498,0.22475600242614746,0.2441396713256836,0.21119999885559082,0.2311100959777832,0.21067500114440918,0.22607684135437012,0.22644495964050293,0.22621488571166992,0.25621819496154785,0.21717405319213867,0.23714995384216309,0.5306611061096191,0.2396080493927002,0.22700786590576172,0.22504091262817383,0.4936671257019043,0.2501659393310547,0.23530888557434082,0.5184283256530762,0.23139119148254395,0.5009069442749023,0.5372800827026367,0.23738980293273926,0.49665307998657227,0.21283411979675293,0.22235369682312012,0.25208091735839844
716,0.23101806640625,0.2266082763671875,0.23198795318603516,0.4848761558532715,0.2315211296081543,0.49541282653808594,0.5276920795440674,0.24817109107971191,0.21703577041625977,0.2538318634033203,0.23706507682800293,0.247481107711792,0.2812008857727051,0.23877811431884766,0.24179410934448242,0.6179940700531006,0.2379767894744873,0.23646187782287598,0.5245130062103271,0.22040700912475586,0.2255229949951172,0.23270797729492188,0.23033618927001953,0.22230219841003418,0.23438382148742676,0.22979187965393066,0.21001291275024414,0.21514391899108887,0.2340869903564453,0.2157599925994873,0.23202013969421387,0.47199106216430664,0.21866512298583984,0.22287631034851074,0.25014686584472656,0.22207188606262207,0.22485017776489258,0.2340102195739746,0.22860503196716309,0.2098679542541504,0.2113499641418457,0.8589861392974854,0.21910929679870605,0.506601095199585,0.9032151699066162,0.24393606185913086,0.4857790470123291,0.21296000480651855,0.24593615531921387,0.23569798469543457
717,0.22508001327514648,0.20437192916870117,0.24578213691711426,0.23279881477355957,0.2535867691040039,0.23876309394836426,0.22719120979309082,0.2342212200164795,0.23087000846862793,0.8914051055908203,0.24863696098327637,0.24236702919006348,0.2440180778503418,0.24081921577453613,0.22989892959594727,0.29943180084228516,0.2219398021697998,0.236281156539917,0.2825610637664795,0.22538018226623535,0.21138286590576172,0.2276630401611328,0.2307589054107666,0.20873188972473145,0.2316598892211914,0.2290968894958496,0.24596595764160156,0.21955394744873047,0.4687070846557617,0.22291183471679688,0.23833894729614258,0.21215224266052246,0.22444915771484375,0.21033120155334473,0.540679931640625,0.2622809410095215,0.24774980545043945,0.22061610221862793,0.4163970947265625,0.23682928085327148,0.4969899654388428,0.24079298973083496,0.2126929759979248,0.4871201515197754,1.5068840980529785,0.21152591705322266,0.21880602836608887,0.24889588356018066,0.22188901901245117,0.20685100555419922
718,0.22535300254821777,0.2243938446044922,0.4550340175628662,0.486691951751709,0.22389507293701172,0.49028682708740234,0.20928406715393066,0.20788002014160156,0.2340853214263916,0.3010709285736084,0.20862531661987305,0.22497105598449707,0.2202448844909668,0.22166824340820312,0.20567107200622559,0.2493891716003418,0.23292112350463867,0.23468494415283203,0.2610471248626709,0.24103307723999023,0.23284101486206055,0.2369999885559082,0.21326088905334473,0.23314309120178223,0.2545909881591797,0.20976924896240234,0.23936700820922852,0.23492193222045898,0.25946903228759766,0.2156968116760254,0.23755502700805664,0.5011410713195801,0.21535468101501465,0.23431086540222168,0.7411808967590332,0.2272341251373291,0.5269660949707031,0.3068521022796631,0.46433305740356445,0.23457789421081543,0.2274322509765625,0.23366212844848633,0.21497225761413574,0.468717098236084,0.855659008026123,0.24264931678771973,0.507418155670166,0.23349785804748535,0.24609994888305664,0.23375177383422852
719,0.21661686897277832,0.23628497123718262,0.4933502674102783,0.49064087867736816,0.2432568073272705,0.504086971282959,0.21818208694458008,0.22950506210327148,0.22529101371765137,0.26705312728881836,0.23820281028747559,0.21629810333251953,0.47698211669921875,0.2137899398803711,0.23471522331237793,0.29781103134155273,0.23940706253051758,0.20993614196777344,0.5154380798339844,0.2367548942565918,0.23474407196044922,0.23923707008361816,0.2502121925354004,0.23581790924072266,0.2344980239868164,0.23421812057495117,0.22683334350585938,0.21696710586547852,0.25478100776672363,0.41580891609191895,0.2338550090789795,0.24424386024475098,0.22791194915771484,0.23796987533569336,0.23604512214660645,0.24208307266235352,0.4971470832824707,0.2175438404083252,0.21815204620361328,0.2327132225036621,0.23980283737182617,0.8232660293579102,0.23552703857421875,0.480867862701416,1.1728379726409912,0.2355670928955078,0.47470593452453613,0.23966574668884277,0.2660648822784424,0.2328641414642334
720,0.20680570602416992,0.2355813980102539,0.21738696098327637,0.764686107635498,0.23299884796142578,0.5428168773651123,0.22899699211120605,0.21527910232543945,0.23541879653930664,0.2949678897857666,0.2335212230682373,0.21312999725341797,0.2671070098876953,0.24474310874938965,0.20621180534362793,0.29718828201293945,0.22787213325500488,0.2510409355163574,1.1361229419708252,0.24390196800231934,1.0816471576690674,0.2292170524597168,0.23756194114685059,0.20874595642089844,0.22706890106201172,0.24199700355529785,0.20820283889770508,0.22006988525390625,0.2361001968383789,0.22363877296447754,0.25167202949523926,0.23070287704467773,0.21011781692504883,0.24853801727294922,0.22864794731140137,0.2214820384979248,0.2435598373413086,0.21674489974975586,0.24978899955749512,0.25499534606933594,0.23125290870666504,0.8020539283752441,0.22125005722045898,0.24904918670654297,0.5633118152618408,0.23134398460388184,0.5323810577392578,0.2272961139678955,0.2176680564880371,0.2268810272216797
721,0.22259998321533203,0.20743083953857422,0.4822499752044678,0.20816397666931152,0.23383498191833496,0.5154290199279785,0.2076280117034912,0.24147486686706543,0.2425401210784912,0.31864285469055176,0.23892617225646973,0.23252201080322266,0.23490381240844727,0.23587799072265625,0.2506990432739258,0.3171987533569336,0.2250518798828125,0.2389059066772461,0.29718923568725586,0.24085092544555664,0.24876904487609863,0.24147510528564453,0.23714303970336914,0.24504995346069336,0.21127605438232422,0.23363685607910156,0.2099597454071045,0.22292089462280273,0.4846608638763428,0.24496221542358398,0.2365250587463379,0.24058294296264648,0.23248720169067383,0.2250838279724121,0.5442790985107422,0.2178351879119873,0.5317180156707764,0.22300100326538086,0.565026044845581,0.23318219184875488,0.26764702796936035,0.21957826614379883,0.2156658172607422,0.5190877914428711,0.8555319309234619,0.257673978805542,0.24595904350280762,0.2422473430633545,0.2195439338684082,0.2063589096069336
722,0.2286522388458252,0.23152780532836914,0.21251773834228516,0.541161060333252,0.2465217113494873,0.2400360107421875,0.24446606636047363,0.21114492416381836,0.22872281074523926,0.5770740509033203,0.24967503547668457,0.21845412254333496,0.2372751235961914,0.21061420440673828,0.22652912139892578,0.5776488780975342,0.2230210304260254,0.23453903198242188,0.2562680244445801,0.2114708423614502,0.29458189010620117,0.24529671669006348,0.25298213958740234,0.21100497245788574,0.24504518508911133,0.22710323333740234,0.2507359981536865,0.21419024467468262,0.49314308166503906,0.24471092224121094,0.20899415016174316,0.23095393180847168,0.2522928714752197,0.2118840217590332,0.5205371379852295,0.2601299285888672,0.2718789577484131,0.2138059139251709,0.49876904487609863,0.23605990409851074,0.20569229125976562,0.2141120433807373,0.22011303901672363,0.45615530014038086,0.5293178558349609,0.22211599349975586,0.5017731189727783,0.2334611415863037,0.2481222152709961,0.21804380416870117
723,0.23060083389282227,0.22487688064575195,0.5051939487457275,0.2128300666809082,0.21687102317810059,0.20895004272460938,0.2109661102294922,0.2286210060119629,0.23909687995910645,0.5829188823699951,0.23777484893798828,0.21903514862060547,0.22979998588562012,0.23909926414489746,0.20448899269104004,0.5789198875427246,0.22600698471069336,0.23589682579040527,0.5165591239929199,0.22818422317504883,0.4706847667694092,0.2396087646484375,0.2348318099975586,0.2063589096069336,0.24339818954467773,0.20695185661315918,0.2331409454345703,0.22591090202331543,0.499788761138916,0.23603391647338867,0.215742826461792,0.2714991569519043,0.2366330623626709,0.2380819320678711,0.5176749229431152,0.22339582443237305,0.21298003196716309,0.24070501327514648,0.5287210941314697,0.21402192115783691,0.2435450553894043,0.48370981216430664,0.26337504386901855,0.22161293029785156,0.8922610282897949,0.21877813339233398,0.5318031311035156,0.21449017524719238,0.22422194480895996,0.22623586654663086
724,0.2362051010131836,0.20331382751464844,0.8428928852081299,0.4861490726470947,0.23954987525939941,0.2184886932373047,0.22697186470031738,0.23964190483093262,0.2484140396118164,0.2868621349334717,0.23314285278320312,0.2181251049041748,0.5187311172485352,0.2302558422088623,0.21807098388671875,0.2286829948425293,0.20871615409851074,0.23564481735229492,0.518157958984375,0.23688220977783203,0.5007140636444092,0.21087074279785156,0.23423314094543457,0.2244417667388916,0.25674009323120117,0.23791289329528809,0.2063760757446289,0.2117478847503662,0.23507118225097656,0.2128431797027588,0.23942136764526367,0.23892688751220703,0.2110130786895752,0.20746898651123047,0.505424976348877,0.2127077579498291,0.5482101440429688,0.2102339267730713,0.19907212257385254,0.22396016120910645,0.2649869918823242,0.4961709976196289,0.22059011459350586,0.4674570560455322,0.8489980697631836,0.21384096145629883,0.23912501335144043,0.2188558578491211,0.2611701488494873,0.20948100090026855
725,0.2077193260192871,0.21898889541625977,0.8638358116149902,0.232086181640625,0.22767114639282227,0.22084784507751465,0.20604896545410156,0.22229385375976562,0.23300719261169434,0.24238371849060059,0.20950102806091309,0.22040605545043945,0.2815558910369873,0.23604106903076172,0.23018121719360352,0.2660830020904541,0.23316311836242676,0.25079822540283203,0.5496881008148193,0.25426626205444336,0.23118090629577637,0.2282240390777588,0.2117021083831787,0.2115340232849121,0.23186492919921875,0.23555207252502441,0.22965216636657715,0.22942185401916504,0.5061838626861572,0.22450804710388184,0.25023603439331055,0.29186511039733887,0.22959089279174805,0.2485971450805664,0.4969351291656494,0.22543120384216309,0.26541614532470703,0.21306800842285156,0.23716092109680176,0.22545886039733887,0.23255085945129395,0.46717381477355957,0.21494007110595703,0.2106490135192871,1.1711738109588623,0.23714303970336914,0.22224688529968262,0.22741985321044922,0.2210991382598877,0.2490391731262207
726,0.2291710376739502,0.22994375228881836,0.25115227699279785,0.2351701259613037,0.24428701400756836,0.22948575019836426,0.20989990234375,0.22341299057006836,0.23158621788024902,0.303912878036499,0.24153995513916016,0.23242521286010742,0.2078390121459961,0.23649001121520996,0.21886277198791504,0.2842569351196289,0.23281311988830566,0.2329998016357422,0.24053335189819336,0.23103809356689453,0.22318387031555176,0.24245810508728027,0.24097681045532227,0.25101780891418457,0.2422351837158203,0.25098490715026855,0.21222496032714844,0.21394610404968262,0.4953498840332031,0.5321958065032959,0.237213134765625,0.22828006744384766,0.24280285835266113,0.24009108543395996,0.2508411407470703,0.21293282508850098,0.22194409370422363,0.22080421447753906,0.20587682723999023,0.2342991828918457,0.23957490921020508,0.5139670372009277,0.24179506301879883,0.4514961242675781,0.5494704246520996,0.254436731338501,0.26691102981567383,0.2436988353729248,0.24498891830444336,0.23672986030578613
727,0.2196500301361084,0.21012306213378906,0.25049328804016113,0.25178003311157227,0.240936279296875,1.4179131984710693,0.24910211563110352,0.23067593574523926,0.21494293212890625,0.2965419292449951,0.24440312385559082,0.21370196342468262,0.2352311611175537,0.23498773574829102,0.20383405685424805,0.2940371036529541,0.23123693466186523,0.2103869915008545,0.5115587711334229,0.20893597602844238,1.9827868938446045,0.25325512886047363,0.21155595779418945,0.23763680458068848,0.2254171371459961,0.24054694175720215,0.23580503463745117,0.2292020320892334,0.47685933113098145,0.24939489364624023,0.23626279830932617,0.2323460578918457,0.24859094619750977,0.23447108268737793,0.24544215202331543,0.23498797416687012,0.5005748271942139,0.22649192810058594,0.48454999923706055,0.23782825469970703,0.24776291847229004,0.4581031799316406,0.2490220069885254,0.22773313522338867,1.8379950523376465,0.23674511909484863,0.26877593994140625,0.23906707763671875,0.21811723709106445,0.20783615112304688
728,0.20865368843078613,0.24494171142578125,0.39458703994750977,0.47626805305480957,0.2431659698486328,0.4710879325866699,0.5032529830932617,0.22765612602233887,0.23521804809570312,0.2510347366333008,0.2371819019317627,0.21701288223266602,0.5350379943847656,0.25092506408691406,0.23310303688049316,0.8257603645324707,0.2238771915435791,0.2381899356842041,0.5010638236999512,0.23095011711120605,0.2376689910888672,0.22292089462280273,0.23603391647338867,0.2334761619567871,0.2285008430480957,0.23409104347229004,0.20427703857421875,0.22497177124023438,0.2899298667907715,0.23807406425476074,0.23555707931518555,0.21969175338745117,0.23427128791809082,0.2263338565826416,0.5097100734710693,0.20994210243225098,0.3855621814727783,0.24628615379333496,0.23445701599121094,0.2362508773803711,0.22109413146972656,0.4942469596862793,0.23610234260559082,0.23741579055786133,1.5858049392700195,0.2285921573638916,0.21506285667419434,0.21434712409973145,0.21882867813110352,0.20646095275878906
729,0.22273826599121094,0.20881319046020508,0.22531986236572266,0.20639705657958984,0.23010611534118652,0.5148277282714844,0.2370922565460205,0.22225618362426758,0.2467329502105713,0.24936413764953613,0.2359600067138672,0.24222993850708008,0.5173900127410889,0.235184907913208,0.20987391471862793,0.2542142868041992,0.205672025680542,0.23125815391540527,0.47014713287353516,0.20642399787902832,0.4760000705718994,0.21788287162780762,0.23383212089538574,0.23743510246276855,0.2576570510864258,0.23321986198425293,0.22020292282104492,0.22736787796020508,0.2093057632446289,0.22631001472473145,0.23108911514282227,0.4287068843841553,0.2351381778717041,0.21021199226379395,0.48220109939575195,0.2137892246246338,0.49954819679260254,0.21440410614013672,0.486055850982666,0.23389291763305664,0.4903748035430908,0.5106778144836426,0.2330329418182373,0.23911118507385254,0.5502510070800781,0.24270415306091309,0.2389669418334961,0.21816396713256836,0.26346421241760254,0.22448015213012695
730,0.21582674980163574,0.23249411582946777,0.25669312477111816,0.23612117767333984,0.21743321418762207,0.5030949115753174,0.48651599884033203,0.21711063385009766,0.21315288543701172,0.8816258907318115,0.23586487770080566,0.22896289825439453,0.2672700881958008,0.2103891372680664,0.20373821258544922,0.24590277671813965,0.209075927734375,0.2566969394683838,0.22009897232055664,0.22684311866760254,1.6835689544677734,0.2167959213256836,0.2388918399810791,0.21079802513122559,0.2308368682861328,0.20755600929260254,0.22651314735412598,0.2087240219116211,0.22697925567626953,0.24253296852111816,0.22356295585632324,0.21933817863464355,0.23811030387878418,0.25595593452453613,0.4890480041503906,0.23252606391906738,0.23615694046020508,0.22195219993591309,0.22154998779296875,0.24573779106140137,0.23064875602722168,0.49342894554138184,0.24294781684875488,0.4971730709075928,0.8946828842163086,0.2246870994567871,0.2420971393585205,0.2117319107055664,0.24709486961364746,0.22670507431030273
731,0.2285621166229248,0.21180510520935059,0.4862401485443115,0.2202129364013672,0.23511195182800293,0.5483200550079346,0.3068981170654297,0.23247790336608887,0.23279213905334473,0.5313987731933594,0.2364201545715332,0.25706911087036133,0.23439311981201172,0.23694419860839844,0.24073123931884766,0.2536342144012451,0.23797082901000977,0.23265504837036133,0.4738960266113281,0.2245798110961914,0.23206615447998047,0.21111512184143066,0.22969913482666016,0.24385428428649902,0.24190521240234375,0.2446749210357666,0.20963311195373535,0.23242402076721191,0.22549009323120117,0.23562908172607422,0.2353827953338623,0.21645188331604004,0.21200895309448242,0.23726391792297363,0.5606632232666016,0.23859095573425293,0.5630500316619873,0.23887395858764648,0.48473501205444336,0.21260905265808105,0.25269198417663574,0.21676969528198242,0.2683699131011963,0.46088075637817383,0.9029860496520996,0.25673580169677734,0.247528076171875,0.22008395195007324,0.22922921180725098,0.23252201080322266
732,0.2222757339477539,0.21663522720336914,0.2238311767578125,0.5365397930145264,0.24595928192138672,0.5046291351318359,0.48067784309387207,0.22984886169433594,0.23429393768310547,0.5707299709320068,0.24800419807434082,0.2292332649230957,0.23534488677978516,0.23621892929077148,0.21059799194335938,0.24384403228759766,0.24728178977966309,0.23742103576660156,0.5112879276275635,0.20984196662902832,0.23593807220458984,0.22772693634033203,0.2070331573486328,0.23998522758483887,0.2346210479736328,0.21595072746276855,0.2494361400604248,0.21419095993041992,0.22481298446655273,0.2131030559539795,0.24257183074951172,0.2183549404144287,0.23995184898376465,0.23404812812805176,0.25061511993408203,0.25351405143737793,0.23340082168579102,0.24287176132202148,0.2412717342376709,0.23691987991333008,0.46913886070251465,0.5164821147918701,0.24686074256896973,0.31693482398986816,0.5265018939971924,0.20798707008361816,0.45386791229248047,0.23144197463989258,0.24325299263000488,0.20560121536254883
733,0.23128080368041992,0.25223803520202637,0.352618932723999,0.22732305526733398,0.24490094184875488,0.230942964553833,0.48699188232421875,0.20837712287902832,0.22820711135864258,0.24326682090759277,0.20940303802490234,0.24007606506347656,0.5490989685058594,0.2483370304107666,0.23743486404418945,0.2474229335784912,0.24223780632019043,0.23207402229309082,0.5212209224700928,0.2354888916015625,0.4902677536010742,0.2167210578918457,0.25697803497314453,0.2546381950378418,0.25092124938964844,0.2207949161529541,0.2348029613494873,0.24011611938476562,0.5017809867858887,0.22744393348693848,0.2262721061706543,0.21098804473876953,0.22279787063598633,0.23743391036987305,0.54976487159729,0.22252106666564941,0.24071383476257324,0.24104022979736328,0.2566249370574951,0.23410820960998535,0.20771193504333496,0.4857809543609619,0.22284412384033203,0.4997408390045166,0.532357931137085,0.23480796813964844,0.4693870544433594,0.22734785079956055,0.21978187561035156,0.23720884323120117
734,0.2102980613708496,0.23373889923095703,0.4977138042449951,0.22129201889038086,0.22253704071044922,0.20960474014282227,0.21435308456420898,0.23566579818725586,0.22452807426452637,0.262531042098999,0.2389369010925293,0.22341203689575195,0.23771214485168457,0.2386331558227539,0.23204588890075684,0.31320714950561523,0.22220396995544434,0.21041107177734375,0.49939513206481934,0.23517298698425293,0.22570204734802246,0.2211928367614746,0.22614622116088867,0.24292683601379395,0.23504376411437988,0.2217390537261963,0.2089831829071045,0.2130908966064453,0.4978950023651123,0.23708820343017578,0.21576786041259766,0.7732391357421875,0.21486997604370117,0.23484110832214355,0.2533271312713623,0.21856927871704102,0.8337578773498535,0.24015188217163086,0.5000612735748291,0.23791885375976562,0.23698091506958008,0.21651697158813477,0.21679282188415527,0.5009748935699463,1.8629257678985596,0.24153709411621094,0.44588685035705566,0.24299907684326172,0.25238513946533203,0.23142409324645996
735,0.20764732360839844,0.2084488868713379,0.2339770793914795,0.22437715530395508,0.24486494064331055,0.5000519752502441,0.22094178199768066,0.23894882202148438,0.20955705642700195,0.3490867614746094,0.23375487327575684,0.21514129638671875,0.5030479431152344,0.23136305809020996,0.21340680122375488,0.2925548553466797,0.21993374824523926,0.2526538372039795,0.48889803886413574,0.2496340274810791,0.21263909339904785,0.21758794784545898,0.23619318008422852,0.24172306060791016,0.2129058837890625,0.21147584915161133,0.20654511451721191,0.2309269905090332,0.21371889114379883,0.8658900260925293,0.2381269931793213,0.24337482452392578,0.22162818908691406,0.24899888038635254,0.5480661392211914,0.2147200107574463,0.26215076446533203,0.23142504692077637,0.25484204292297363,0.250568151473999,0.26259517669677734,1.0886447429656982,0.25678324699401855,0.3051760196685791,1.8126299381256104,0.23368406295776367,0.2500040531158447,0.25162196159362793,0.22029399871826172,0.22044992446899414
736,0.22040200233459473,0.233551025390625,0.23329401016235352,0.4745008945465088,0.22601914405822754,0.23848485946655273,0.21642684936523438,0.2431807518005371,0.23328614234924316,0.2467188835144043,0.20861196517944336,0.22948813438415527,0.517988920211792,0.2400059700012207,0.2377309799194336,0.5479550361633301,0.20791101455688477,0.23376226425170898,0.6813821792602539,0.20753717422485352,0.23485612869262695,0.2164599895477295,0.2247459888458252,0.23627209663391113,0.2183537483215332,0.2478499412536621,0.22365689277648926,0.2361750602722168,0.4544868469238281,0.25408196449279785,0.21413397789001465,0.25583386421203613,0.2169952392578125,0.21001696586608887,0.5326778888702393,0.2423689365386963,0.5001428127288818,0.23238182067871094,0.49631309509277344,0.23806476593017578,0.2097468376159668,0.5019021034240723,0.23038220405578613,0.4694678783416748,0.5784649848937988,0.2529771327972412,0.2152881622314453,0.22258996963500977,0.24239206314086914,0.2055351734161377
737,0.24096202850341797,0.20686006546020508,0.22770285606384277,0.5197129249572754,0.25640296936035156,0.2081289291381836,0.22485899925231934,0.21360516548156738,0.24076104164123535,0.43105578422546387,0.2477428913116455,0.23328280448913574,1.0894739627838135,0.21031713485717773,0.2033679485321045,0.5782279968261719,0.22835302352905273,0.2432084083557129,0.5073642730712891,0.20951509475708008,0.23583316802978516,0.23855996131896973,0.2091236114501953,0.22352194786071777,0.2391798496246338,0.2300570011138916,0.22848916053771973,0.2079911231994629,0.24370098114013672,0.2034449577331543,0.2077639102935791,0.2635812759399414,0.2381150722503662,0.23947691917419434,0.22454380989074707,0.24371886253356934,0.21618938446044922,0.21546483039855957,0.5171530246734619,0.22485804557800293,0.24312067031860352,0.24287891387939453,0.24151110649108887,0.49732184410095215,0.850740909576416,0.23274517059326172,0.2248849868774414,0.2345411777496338,0.25055813789367676,0.23067188262939453
738,0.20696187019348145,0.24539804458618164,0.457683801651001,0.2740485668182373,0.2208998203277588,0.21456217765808105,0.6472101211547852,0.23147130012512207,0.23322010040283203,0.3094937801361084,0.2341470718383789,0.23082399368286133,0.7487211227416992,0.2472362518310547,0.20821714401245117,0.594383716583252,0.2305741310119629,0.22365808486938477,0.5037269592285156,0.22799015045166016,0.4001617431640625,0.2151949405670166,0.2309112548828125,0.2064650058746338,0.24889397621154785,0.20903706550598145,0.23219776153564453,0.24770379066467285,0.22460103034973145,1.0557711124420166,0.21695423126220703,0.2233879566192627,0.21532988548278809,0.2246088981628418,0.56026291847229,0.245316743850708,0.22541022300720215,0.23659014701843262,0.492279052734375,0.2108926773071289,0.20599102973937988,0.7058529853820801,0.22349286079406738,0.23870277404785156,1.2217731475830078,0.23319411277770996,0.21463489532470703,0.2334911823272705,0.25051093101501465,0.23521089553833008
739,0.23450183868408203,0.2039039134979248,0.20963597297668457,0.2117290496826172,0.21724724769592285,0.22688007354736328,1.385498046875,0.23454904556274414,0.2453291416168213,0.2964050769805908,0.23036813735961914,0.23797869682312012,0.24915099143981934,0.24228215217590332,0.21471214294433594,0.29564595222473145,0.23056507110595703,0.2453927993774414,0.5337080955505371,0.20775198936462402,0.20618200302124023,0.21230006217956543,0.2320237159729004,0.2320108413696289,0.23781490325927734,0.23989510536193848,0.24310302734375,0.23650717735290527,0.2606630325317383,0.19498372077941895,0.23169302940368652,0.24583101272583008,0.21380281448364258,0.21549701690673828,0.22641396522521973,0.22063112258911133,0.2892191410064697,0.21052002906799316,0.45908689498901367,0.2415921688079834,0.208784818649292,0.2133629322052002,0.24432802200317383,0.47428297996520996,0.5440208911895752,0.21337199211120605,0.4688892364501953,0.24430608749389648,0.23705220222473145,0.20981812477111816
740,0.2063312530517578,0.21160602569580078,0.8445079326629639,1.1333329677581787,0.2208569049835205,0.21284008026123047,0.497128963470459,0.20796990394592285,0.2415013313293457,0.5938498973846436,0.20914006233215332,0.2329421043395996,0.20707392692565918,0.2256300449371338,0.2257227897644043,0.5466170310974121,0.219649076461792,0.23826003074645996,0.2764770984649658,0.25031089782714844,0.49120616912841797,0.21612119674682617,0.22693204879760742,0.22349786758422852,0.2345259189605713,0.23845601081848145,0.23087739944458008,0.23885416984558105,0.48827314376831055,0.24623489379882812,0.2488541603088379,0.22362208366394043,0.23797011375427246,0.24735403060913086,0.23654770851135254,0.24740982055664062,0.8094742298126221,0.21456694602966309,0.23067188262939453,0.2506539821624756,0.24342083930969238,0.5164370536804199,0.26204395294189453,0.2704031467437744,0.5688321590423584,0.2346172332763672,0.2320246696472168,0.2216498851776123,0.24643683433532715,0.2455458641052246
741,0.22498583793640137,0.23005914688110352,0.49278688430786133,0.28212499618530273,0.21567606925964355,0.24303364753723145,0.2389829158782959,0.24969720840454102,0.2158949375152588,0.2727949619293213,0.24286818504333496,0.24338364601135254,0.5328021049499512,0.24267315864562988,0.22977399826049805,0.2982640266418457,0.22030305862426758,0.2171788215637207,0.4953620433807373,0.2392289638519287,0.2173314094543457,0.22972989082336426,0.23700499534606934,0.22372198104858398,0.23612165451049805,0.255216121673584,0.2364201545715332,0.22423195838928223,0.5093328952789307,0.2319791316986084,0.237044095993042,0.26406002044677734,0.23993515968322754,0.23388409614562988,0.5314521789550781,0.2229311466217041,0.2626008987426758,0.2324810028076172,0.48163795471191406,0.2343730926513672,0.2255561351776123,0.5254161357879639,0.22950410842895508,0.4861760139465332,0.5345098972320557,0.25187206268310547,0.21142888069152832,0.21509099006652832,0.24035310745239258,0.2101430892944336
742,0.2213289737701416,0.20577001571655273,0.2531239986419678,0.4868957996368408,0.2402360439300537,0.25766777992248535,0.22792792320251465,0.24257111549377441,0.21563482284545898,0.22323989868164062,0.25078606605529785,0.2153918743133545,0.5144262313842773,0.2340528964996338,0.227891206741333,0.23229384422302246,0.23253417015075684,0.21073269844055176,0.47139573097229004,0.23006105422973633,0.5098710060119629,0.2515828609466553,0.8593552112579346,0.2090156078338623,0.22622895240783691,0.22383403778076172,0.23174500465393066,0.229079008102417,0.8204562664031982,0.2088470458984375,0.20821595191955566,0.21215486526489258,0.2516500949859619,0.2369251251220703,0.5615649223327637,0.25953102111816406,0.54740309715271,0.2271890640258789,0.46994805335998535,0.24060583114624023,0.2505478858947754,0.8121991157531738,0.2161710262298584,0.2360060214996338,0.5632500648498535,0.23166513442993164,0.24912095069885254,0.23608088493347168,0.21949005126953125,0.22614669799804688
743,0.21855592727661133,0.24918603897094727,0.2338709831237793,0.5002899169921875,0.23981404304504395,0.2320082187652588,0.21191620826721191,0.23020386695861816,0.22260713577270508,0.23342633247375488,0.23725104331970215,0.24349594116210938,0.2135019302368164,0.24858999252319336,0.21111202239990234,0.5658047199249268,0.22497105598449707,0.22412872314453125,0.47115111351013184,0.23871088027954102,0.21034479141235352,0.23833274841308594,0.2086319923400879,0.2362680435180664,0.2286548614501953,0.21304082870483398,0.20977497100830078,0.25035977363586426,0.46492910385131836,0.21303987503051758,0.22723698616027832,0.21094608306884766,0.23770499229431152,0.23247408866882324,0.24787616729736328,0.2163710594177246,0.23232603073120117,0.28813910484313965,0.4931666851043701,0.23366022109985352,0.5192368030548096,0.4619450569152832,0.24186396598815918,0.25214719772338867,3.0891780853271484,0.24097585678100586,0.474639892578125,0.22362303733825684,0.24220800399780273,0.20592570304870605
744,0.22958588600158691,0.20591306686401367,0.5170879364013672,0.20649981498718262,0.22513389587402344,0.2445230484008789,0.2507479190826416,0.23950624465942383,0.2433161735534668,0.33284687995910645,0.23610973358154297,0.22688627243041992,0.22475481033325195,0.22930908203125,0.22719311714172363,0.23278403282165527,0.21067094802856445,0.23943805694580078,0.5128490924835205,0.21102404594421387,0.810704231262207,0.23332977294921875,0.24887990951538086,0.2505989074707031,0.23872590065002441,0.22618699073791504,0.21925115585327148,0.20933890342712402,0.27636003494262695,0.2212049961090088,0.2066209316253662,0.2180030345916748,0.228560209274292,0.21369600296020508,0.5467019081115723,0.22100472450256348,0.5353488922119141,0.23292088508605957,0.5199737548828125,0.23394417762756348,0.2510709762573242,0.8263149261474609,0.2256457805633545,0.4883861541748047,2.1151938438415527,0.22792696952819824,0.21303081512451172,0.21175289154052734,0.23872900009155273,0.20812082290649414
745,0.23545289039611816,0.23527193069458008,0.2514469623565674,0.511289119720459,0.21449661254882812,0.2074277400970459,0.2941429615020752,0.235975980758667,0.23246312141418457,0.2934741973876953,0.23210597038269043,0.2443408966064453,0.5134611129760742,0.21224308013916016,0.2049727439880371,0.5647239685058594,0.232011079788208,0.2508871555328369,0.2238771915435791,0.2400820255279541,0.822098970413208,0.23360610008239746,0.2349250316619873,0.23384499549865723,0.23976588249206543,0.20749902725219727,0.24060893058776855,0.2054448127746582,0.4963409900665283,0.511491060256958,0.23022198677062988,0.22201085090637207,0.24052715301513672,0.2510526180267334,0.533411979675293,0.2463066577911377,0.2255840301513672,0.21523785591125488,0.8747711181640625,0.24911928176879883,0.23501896858215332,0.5180397033691406,0.24414420127868652,0.4747457504272461,1.2012553215026855,0.24296784400939941,0.5327799320220947,0.23794984817504883,0.24595975875854492,0.2517843246459961
746,0.2348790168762207,0.20369982719421387,0.36594390869140625,0.22191309928894043,0.21633195877075195,0.48882102966308594,1.0339326858520508,0.25011777877807617,0.20872116088867188,0.23557806015014648,0.21042728424072266,0.24299311637878418,0.22899317741394043,0.24384403228759766,0.22294902801513672,0.563201904296875,0.2139418125152588,0.23687291145324707,0.5308787822723389,0.21465587615966797,0.44129014015197754,0.21305298805236816,0.23530292510986328,0.2136399745941162,0.2283799648284912,0.2265338897705078,0.2086629867553711,0.22917509078979492,0.2172679901123047,0.2412550449371338,0.2210710048675537,0.2153637409210205,0.21119904518127441,0.23652291297912598,0.5664091110229492,0.22907185554504395,0.24757599830627441,0.210601806640625,0.47708630561828613,0.21349692344665527,0.2277848720550537,0.8628628253936768,0.22612404823303223,0.23862099647521973,1.1390628814697266,0.2366938591003418,0.25890398025512695,0.23600411415100098,0.2229599952697754,0.23423004150390625
747,0.2252027988433838,0.23213577270507812,0.21447205543518066,0.21105313301086426,0.2372732162475586,0.22756385803222656,0.23787593841552734,0.22960710525512695,0.23132610321044922,0.5370900630950928,0.22510385513305664,0.24112629890441895,0.23558282852172852,0.23247790336608887,0.23495697975158691,0.5313830375671387,0.23972511291503906,0.23949813842773438,0.48946714401245117,0.22519564628601074,0.21062088012695312,0.26949191093444824,0.2086961269378662,0.21774697303771973,0.24205780029296875,0.23521184921264648,0.24556970596313477,0.2064199447631836,0.2715620994567871,0.22033381462097168,0.2175281047821045,0.28179407119750977,0.24542999267578125,0.23374104499816895,0.5225238800048828,0.257871150970459,0.5240359306335449,0.220045804977417,0.5384120941162109,0.23138785362243652,0.49063682556152344,0.5177600383758545,0.2589881420135498,0.47317075729370117,0.886193037033081,0.2125239372253418,0.225477933883667,0.2576460838317871,0.24723196029663086,0.20676136016845703
748,0.22772884368896484,0.23472309112548828,0.4700009822845459,0.24236011505126953,0.2443552017211914,0.22574591636657715,0.5160350799560547,0.20920872688293457,0.20739507675170898,0.2895691394805908,0.21759700775146484,0.2332322597503662,0.23616290092468262,0.25052499771118164,0.2366330623626709,0.5535588264465332,0.210798978805542,0.22103500366210938,0.48775196075439453,0.21168994903564453,0.46492910385131836,0.245697021484375,0.22812104225158691,0.22895002365112305,0.2482287883758545,0.23355984687805176,0.21005797386169434,0.25473713874816895,0.48851585388183594,0.2214357852935791,0.2183070182800293,0.22081899642944336,0.24318480491638184,0.23451519012451172,0.2520260810852051,0.2248237133026123,0.8535840511322021,0.2292919158935547,0.23164796829223633,0.23938727378845215,0.21203017234802246,0.8332538604736328,0.19936084747314453,0.22330117225646973,1.1330029964447021,0.2112739086151123,0.23158693313598633,0.25192904472351074,0.24779319763183594,0.23169779777526855
749,0.20555520057678223,0.2177290916442871,0.48511385917663574,0.21793103218078613,0.23143982887268066,0.3178842067718506,0.24355316162109375,0.21182489395141602,0.2513890266418457,0.546546220779419,0.22171902656555176,0.2146930694580078,0.20838665962219238,0.24341893196105957,0.20514798164367676,0.30481910705566406,0.23025083541870117,0.2155308723449707,0.47922182083129883,0.2312180995941162,0.21069908142089844,0.2522130012512207,0.2080090045928955,0.22365999221801758,0.2357192039489746,0.2444460391998291,0.22746992111206055,0.23202013969421387,0.4811410903930664,0.21367383003234863,0.2258141040802002,0.21497392654418945,0.22326302528381348,0.23778104782104492,0.5654106140136719,0.24188590049743652,0.24331903457641602,0.23368310928344727,0.4672250747680664,0.23549890518188477,0.22298502922058105,0.4949219226837158,0.22350215911865234,0.4801909923553467,0.8754141330718994,0.2318100929260254,0.21888208389282227,0.2218160629272461,0.23778104782104492,0.20861482620239258
750,0.2129380702972412,0.22847723960876465,0.21415090560913086,0.22954797744750977,0.23793363571166992,0.22648191452026367,0.232940673828125,0.23175668716430664,0.234511137008667,0.2430732250213623,0.22009921073913574,0.23356318473815918,0.2490239143371582,0.2222309112548828,0.23275375366210938,0.24903297424316406,0.23568391799926758,0.2532200813293457,0.5083668231964111,0.2240922451019287,0.4745211601257324,0.24113178253173828,0.23970985412597656,0.2292311191558838,0.21253514289855957,0.2219219207763672,0.20611095428466797,0.2385120391845703,0.2180328369140625,0.9060368537902832,0.22768115997314453,0.24767184257507324,0.21527671813964844,0.2471311092376709,0.2536129951477051,0.2160649299621582,0.2505948543548584,0.22986316680908203,1.1067390441894531,0.24981093406677246,0.24440598487854004,0.8626270294189453,0.24870824813842773,0.4933929443359375,0.5511398315429688,0.2423539161682129,0.5056891441345215,0.21402812004089355,0.2195730209350586,0.22509312629699707
751,0.22473907470703125,0.23609304428100586,0.21460795402526855,0.5185461044311523,0.23079991340637207,0.227492094039917,0.2691378593444824,0.2500159740447998,0.24149203300476074,0.2737460136413574,0.2133328914642334,0.2469038963317871,0.23712396621704102,0.2161259651184082,0.22841501235961914,0.23040103912353516,0.20673418045043945,0.24094009399414062,0.48533129692077637,0.22755193710327148,0.4815659523010254,0.23110604286193848,0.24813103675842285,0.2116837501525879,0.2262101173400879,0.2298290729522705,0.2094132900238037,0.2330019474029541,0.22649812698364258,0.2126781940460205,0.22286200523376465,0.27472615242004395,0.2193470001220703,0.21323490142822266,0.23013091087341309,0.22603082656860352,0.2174391746520996,0.2111339569091797,0.6780490875244141,0.2281360626220703,0.48716068267822266,0.522442102432251,0.22217488288879395,0.24790191650390625,0.9575910568237305,0.24285602569580078,0.2269878387451172,0.21194720268249512,0.24538278579711914,0.21562480926513672
752,0.2359461784362793,0.23530912399291992,0.22359204292297363,0.4864819049835205,0.23204994201660156,0.2278881072998047,0.2726891040802002,0.2384779453277588,0.23203015327453613,0.8417031764984131,0.24606108665466309,0.2421550750732422,0.5319280624389648,0.2115790843963623,0.20343399047851562,0.23660492897033691,0.22580385208129883,0.2337179183959961,0.21149992942810059,0.20740914344787598,0.5304238796234131,0.2538130283355713,0.23848915100097656,0.22764968872070312,0.25963878631591797,0.2052018642425537,0.2475578784942627,0.21091413497924805,0.2100510597229004,0.2266542911529541,0.20841622352600098,0.212158203125,0.23378419876098633,0.23052024841308594,0.5511128902435303,0.25674009323120117,0.3116919994354248,0.22238826751708984,0.47173500061035156,0.21571087837219238,0.2382047176361084,0.5014400482177734,0.5017879009246826,0.2127361297607422,0.5950009822845459,0.23945307731628418,0.2610931396484375,0.23867321014404297,0.22159099578857422,0.23141193389892578
753,0.21311616897583008,0.22374200820922852,0.2143230438232422,0.8104758262634277,0.22101807594299316,0.21175670623779297,0.24158406257629395,0.23525309562683105,0.2369379997253418,0.5478909015655518,0.23656296730041504,0.22284388542175293,0.24406886100769043,0.2299790382385254,0.21495389938354492,0.23252105712890625,0.2298109531402588,0.23801016807556152,0.5146257877349854,0.237091064453125,0.5610249042510986,0.2288646697998047,0.24068880081176758,0.20610523223876953,0.24947214126586914,0.22205710411071777,0.20418405532836914,0.25374794006347656,0.21054482460021973,0.25324201583862305,0.2109999656677246,0.22255897521972656,0.21990704536437988,0.24224495887756348,0.5040218830108643,0.2380380630493164,0.21953201293945312,0.23260807991027832,0.4575510025024414,0.20762419700622559,0.4980030059814453,0.5039231777191162,0.24539875984191895,0.24336481094360352,1.1013128757476807,0.2268662452697754,0.5007100105285645,0.2121877670288086,0.24758601188659668,0.23649311065673828
754,0.2311999797821045,0.2045581340789795,0.8038661479949951,0.2307901382446289,0.23806214332580566,0.2280590534210205,0.23252511024475098,0.23319029808044434,0.2496931552886963,0.25788402557373047,0.20760226249694824,0.21999311447143555,0.5126421451568604,0.22300505638122559,0.23278379440307617,0.5620467662811279,0.20871186256408691,0.22832298278808594,0.5332019329071045,0.24088430404663086,0.24137282371520996,0.21407008171081543,0.5068349838256836,0.2507591247558594,0.23824095726013184,0.22247076034545898,0.24132823944091797,0.22775888442993164,0.26417994499206543,0.24011683464050293,0.23065185546875,0.2363109588623047,0.2124950885772705,0.23273921012878418,0.2432420253753662,0.22243595123291016,0.25238704681396484,0.21064496040344238,0.24116110801696777,0.22738194465637207,0.24524307250976562,0.5015208721160889,0.22347688674926758,0.4956960678100586,2.205688714981079,0.21233510971069336,0.3460707664489746,0.22453880310058594,0.23750686645507812,0.23615789413452148
755,0.2069711685180664,0.22654366493225098,0.24111294746398926,0.45842790603637695,0.2304067611694336,0.2083446979522705,0.22887110710144043,0.20853495597839355,0.2358388900756836,0.5784308910369873,0.22138714790344238,0.2162179946899414,0.4998147487640381,0.21521902084350586,0.20594477653503418,0.8136100769042969,0.2314467430114746,0.2286379337310791,0.5487558841705322,0.24810218811035156,0.8114268779754639,0.24085712432861328,0.21570920944213867,0.20903611183166504,0.23105406761169434,0.21439480781555176,0.23305177688598633,0.2403881549835205,0.2408139705657959,0.5151758193969727,0.22562408447265625,0.22492027282714844,0.21080589294433594,0.2487330436706543,0.496906042098999,0.24517083168029785,0.5660507678985596,0.21477508544921875,1.2136669158935547,0.22311615943908691,0.5074379444122314,0.21355080604553223,0.2337632179260254,0.5187828540802002,1.1602323055267334,0.24490690231323242,0.24970483779907227,0.214339017868042,0.24527311325073242,0.22188115119934082
756,0.22697997093200684,0.21509814262390137,0.23182201385498047,0.2356250286102295,0.2413499355316162,0.2255549430847168,0.21964526176452637,0.25377607345581055,0.20597386360168457,0.5191240310668945,0.23147797584533691,0.2346818447113037,0.8315708637237549,0.21871376037597656,0.2504262924194336,0.5939488410949707,0.20852303504943848,0.2094879150390625,0.25260472297668457,0.24094915390014648,0.8528218269348145,0.23522281646728516,0.23884010314941406,0.23187804222106934,0.23935890197753906,0.24426889419555664,0.23015999794006348,0.23522210121154785,0.5160861015319824,0.24203276634216309,0.22861266136169434,0.5505411624908447,0.2363746166229248,0.23873686790466309,0.5140609741210938,0.23519492149353027,0.22667980194091797,0.23253488540649414,0.8162219524383545,0.23328208923339844,0.22138071060180664,0.8666980266571045,0.24086308479309082,0.40697407722473145,8.33586311340332,0.24755620956420898,0.5171492099761963,0.22398591041564941,0.2227768898010254,0.23203730583190918
757,0.22125720977783203,0.23131513595581055,1.1764190196990967,0.23447108268737793,0.24369096755981445,0.233320951461792,0.22462201118469238,0.23654389381408691,0.2094111442565918,0.3076331615447998,0.2506539821624756,0.2144298553466797,0.5012321472167969,0.226240873336792,0.20424818992614746,0.5715429782867432,0.2451777458190918,0.21749305725097656,0.22865009307861328,0.22706317901611328,0.20972299575805664,0.2505359649658203,0.20984506607055664,0.2088179588317871,0.21185612678527832,0.2085130214691162,0.22045493125915527,0.23690509796142578,0.518848180770874,0.23880314826965332,0.21036195755004883,0.24862217903137207,0.2506139278411865,0.2345600128173828,0.548288106918335,0.24035882949829102,0.5276050567626953,0.3007330894470215,0.48433613777160645,0.2362358570098877,0.48949193954467773,0.6303431987762451,0.22684812545776367,0.23958182334899902,1.5340380668640137,0.23827886581420898,0.5336730480194092,0.23059582710266113,0.21889710426330566,0.20622611045837402
758,0.21229910850524902,0.2509758472442627,0.5201590061187744,0.23798799514770508,0.2410421371459961,0.23554015159606934,0.21350693702697754,0.23634600639343262,0.23128604888916016,0.31819796562194824,0.24151968955993652,0.2174091339111328,0.2353992462158203,0.2529168128967285,0.23340106010437012,0.9292867183685303,0.20764803886413574,0.22368788719177246,0.4538712501525879,0.23272132873535156,0.84505295753479,0.2350449562072754,0.24216294288635254,0.23063397407531738,0.24776792526245117,0.23306632041931152,0.20800113677978516,0.2503368854522705,0.2381119728088379,0.19807791709899902,0.2195451259613037,0.24898195266723633,0.23638606071472168,0.21435189247131348,0.26505303382873535,0.21659183502197266,0.21905994415283203,0.24429726600646973,0.48779797554016113,0.23679685592651367,0.48096776008605957,1.4158470630645752,0.5173711776733398,0.22295284271240234,2.186721086502075,0.23683691024780273,0.5025670528411865,0.22086405754089355,0.24686789512634277,0.23681306838989258
759,0.23035693168640137,0.23650598526000977,0.48726987838745117,0.2341020107269287,0.22492289543151855,0.2223961353302002,1.163952112197876,0.2359790802001953,0.22498607635498047,0.24861693382263184,0.2305140495300293,0.2167518138885498,0.2342357635498047,0.21049189567565918,0.2049269676208496,0.5504138469696045,0.20888185501098633,0.21613597869873047,0.5123388767242432,0.21367383003234863,0.23332715034484863,0.23579120635986328,0.23846793174743652,0.22545409202575684,0.23909997940063477,0.23152685165405273,0.23962020874023438,0.22885775566101074,0.22139286994934082,0.21532487869262695,0.20560407638549805,0.2230992317199707,0.23538613319396973,0.22302794456481934,0.24805307388305664,0.2433488368988037,0.24528264999389648,0.21550607681274414,0.4390981197357178,0.23333406448364258,0.20434093475341797,0.5344040393829346,0.2428910732269287,0.24377107620239258,3.6482651233673096,0.22566509246826172,0.6297059059143066,0.21195697784423828,0.2641010284423828,0.23593711853027344
760,0.2103288173675537,0.2086639404296875,0.24440908432006836,0.5019078254699707,0.2149960994720459,0.21407699584960938,0.21956086158752441,0.23816800117492676,0.23107194900512695,0.8640270233154297,0.23844599723815918,0.2230362892150879,0.22373008728027344,0.2201850414276123,0.21010899543762207,0.5495438575744629,0.23205137252807617,0.2378559112548828,0.48918604850769043,0.25333118438720703,0.8254399299621582,0.22355890274047852,0.2255699634552002,0.22709202766418457,0.23681187629699707,0.2069540023803711,0.230665922164917,0.20939111709594727,0.5159182548522949,0.24762487411499023,0.2299342155456543,0.3008592128753662,0.22965121269226074,0.2526369094848633,0.5329000949859619,0.22319793701171875,0.2292013168334961,0.22011613845825195,0.23046278953552246,0.2268848419189453,0.23324298858642578,0.5026943683624268,0.2575380802154541,0.509680986404419,5.369048833847046,0.2401731014251709,0.2448580265045166,0.21362900733947754,0.22182774543762207,0.25249600410461426
761,0.22997808456420898,0.20559310913085938,0.1967329978942871,0.28568124771118164,0.2448279857635498,0.24578380584716797,0.22894811630249023,0.2442309856414795,0.23483896255493164,0.8035860061645508,0.22939491271972656,0.2584860324859619,0.221451997756958,0.23657703399658203,0.24015402793884277,0.300386905670166,0.23366022109985352,0.2164311408996582,0.5453848838806152,0.2355499267578125,0.2344222068786621,0.2239060401916504,0.2154691219329834,0.2067418098449707,0.22795796394348145,0.22469472885131836,0.2087690830230713,0.2134552001953125,0.49805307388305664,0.8338539600372314,0.23816919326782227,0.2632639408111572,0.2159440517425537,0.21770977973937988,0.5214858055114746,0.24823594093322754,0.23474884033203125,0.21239304542541504,1.3665461540222168,0.2338240146636963,0.2329866886138916,0.5172820091247559,0.23057198524475098,0.4870870113372803,0.5817890167236328,0.23067808151245117,0.22293710708618164,0.2259540557861328,0.24708008766174316,0.23589491844177246
762,0.25122594833374023,0.2313551902770996,0.5424089431762695,0.5134961605072021,0.2384650707244873,0.5205941200256348,0.2098839282989502,0.23341608047485352,0.23811793327331543,0.31391096115112305,0.22440075874328613,0.23368382453918457,0.5115518569946289,0.23208880424499512,0.22594118118286133,0.8164212703704834,0.2235410213470459,0.21677803993225098,0.5500948429107666,0.2372889518737793,0.49228978157043457,0.2535521984100342,0.23850226402282715,0.23482680320739746,0.24013781547546387,0.23255491256713867,0.2522571086883545,0.22390007972717285,0.4941732883453369,0.24336576461791992,0.23296689987182617,1.5380852222442627,0.2514989376068115,0.23616290092468262,0.255720853805542,0.23737072944641113,0.3109421730041504,0.21547603607177734,0.8098390102386475,0.23612093925476074,0.2933492660522461,0.8628478050231934,0.2368309497833252,0.5080997943878174,1.5537488460540771,0.2249290943145752,0.2591559886932373,0.31276488304138184,0.25792932510375977,0.23601388931274414
763,0.20816302299499512,0.25026392936706543,0.4867100715637207,1.5182468891143799,0.21531915664672852,0.23171615600585938,0.24784207344055176,0.21018171310424805,0.20584416389465332,0.3279097080230713,0.2400832176208496,0.2330479621887207,0.24469709396362305,0.26012086868286133,0.20510387420654297,0.23119783401489258,0.2315361499786377,0.2092139720916748,0.22800588607788086,0.2330946922302246,1.0795280933380127,0.21991705894470215,0.2184910774230957,0.22620797157287598,0.24935603141784668,0.2442307472229004,0.23042011260986328,0.23026180267333984,0.4930298328399658,0.2274150848388672,0.2390592098236084,0.24128079414367676,0.23072099685668945,0.2241039276123047,0.5475671291351318,0.21764707565307617,0.2589230537414551,0.23571515083312988,0.5044112205505371,0.23936724662780762,0.2927548885345459,0.23393487930297852,0.3097867965698242,0.4729800224304199,8.001806020736694,0.24346709251403809,1.4889230728149414,0.303577184677124,277.13476300239563,0.2339770793914795
764,0.20546793937683105,0.20696806907653809,0.22508001327514648,0.5439682006835938,0.2199697494506836,0.4486260414123535,0.4923131465911865,0.21152687072753906,0.25185298919677734,0.25098395347595215,0.2382209300994873,0.21357202529907227,0.22433018684387207,0.22160792350769043,0.2046518325805664,0.23238706588745117,0.23518610000610352,0.21607708930969238,0.23505377769470215,0.238936185836792,0.5418832302093506,0.22283196449279785,0.20958614349365234,0.22891902923583984,0.23467087745666504,0.254986047744751,0.21092700958251953,0.2264399528503418,0.22067618370056152,0.24271011352539062,0.23560380935668945,0.8184208869934082,0.23653697967529297,0.23120594024658203,0.2551450729370117,0.2175447940826416,0.21618103981018066,0.22270703315734863,0.8516302108764648,0.2272796630859375,0.3067188262939453,0.5338230133056641,0.22179102897644043,0.5124897956848145,1.20047926902771,0.2348308563232422,0.23432612419128418,0.33367085456848145,0.2520899772644043,0.23047709465026855
765,0.23983001708984375,0.2320568561553955,0.21334290504455566,0.5146360397338867,0.21783709526062012,0.23086094856262207,0.22975707054138184,0.2307119369506836,0.23623418807983398,0.29781389236450195,0.23289108276367188,0.2346181869506836,0.21389198303222656,0.21613216400146484,0.23357796669006348,0.23732399940490723,0.23633718490600586,0.2553250789642334,0.4954979419708252,0.2486860752105713,0.23766708374023438,0.2439868450164795,0.21410799026489258,0.21085786819458008,0.2128281593322754,0.21597003936767578,0.221937894821167,0.24098825454711914,0.24357295036315918,0.23985004425048828,0.25060200691223145,0.21864914894104004,0.23732304573059082,0.22611713409423828,0.23900699615478516,0.2085881233215332,0.22221016883850098,0.2116260528564453,0.48107290267944336,0.2604238986968994,0.32085394859313965,0.5026140213012695,0.23500585556030273,0.4997670650482178,1.8357717990875244,0.2293708324432373,0.22666215896606445,0.31583070755004883,0.22696805000305176,0.222182035446167
766,0.23412013053894043,0.20998883247375488,0.8198812007904053,0.5334420204162598,0.21908783912658691,0.23854494094848633,0.24927377700805664,0.25224900245666504,0.235443115234375,0.2986576557159424,0.23863983154296875,0.25522422790527344,0.23096609115600586,0.21897077560424805,0.22495174407958984,0.2555429935455322,0.20722198486328125,0.23619818687438965,0.47103118896484375,0.2077178955078125,0.23560500144958496,0.23579907417297363,0.23179888725280762,0.230118989944458,0.23503899574279785,0.238569974899292,0.22219586372375488,0.2230231761932373,0.3192727565765381,0.24265313148498535,0.23163819313049316,0.24846386909484863,0.23608088493347168,0.20705103874206543,0.5291070938110352,0.21988892555236816,0.2361140251159668,0.22429323196411133,0.20902299880981445,0.2261049747467041,0.34243202209472656,0.4739871025085449,0.2474050521850586,0.51503586769104,0.2560691833496094,0.2589750289916992,0.2310810089111328,0.3016960620880127,0.22258901596069336,0.213914155960083
767,0.24567103385925293,0.2308948040008545,0.2260291576385498,0.5337631702423096,0.23154902458190918,0.2342829704284668,0.2068638801574707,0.23631882667541504,0.20778322219848633,0.33087611198425293,0.24980711936950684,0.22915077209472656,0.24906492233276367,0.2105262279510498,0.20368003845214844,0.3070991039276123,0.2559061050415039,0.2332451343536377,1.4302411079406738,0.21040606498718262,0.23812603950500488,0.24577784538269043,0.2505302429199219,0.2104020118713379,0.23584699630737305,0.2062828540802002,0.24271297454833984,0.20938587188720703,2.4058661460876465,0.23536396026611328,0.2082200050354004,0.8651566505432129,0.25067996978759766,0.22333383560180664,0.3968851566314697,0.2355489730834961,0.4808039665222168,0.21694707870483398,0.5397689342498779,0.2326982021331787,0.2264389991760254,0.4557149410247803,0.5013751983642578,0.5208210945129395,9.026742696762085,0.22427582740783691,0.8521170616149902,0.23731303215026855,0.25039172172546387,0.22870612144470215
768,0.23642492294311523,0.2201831340789795,0.5300960540771484,0.8232378959655762,0.24843406677246094,0.519402027130127,1.3204312324523926,0.23424673080444336,0.23028087615966797,0.29770493507385254,0.23646807670593262,0.2414839267730713,0.8157079219818115,0.229262113571167,0.22547507286071777,0.5282890796661377,0.23319602012634277,0.23530817031860352,0.5772898197174072,0.22060513496398926,0.24587011337280273,0.21155905723571777,0.23704099655151367,0.22130799293518066,0.2528040409088135,0.2127230167388916,0.24521923065185547,0.2331099510192871,0.4801661968231201,0.19799017906188965,0.23719501495361328,0.2943282127380371,0.21287798881530762,0.21996784210205078,0.5297451019287109,0.2139441967010498,0.2537200450897217,0.2317979335784912,0.2423999309539795,0.21252894401550293,0.2284069061279297,0.5321910381317139,0.24653005599975586,0.5011119842529297,0.25370216369628906,0.21324896812438965,0.2531719207763672,0.23150014877319336,0.2457590103149414,0.2095959186553955
769,0.23628687858581543,0.20598125457763672,0.2355659008026123,0.23877811431884766,0.219404935836792,0.23629283905029297,0.5168139934539795,0.23305082321166992,0.22604107856750488,0.3013150691986084,0.20825600624084473,0.22657990455627441,0.20933079719543457,0.23338699340820312,0.2148590087890625,0.23990082740783691,0.23620891571044922,0.23958516120910645,0.48815011978149414,0.21689891815185547,0.20797085762023926,0.22892117500305176,0.23152494430541992,0.22658586502075195,0.23659992218017578,0.23298907279968262,0.21686387062072754,0.22617292404174805,0.5180668830871582,0.2227170467376709,0.23898887634277344,0.22198772430419922,0.2256631851196289,0.21850895881652832,0.232313871383667,0.23047614097595215,0.246567964553833,0.26343703269958496,0.46684813499450684,0.24303007125854492,0.20852088928222656,0.49225711822509766,0.22676801681518555,0.5134520530700684,0.24799394607543945,0.21753907203674316,0.48928093910217285,0.2296760082244873,0.2428271770477295,0.2330322265625
770,0.2098841667175293,0.22899699211120605,0.21191716194152832,0.25235509872436523,0.2202749252319336,0.2283768653869629,0.4827108383178711,0.20832300186157227,0.22710084915161133,0.2924520969390869,0.23421525955200195,0.21523690223693848,0.506821870803833,0.23019981384277344,0.230665922164917,0.22756099700927734,0.23972797393798828,0.245391845703125,1.1391019821166992,0.24406003952026367,0.491117000579834,0.21985197067260742,0.24230194091796875,0.2073061466217041,0.23009395599365234,0.23350095748901367,0.22166204452514648,0.24107813835144043,0.5081789493560791,0.21948504447937012,0.24915719032287598,0.24802303314208984,0.2243359088897705,0.23691391944885254,0.2538487911224365,0.23912978172302246,0.2233569622039795,0.21859192848205566,0.4985799789428711,0.24236488342285156,0.2257089614868164,1.1389880180358887,0.42825984954833984,0.47611498832702637,2.180934190750122,0.2417159080505371,0.22992300987243652,0.22346711158752441,0.2437586784362793,0.25122809410095215
771,0.21172118186950684,0.2063291072845459,0.2349081039428711,0.23377394676208496,0.215986967086792,0.2088489532470703,0.384753942489624,0.2552933692932129,0.2068331241607666,0.5698668956756592,0.23950624465942383,0.23222994804382324,0.5102529525756836,0.21448993682861328,0.22060704231262207,0.5798749923706055,0.23186683654785156,0.21058106422424316,0.5021858215332031,0.2376117706298828,0.2366189956665039,0.21531224250793457,0.844160795211792,0.23424005508422852,0.2363741397857666,0.22588491439819336,0.20446085929870605,0.235504150390625,0.5131051540374756,0.2188100814819336,0.23757481575012207,0.7194712162017822,0.2427978515625,0.2269299030303955,0.2579810619354248,0.22459793090820312,0.5033631324768066,0.21706891059875488,0.5021266937255859,0.2407999038696289,0.24376583099365234,0.4879758358001709,0.22207403182983398,0.4619870185852051,4.0929038524627686,0.22272992134094238,0.5089600086212158,0.2145099639892578,0.22135186195373535,0.23415207862854004
772,0.22845888137817383,0.2347431182861328,0.28394389152526855,0.23618197441101074,0.2336280345916748,0.21660995483398438,0.2500729560852051,0.23522520065307617,0.2381141185760498,0.28352880477905273,0.2505059242248535,0.21556520462036133,0.23209810256958008,0.21622800827026367,0.2357931137084961,0.2821810245513916,0.24097681045532227,0.23824310302734375,0.47574806213378906,0.23421692848205566,0.24003314971923828,0.23974108695983887,0.24630093574523926,0.241044282913208,0.21460294723510742,0.2308952808380127,0.22323918342590332,0.23675203323364258,0.5159139633178711,0.44344019889831543,0.23227691650390625,0.21573185920715332,0.247467041015625,0.23391294479370117,0.5318019390106201,0.23329377174377441,0.240645170211792,0.22182703018188477,0.46376895904541016,0.23691916465759277,0.22786593437194824,1.0208837985992432,0.2487030029296875,0.5017871856689453,14.753853797912598,0.2132880687713623,0.2683289051055908,0.22661709785461426,0.22069811820983887,0.20712900161743164
773,0.22938919067382812,0.22223711013793945,0.2290642261505127,0.23838114738464355,0.21660709381103516,0.4836757183074951,0.2764699459075928,0.23636126518249512,0.20789194107055664,1.1092579364776611,0.23570895195007324,0.24432086944580078,0.27477216720581055,0.23885583877563477,0.23482799530029297,0.29262590408325195,0.20645904541015625,0.2356281280517578,0.460906982421875,0.22771501541137695,0.23435306549072266,0.24359893798828125,0.23003005981445312,0.24731206893920898,0.24933195114135742,0.2361748218536377,0.2164320945739746,0.2483229637145996,0.4695098400115967,0.6001760959625244,0.21172308921813965,0.5582480430603027,0.2346489429473877,0.20788288116455078,0.22789788246154785,0.24239206314086914,0.5165269374847412,0.23076391220092773,0.8994300365447998,0.23620295524597168,0.22180390357971191,0.51839280128479,0.22472691535949707,0.5207347869873047,0.2546231746673584,0.2615339756011963,0.2481391429901123,0.21102595329284668,0.24027395248413086,0.22942686080932617
774,0.21042990684509277,0.23317909240722656,0.2418959140777588,0.5182228088378906,0.21521401405334473,0.5434370040893555,0.2068181037902832,0.23805904388427734,0.2478940486907959,0.2612721920013428,0.23508572578430176,0.23602008819580078,0.5023999214172363,0.20883893966674805,0.2045271396636963,0.5489108562469482,0.22864413261413574,0.2366652488708496,0.4714548587799072,0.2080860137939453,0.22433900833129883,0.23365187644958496,0.20834612846374512,0.23788213729858398,0.23156118392944336,0.20627808570861816,0.22765398025512695,0.20961785316467285,0.49277806282043457,0.21973395347595215,0.20776128768920898,0.2400226593017578,0.24021196365356445,0.23070287704467773,0.5022048950195312,0.22287368774414062,0.8244478702545166,0.22502398490905762,0.491166353225708,0.22312498092651367,0.2183070182800293,0.4799621105194092,0.24353694915771484,0.5014252662658691,2.875670909881592,0.2062828540802002,0.5164837837219238,0.2549779415130615,0.24724817276000977,0.22022700309753418
775,0.22934174537658691,0.20614075660705566,0.5005600452423096,0.2790210247039795,0.21807217597961426,0.23337793350219727,0.22516703605651855,0.23418593406677246,0.23800230026245117,0.28305482864379883,0.23356223106384277,0.23624682426452637,0.8636832237243652,0.21268820762634277,0.23243379592895508,0.5992240905761719,0.2374410629272461,0.24955224990844727,0.2289888858795166,0.2371072769165039,0.2765491008758545,0.22712302207946777,0.21269798278808594,0.21412301063537598,0.22944116592407227,0.22821402549743652,0.20847010612487793,0.23490595817565918,0.4817838668823242,0.23067426681518555,0.23384714126586914,0.2228248119354248,0.22512221336364746,0.22993206977844238,0.2384171485900879,0.24463796615600586,0.5033881664276123,0.2334749698638916,0.4700438976287842,0.2277359962463379,0.2147839069366455,0.5025012493133545,0.49921584129333496,0.5162181854248047,0.8955881595611572,0.2337510585784912,0.8521850109100342,0.23635411262512207,0.2377469539642334,0.23155593872070312
776,0.20952296257019043,0.20691800117492676,0.23503994941711426,0.22727608680725098,0.2182321548461914,0.21184897422790527,0.5315861701965332,0.2487959861755371,0.2338101863861084,0.2805156707763672,0.20909428596496582,0.25568509101867676,0.2385869026184082,0.23252415657043457,0.2272489070892334,0.5818090438842773,0.2355029582977295,0.23526597023010254,0.47376585006713867,0.21338891983032227,0.22532987594604492,0.21385502815246582,0.23632574081420898,0.22553586959838867,0.21689605712890625,0.23467803001403809,0.23737764358520508,0.23010826110839844,0.4999089241027832,0.20914983749389648,0.21701717376708984,0.26036787033081055,0.2131180763244629,0.21967196464538574,0.2760751247406006,0.22543001174926758,0.24133801460266113,0.2115950584411621,0.48879528045654297,0.21271204948425293,0.22359585762023926,0.82163405418396,0.21766281127929688,0.48325610160827637,0.2246079444885254,0.22866296768188477,0.2465531826019287,0.22366905212402344,0.23188495635986328,0.23183703422546387
777,0.24539804458618164,0.23135685920715332,0.22998690605163574,0.21975207328796387,0.23389291763305664,0.24018096923828125,0.23897409439086914,0.20871901512145996,0.23136615753173828,0.2824256420135498,0.2532660961151123,0.21724700927734375,0.4841179847717285,0.23705792427062988,0.22942709922790527,0.23721003532409668,0.2539350986480713,0.23575592041015625,0.594336986541748,0.23187518119812012,0.20693612098693848,0.25642895698547363,0.24840402603149414,0.2435619831085205,0.21721100807189941,0.223160982131958,0.2523078918457031,0.21442914009094238,0.5234429836273193,0.8676149845123291,0.22835302352905273,0.20611810684204102,0.2564828395843506,0.2292921543121338,0.5167310237884521,0.23308110237121582,0.5139279365539551,0.24165081977844238,0.4831430912017822,0.2314927577972412,0.22095513343811035,1.0582830905914307,0.23699474334716797,0.49932384490966797,1.5019299983978271,0.22043204307556152,0.24072575569152832,0.21809101104736328,0.24441289901733398,0.23590707778930664
778,0.2091059684753418,0.22313976287841797,0.4079549312591553,0.22405004501342773,0.21824383735656738,0.21480011940002441,0.23680520057678223,0.23752093315124512,0.2074289321899414,0.36205291748046875,0.23579788208007812,0.21941304206848145,0.25263309478759766,0.24895000457763672,0.209334135055542,0.32280516624450684,0.23554182052612305,0.20927906036376953,0.30219197273254395,0.2371504306793213,0.21291637420654297,0.23537182807922363,0.24035882949829102,0.24122023582458496,0.23847603797912598,0.21184182167053223,0.22934508323669434,0.23556303977966309,0.2046818733215332,0.2553389072418213,0.23970913887023926,0.5533638000488281,0.23613190650939941,0.2046351432800293,0.24189400672912598,0.21514201164245605,0.5121519565582275,0.25392627716064453,0.21620512008666992,0.23891091346740723,0.2257390022277832,1.79384183883667,0.48397088050842285,0.5046460628509521,0.2560420036315918,0.23474669456481934,0.4973289966583252,0.22080683708190918,0.23782610893249512,0.23580503463745117
779,0.20871591567993164,0.23119306564331055,0.23830008506774902,0.2124919891357422,0.2206709384918213,0.20902705192565918,0.23267006874084473,0.24942922592163086,0.22780394554138184,0.33779406547546387,0.2373371124267578,0.217055082321167,0.8085811138153076,0.23804211616516113,0.23296260833740234,0.2795279026031494,0.2352139949798584,0.23708295822143555,0.4848058223724365,0.23592805862426758,0.23748993873596191,0.22789692878723145,0.48548293113708496,0.21168804168701172,0.23221993446350098,0.23046612739562988,0.21271395683288574,0.21897482872009277,0.5178442001342773,0.23043203353881836,0.23518776893615723,0.7946529388427734,0.23464202880859375,0.23307490348815918,0.5360839366912842,0.20935487747192383,0.23381400108337402,0.22939085960388184,0.47368407249450684,0.23417878150939941,0.2119748592376709,0.49739694595336914,0.22044897079467773,0.5007338523864746,0.2478792667388916,0.2387552261352539,0.2189488410949707,0.2323009967803955,0.23613905906677246,0.2073230743408203
780,0.2299048900604248,0.20773792266845703,0.8430037498474121,0.27205991744995117,0.21717405319213867,0.21732091903686523,0.2361741065979004,0.23517298698425293,0.22871088981628418,0.286531925201416,0.23347187042236328,0.24516916275024414,0.5037190914154053,0.23421502113342285,0.20836806297302246,0.25345301628112793,0.20553970336914062,0.2524900436401367,0.5028040409088135,0.2483210563659668,0.22368788719177246,0.21437788009643555,0.22652626037597656,0.22906899452209473,0.21602082252502441,0.24052929878234863,0.22086000442504883,0.22110271453857422,0.22021985054016113,0.2401409149169922,0.24918508529663086,0.21943306922912598,0.23467612266540527,0.25089502334594727,0.5173609256744385,0.2109358310699463,0.24395489692687988,0.23837995529174805,0.49765825271606445,0.25027894973754883,0.7631151676177979,0.834359884262085,0.24904084205627441,0.5114688873291016,0.5983638763427734,0.49372005462646484,0.8818271160125732,0.22341489791870117,0.2351818084716797,0.2508580684661865
781,0.23362302780151367,0.23069310188293457,0.5359339714050293,0.22828292846679688,0.2148149013519287,0.21875786781311035,0.2504429817199707,0.2267320156097412,0.23975086212158203,0.24651217460632324,0.23835206031799316,0.23666715621948242,0.23925280570983887,0.20871710777282715,0.236893892288208,0.25759220123291016,0.20827412605285645,0.23447322845458984,0.5192339420318604,0.2080671787261963,0.4916260242462158,0.21963167190551758,0.21111583709716797,0.20982599258422852,0.24414277076721191,0.2375049591064453,0.22887492179870605,0.2110280990600586,0.45380306243896484,0.41051220893859863,0.20766305923461914,0.23379898071289062,0.23497796058654785,0.21370196342468262,0.2324540615081787,0.21482300758361816,0.37625908851623535,0.23243379592895508,0.4964008331298828,0.23606204986572266,0.2561919689178467,1.4210832118988037,0.22416996955871582,0.4820990562438965,0.9699671268463135,0.21379876136779785,0.4941089153289795,0.2107529640197754,0.230010986328125,0.2346820831298828
782,0.2298586368560791,0.21185684204101562,0.23719382286071777,0.2304079532623291,0.22985315322875977,0.33118510246276855,0.19646716117858887,0.23183488845825195,0.23784494400024414,0.8268868923187256,0.2513241767883301,0.21902179718017578,0.23302412033081055,0.23123669624328613,0.20562100410461426,1.2539629936218262,0.2471017837524414,0.2365729808807373,0.38783788681030273,0.23346495628356934,0.5054380893707275,0.23638105392456055,0.23627185821533203,0.23683500289916992,0.22502708435058594,0.20607423782348633,0.24407505989074707,0.21054410934448242,0.5296759605407715,0.2138369083404541,0.2385549545288086,0.5030112266540527,0.24622368812561035,0.24075984954833984,0.23285722732543945,0.24516582489013672,0.5292830467224121,0.23452091217041016,0.47812604904174805,0.2111039161682129,0.2250361442565918,0.517503023147583,0.23262810707092285,0.4618990421295166,1.5421249866485596,0.2381739616394043,0.48736095428466797,0.21375107765197754,0.2407989501953125,0.23794794082641602
783,0.21415996551513672,0.2218608856201172,0.24521613121032715,0.29442596435546875,0.21561479568481445,0.47274112701416016,0.24448394775390625,0.2362527847290039,0.2363438606262207,0.8459258079528809,0.23394274711608887,0.21660900115966797,0.23540186882019043,0.2273850440979004,0.22471213340759277,0.5812139511108398,0.2342820167541504,0.23711681365966797,0.8220839500427246,0.21345281600952148,0.246751070022583,0.21279501914978027,0.24036192893981934,0.20591092109680176,0.2667419910430908,0.22847604751586914,0.22362375259399414,0.2361316680908203,0.5267601013183594,0.21393203735351562,0.23428988456726074,0.30767822265625,0.2114710807800293,0.21868181228637695,0.24980807304382324,0.24358487129211426,0.6713950634002686,0.2763700485229492,0.5211808681488037,0.23263216018676758,0.23290491104125977,0.24236392974853516,0.21669888496398926,0.4921610355377197,2.1910722255706787,0.20557308197021484,0.24790477752685547,0.22479796409606934,0.2244279384613037,0.2351701259613037
784,0.2285146713256836,0.2207808494567871,0.23081016540527344,0.23774313926696777,0.22113895416259766,0.5492920875549316,0.21542906761169434,0.20932316780090332,0.2444911003112793,0.3053450584411621,0.20842885971069336,0.22092294692993164,0.263538122177124,0.2265489101409912,0.2091999053955078,0.9318690299987793,0.20964884757995605,0.23368191719055176,0.21184110641479492,0.22828197479248047,0.20726799964904785,0.24210810661315918,0.24397778511047363,0.22284793853759766,0.2530357837677002,0.2385540008544922,0.20962285995483398,0.21341919898986816,0.5115170478820801,0.30039095878601074,0.23473191261291504,0.5706937313079834,0.24123907089233398,0.21741008758544922,0.2614881992340088,0.2246561050415039,0.2653210163116455,0.23744702339172363,0.5553708076477051,0.23434686660766602,0.21525192260742188,1.4153509140014648,0.3084380626678467,0.5055530071258545,0.5285701751708984,0.21509790420532227,0.22439908981323242,0.2288970947265625,1.8006889820098877,0.2379310131072998
785,0.23686814308166504,0.22489523887634277,0.48402881622314453,0.23502898216247559,0.21853017807006836,0.23987293243408203,0.21342182159423828,0.21901369094848633,0.21396398544311523,0.27529191970825195,0.23671817779541016,0.24151206016540527,0.20988988876342773,0.21191120147705078,0.2243649959564209,0.5817830562591553,0.23224997520446777,0.2433779239654541,0.4971129894256592,0.2549619674682617,0.4973630905151367,0.23453092575073242,0.21038103103637695,0.2175438404083252,0.24817728996276855,0.2425699234008789,0.2368459701538086,0.2352588176727295,0.5369157791137695,0.2476029396057129,0.25455784797668457,0.5085000991821289,0.232468843460083,0.23647403717041016,0.517280101776123,0.2436051368713379,0.5314009189605713,0.23978710174560547,0.7844717502593994,0.25521087646484375,0.24069809913635254,0.24082612991333008,0.25069284439086914,0.5051569938659668,0.5043349266052246,0.23261594772338867,0.25370073318481445,0.2237391471862793,1.7765908241271973,0.2501802444458008
786,0.20766806602478027,0.2081310749053955,0.24071216583251953,0.2374579906463623,0.2177422046661377,0.23181796073913574,0.23123693466186523,0.25022220611572266,0.21969389915466309,0.8143417835235596,0.23695611953735352,0.2300736904144287,0.5046589374542236,0.23218679428100586,0.24100399017333984,0.5722050666809082,0.23558402061462402,0.2128150463104248,0.5034477710723877,0.23212194442749023,0.2199230194091797,0.2382979393005371,0.230513334274292,0.22938799858093262,0.2372889518737793,0.23590993881225586,0.2103729248046875,0.2342228889465332,0.22793197631835938,0.2267930507659912,0.23355793952941895,0.5172538757324219,0.2384631633758545,0.216569185256958,0.25771307945251465,0.22213196754455566,0.22548294067382812,0.22733306884765625,0.4694361686706543,0.23485302925109863,0.24204397201538086,0.8043467998504639,0.2211592197418213,0.23576021194458008,0.9166147708892822,0.23947906494140625,0.21644210815429688,0.21499228477478027,1.7608850002288818,0.22855901718139648
787,0.2262251377105713,0.23177099227905273,0.2305459976196289,0.24967002868652344,0.23505687713623047,0.2100069522857666,0.2364342212677002,0.2338099479675293,0.23292183876037598,0.881951093673706,0.24771499633789062,0.23279714584350586,0.23521113395690918,0.23337888717651367,0.21105599403381348,0.5467939376831055,0.2221238613128662,0.24247503280639648,0.49063992500305176,0.2359321117401123,0.22912096977233887,0.24818897247314453,0.21001195907592773,0.2534828186035156,0.21562409400939941,0.22279810905456543,0.23432493209838867,0.2365739345550537,0.501532793045044,0.2461240291595459,0.23674583435058594,0.7011070251464844,0.2434988021850586,0.22165989875793457,0.5458011627197266,0.23447489738464355,0.23828506469726562,0.24549603462219238,0.48166608810424805,0.23569607734680176,0.21320796012878418,0.5014379024505615,0.24463796615600586,0.2310349941253662,1.7395870685577393,0.24997806549072266,0.23717188835144043,0.21795105934143066,1.9511148929595947,0.20837879180908203
788,0.227186918258667,0.22715425491333008,0.2425708770751953,0.26874494552612305,0.21835017204284668,0.24469208717346191,0.2330939769744873,0.2420806884765625,0.23626708984375,0.5361189842224121,0.2370128631591797,0.248154878616333,0.25020885467529297,0.24506878852844238,0.2315969467163086,0.2669060230255127,0.2061760425567627,0.23090600967407227,0.4910411834716797,0.20904302597045898,0.8810577392578125,0.2353060245513916,0.210036039352417,0.23731780052185059,0.2554748058319092,0.2106761932373047,0.2278761863708496,0.24485397338867188,0.3800621032714844,0.2206418514251709,0.22652006149291992,0.5610098838806152,0.24280500411987305,0.21244382858276367,0.5090739727020264,0.23784112930297852,0.2347428798675537,0.24627685546875,0.5279240608215332,0.23469114303588867,0.22460627555847168,0.21517491340637207,0.5160210132598877,0.5198538303375244,0.5165150165557861,0.23662519454956055,0.46771979331970215,0.21147990226745605,1.9147310256958008,0.2118818759918213
789,0.21142196655273438,0.22827816009521484,0.22126007080078125,0.3343379497528076,0.21461725234985352,0.22849392890930176,0.20805597305297852,0.23183584213256836,0.25301599502563477,0.2388439178466797,0.23737001419067383,0.24445199966430664,0.2523918151855469,0.2092759609222412,0.20561504364013672,0.29818010330200195,0.2328188419342041,0.23713994026184082,0.657433271408081,0.23908305168151855,0.21299409866333008,0.23633980751037598,0.2304210662841797,0.22943687438964844,0.23361587524414062,0.2084040641784668,0.24251294136047363,0.2102959156036377,0.5155460834503174,0.22905588150024414,0.20769786834716797,0.24201488494873047,0.23001766204833984,0.23614096641540527,0.2646667957305908,0.23091506958007812,0.23998808860778809,0.23056912422180176,0.4554901123046875,0.2124190330505371,0.21372509002685547,0.4794001579284668,0.2349870204925537,0.47127604484558105,1.527730941772461,0.23259806632995605,0.518718957901001,0.22073793411254883,1.9053189754486084,0.2289562225341797
790,0.22864484786987305,0.20485711097717285,0.2209160327911377,0.23167109489440918,0.24253320693969727,0.20833206176757812,0.8206419944763184,0.23807215690612793,0.2348310947418213,0.22313880920410156,0.23534083366394043,0.2420971393585205,0.23496294021606445,0.21186590194702148,0.23057293891906738,0.23212790489196777,0.23517107963562012,0.2541229724884033,0.48868298530578613,0.24964308738708496,0.22034883499145508,0.21264886856079102,0.2335972785949707,0.21276307106018066,0.24019193649291992,0.2315671443939209,0.227891206741333,0.23721909523010254,0.5087618827819824,0.8377299308776855,0.22891783714294434,0.5464990139007568,0.21192502975463867,0.22435927391052246,0.5543191432952881,0.24039673805236816,0.5461540222167969,0.22044730186462402,0.4526519775390625,0.24585509300231934,0.2249441146850586,0.8155670166015625,0.23030829429626465,0.4852468967437744,2.2061798572540283,0.34944677352905273,0.22557616233825684,0.2201681137084961,1.7612900733947754,0.22545576095581055
791,0.23722600936889648,0.20998072624206543,0.21212267875671387,0.272752046585083,0.2359790802001953,0.21579480171203613,0.8032000064849854,0.24572110176086426,0.23626708984375,0.5549187660217285,0.20770835876464844,0.2612190246582031,0.24999785423278809,0.231827974319458,0.24097800254821777,0.5303900241851807,0.2094862461090088,0.2345438003540039,0.3091583251953125,0.23739981651306152,0.2317497730255127,0.23409819602966309,0.2342829704284668,0.22894787788391113,0.22429704666137695,0.2506570816040039,0.2091519832611084,0.23896193504333496,0.48420000076293945,0.23899197578430176,0.23514914512634277,0.5482499599456787,0.23890995979309082,0.23473501205444336,0.5435080528259277,0.2384638786315918,0.47643303871154785,0.22805404663085938,0.485706090927124,0.23909974098205566,0.22531485557556152,0.7891480922698975,0.2171308994293213,0.4669630527496338,7.1438658237457275,0.23322701454162598,0.5144720077514648,0.26357579231262207,1.7673170566558838,0.2325441837310791
792,0.25072717666625977,0.22778081893920898,0.24138712882995605,0.27481889724731445,0.24620294570922852,0.2259221076965332,0.22463607788085938,0.2079300880432129,0.22522497177124023,0.5644321441650391,0.24895095825195312,0.2206709384918213,0.23656296730041504,0.23959875106811523,0.20580410957336426,0.5607800483703613,0.2463691234588623,0.233597993850708,0.5071496963500977,0.2282261848449707,0.23615813255310059,0.2535879611968994,0.2339789867401123,0.22684597969055176,0.21417593955993652,0.2436220645904541,0.248215913772583,0.24214863777160645,0.20554494857788086,0.22903800010681152,0.2379012107849121,0.27295804023742676,0.2503511905670166,0.23317694664001465,0.5440759658813477,0.23879599571228027,0.26255083084106445,0.24224615097045898,0.212022066116333,0.23325800895690918,0.22663307189941406,1.7890093326568604,0.48731279373168945,0.5140490531921387,1.2061161994934082,0.21270298957824707,0.45485997200012207,0.22336196899414062,1.809851884841919,0.23667311668395996
793,0.22396492958068848,0.22720122337341309,0.5197920799255371,0.5176339149475098,0.2436230182647705,0.22906708717346191,0.23527812957763672,0.23938703536987305,0.2088611125946045,0.32489490509033203,0.24068975448608398,0.2182910442352295,0.2073202133178711,0.2475419044494629,0.23211407661437988,0.5745530128479004,0.2362520694732666,0.21351909637451172,1.1245450973510742,0.21344780921936035,0.20736432075500488,0.23355507850646973,0.21146297454833984,0.23061513900756836,0.23579907417297363,0.21797919273376465,0.2071828842163086,0.22939586639404297,0.4704422950744629,0.2150740623474121,0.23202824592590332,0.580564022064209,0.23641395568847656,0.23952293395996094,0.2452831268310547,0.24474310874938965,0.2520291805267334,0.2616240978240967,0.4736659526824951,0.23738408088684082,0.24608325958251953,0.989570140838623,0.23090314865112305,0.5023491382598877,1.1168127059936523,0.23302769660949707,0.46139979362487793,0.24647212028503418,1.7977848052978516,0.23325181007385254
794,0.21225214004516602,0.23030304908752441,0.2366950511932373,0.2084190845489502,0.2212390899658203,0.257814884185791,0.23686981201171875,0.2374739646911621,0.23780298233032227,0.26825475692749023,0.22918701171875,0.21979904174804688,0.5034778118133545,0.23624181747436523,0.20966386795043945,0.5458338260650635,0.2074129581451416,0.23037385940551758,0.2400519847869873,0.231201171875,0.199066162109375,0.23706388473510742,0.24133610725402832,0.2075958251953125,0.2141740322113037,0.22356128692626953,0.2060379981994629,0.2338390350341797,0.23215603828430176,0.2248821258544922,0.23650693893432617,0.5457761287689209,0.23686814308166504,0.2278919219970703,0.24541473388671875,0.2149491310119629,0.24849200248718262,0.24236226081848145,0.24252891540527344,0.23394107818603516,0.855755090713501,0.519495964050293,0.24323105812072754,0.4899630546569824,1.1035518646240234,0.20607900619506836,0.4910163879394531,0.22635221481323242,1.9019510746002197,0.20821785926818848
795,0.2224562168121338,0.20760226249694824,0.5024452209472656,0.22552490234375,0.2189769744873047,0.22522759437561035,0.8269960880279541,0.23359012603759766,0.21166014671325684,0.29093217849731445,0.2123548984527588,0.24249005317687988,0.2647547721862793,0.23409008979797363,0.23168706893920898,0.5164978504180908,0.20704412460327148,0.2519547939300537,0.45696520805358887,0.2464127540588379,0.22533392906188965,0.22726917266845703,0.21445608139038086,0.23127007484436035,0.24562406539916992,0.21225905418395996,0.23224282264709473,0.23595166206359863,0.5241968631744385,0.2328188419342041,0.24834012985229492,0.21569490432739258,0.2275099754333496,0.22827696800231934,0.2334141731262207,0.22544193267822266,0.22230982780456543,0.2214040756225586,0.5012307167053223,0.2515251636505127,0.23641705513000488,0.4901440143585205,0.22177410125732422,0.5085821151733398,0.5339288711547852,0.2367098331451416,0.5030341148376465,0.2120499610900879,1.8232100009918213,0.2540159225463867
796,0.2140178680419922,0.23114395141601562,0.24552106857299805,0.5216760635375977,0.2141401767730713,0.23209095001220703,1.1257429122924805,0.2581770420074463,0.23104119300842285,0.24708104133605957,0.22664189338684082,0.23809027671813965,0.22743487358093262,0.21041417121887207,0.219163179397583,0.5001909732818604,0.22466683387756348,0.23894405364990234,0.4688279628753662,0.21021008491516113,0.23462390899658203,0.23945283889770508,0.20843195915222168,0.20898890495300293,0.2309131622314453,0.23284077644348145,0.20520710945129395,0.20990800857543945,0.6106770038604736,0.24274492263793945,0.20771193504333496,0.26562976837158203,0.2419271469116211,0.23353290557861328,0.24588799476623535,0.23699474334716797,0.5291388034820557,0.2181110382080078,0.2647542953491211,0.2334611415863037,0.7284889221191406,0.8248729705810547,0.24506282806396484,0.49287891387939453,0.5465350151062012,0.2574000358581543,0.25558018684387207,0.2537260055541992,1.8438208103179932,0.2321012020111084
797,0.2411949634552002,0.20594096183776855,0.23949408531188965,0.48169708251953125,0.25893497467041016,0.22550296783447266,0.4868788719177246,0.22504878044128418,0.23770785331726074,0.32877588272094727,0.2300260066986084,0.21827983856201172,0.21491479873657227,0.23366093635559082,0.20627999305725098,0.25090575218200684,0.23335504531860352,0.2295238971710205,0.50882887840271,0.23758602142333984,0.23525094985961914,0.24332213401794434,0.21544790267944336,0.24275803565979004,0.22881007194519043,0.20715808868408203,0.2482311725616455,0.23518681526184082,0.48298192024230957,0.21925878524780273,0.23320913314819336,0.25043725967407227,0.2402031421661377,0.2401111125946045,0.25685930252075195,0.25928711891174316,0.22639918327331543,0.21496915817260742,0.23928427696228027,0.21207404136657715,0.22428393363952637,1.7577581405639648,0.22153520584106445,0.514880895614624,0.8345279693603516,0.24953889846801758,0.5002059936523438,0.5121150016784668,1.7751638889312744,0.24030613899230957
798,0.21250486373901367,0.22196102142333984,0.49026989936828613,0.5147659778594971,0.23160600662231445,0.20895814895629883,0.23737120628356934,0.2404499053955078,0.2356867790222168,0.28177428245544434,0.22222185134887695,0.24511218070983887,0.48491907119750977,0.2523341178894043,0.23283886909484863,0.2335507869720459,0.2236330509185791,0.2421879768371582,0.5043430328369141,0.2366337776184082,0.23711395263671875,0.21207904815673828,0.23148226737976074,0.2070751190185547,0.2681851387023926,0.22655296325683594,0.2407820224761963,0.25285887718200684,0.5028879642486572,0.21925115585327148,0.21147799491882324,0.2164139747619629,0.21170687675476074,0.23534417152404785,0.23578500747680664,0.22208809852600098,0.2194199562072754,0.22887611389160156,0.20705699920654297,0.23901581764221191,0.2434999942779541,0.6785879135131836,0.2612111568450928,0.5195229053497314,0.5338170528411865,0.236497163772583,1.4738309383392334,0.21799564361572266,1.7869031429290771,0.2325129508972168
799,0.23276901245117188,0.2332921028137207,0.5339469909667969,0.25704503059387207,0.2398688793182373,0.21658110618591309,1.080782175064087,0.214400053024292,0.24857020378112793,0.5635530948638916,0.20723891258239746,0.23003029823303223,0.53094482421875,0.2369551658630371,0.20905280113220215,0.8800468444824219,0.2133638858795166,0.22875690460205078,0.5300078392028809,0.23644614219665527,0.4904770851135254,0.21399188041687012,0.25122499465942383,0.2339789867401123,0.24673795700073242,0.21341705322265625,0.22873401641845703,0.2344651222229004,0.45342493057250977,0.21120882034301758,0.2282569408416748,0.21234512329101562,0.21509814262390137,0.23692893981933594,0.567683219909668,0.24674081802368164,0.23615169525146484,0.22015690803527832,0.4991309642791748,0.22698020935058594,0.24228405952453613,2.008563995361328,0.22367501258850098,0.46858787536621094,7.258434057235718,0.2471299171447754,0.2319779396057129,0.49377989768981934,1.900758981704712,0.23736906051635742
800,0.22331595420837402,0.23384976387023926,0.4805619716644287,0.20970606803894043,0.23171496391296387,0.22008204460144043,0.24711871147155762,0.2357182502746582,0.20905375480651855,0.2753779888153076,0.21083903312683105,0.23054909706115723,0.45970606803894043,0.23820233345031738,0.22932100296020508,0.9202370643615723,0.22809720039367676,0.22817516326904297,0.3294253349304199,0.2505509853363037,0.4869041442871094,0.22096586227416992,0.2321782112121582,0.21583819389343262,0.2225642204284668,0.23336315155029297,0.24236679077148438,0.2340869903564453,0.19844913482666016,0.24515819549560547,0.2574939727783203,0.26513004302978516,0.22106409072875977,0.22527480125427246,0.6274559497833252,0.22124409675598145,0.27753305435180664,0.2162308692932129,0.7956068515777588,0.25824904441833496,0.2429640293121338,0.5139119625091553,0.2636690139770508,0.48487210273742676,0.5479731559753418,0.2386610507965088,0.530961275100708,0.23449301719665527,1.7716479301452637,0.25116419792175293
801,0.21465301513671875,0.208420991897583,0.22514605522155762,0.5162861347198486,0.23744702339172363,0.22914481163024902,0.23597097396850586,0.24323415756225586,0.23388004302978516,0.2410581111907959,0.23294496536254883,0.23201489448547363,0.24331068992614746,0.23334813117980957,0.23070406913757324,0.28379201889038086,0.2103862762451172,0.22767114639282227,0.24273324012756348,0.24684619903564453,0.20967388153076172,0.218156099319458,0.20970535278320312,0.21815705299377441,0.23832201957702637,0.2622678279876709,0.21179580688476562,0.2396242618560791,0.2183370590209961,0.25840115547180176,0.25620102882385254,0.2836000919342041,0.21974706649780273,0.21783089637756348,0.23784804344177246,0.21522998809814453,0.2520623207092285,0.22164607048034668,0.494218111038208,0.24291300773620605,0.21741628646850586,0.49002504348754883,0.22087407112121582,0.480910062789917,0.48886609077453613,0.23963117599487305,0.49029111862182617,0.22713685035705566,1.7736289501190186,0.22829318046569824
802,0.24554181098937988,0.23222613334655762,0.23936915397644043,0.47000885009765625,0.2469189167022705,0.24953603744506836,0.8118579387664795,0.24147891998291016,0.2118680477142334,0.24089789390563965,0.25092506408691406,0.24491190910339355,0.4860341548919678,0.23655390739440918,0.2164778709411621,1.2168431282043457,0.23432397842407227,0.21680402755737305,0.332888126373291,0.21299004554748535,0.2235698699951172,0.2622840404510498,0.811333179473877,0.23363709449768066,0.21782898902893066,0.2114729881286621,0.23731684684753418,0.21700525283813477,0.553391695022583,0.19614195823669434,0.22284698486328125,0.24358177185058594,0.25870680809020996,0.22921180725097656,0.5541722774505615,0.25153374671936035,0.22988533973693848,0.23642325401306152,0.5091452598571777,0.2378840446472168,0.22131013870239258,1.0069341659545898,0.22732806205749512,0.46598196029663086,0.9251320362091064,0.21717572212219238,0.22812700271606445,0.22538113594055176,1.788215160369873,0.21343207359313965
803,0.21734881401062012,0.22525787353515625,0.23256921768188477,0.4845590591430664,0.2308800220489502,0.21046781539916992,0.23768091201782227,0.23276400566101074,0.232924222946167,0.5319828987121582,0.24096179008483887,0.22290825843811035,0.20005297660827637,0.24705195426940918,0.22050118446350098,0.5815751552581787,0.20769095420837402,0.21732807159423828,0.24825406074523926,0.20999908447265625,0.2397451400756836,0.23607826232910156,0.23203587532043457,0.2299339771270752,0.2516520023345947,0.22301506996154785,0.21190404891967773,0.24569201469421387,0.25319790840148926,0.5169520378112793,0.20487499237060547,0.5513968467712402,0.23365497589111328,0.21130609512329102,0.5452218055725098,0.2425689697265625,0.26349806785583496,0.2293999195098877,0.23670697212219238,0.2116718292236328,0.2436058521270752,0.5368871688842773,0.24755287170410156,0.20818305015563965,1.2162330150604248,0.23609590530395508,0.48558807373046875,0.2367560863494873,1.7937726974487305,0.23878097534179688
804,0.21880602836608887,0.23003816604614258,0.5026888847351074,0.4564211368560791,0.2140331268310547,0.47049427032470703,0.23665571212768555,0.23491621017456055,0.24979782104492188,0.3094336986541748,0.23171091079711914,0.21569585800170898,0.28427720069885254,0.21144986152648926,0.2087697982788086,0.24468111991882324,0.22428107261657715,0.2266523838043213,0.5489132404327393,0.21977972984313965,0.5025267601013184,0.2356553077697754,0.5497617721557617,0.20801305770874023,0.22962307929992676,0.20670008659362793,0.23491191864013672,0.20691204071044922,0.5160698890686035,0.23922419548034668,0.21312499046325684,0.2888498306274414,0.2364518642425537,0.21615195274353027,0.2421708106994629,0.2340857982635498,0.24985814094543457,0.22167515754699707,0.46187496185302734,0.21426820755004883,0.2440190315246582,0.2172086238861084,0.23009681701660156,0.5254538059234619,10.197634935379028,0.2548649311065674,0.2199230194091797,0.22871184349060059,1.9196951389312744,0.23507905006408691
805,0.2297968864440918,0.2047719955444336,0.30887889862060547,0.45052504539489746,0.23259973526000977,0.48793792724609375,0.8117802143096924,0.23715782165527344,0.23462200164794922,0.29842305183410645,0.20773768424987793,0.2199842929840088,0.2141282558441162,0.23539996147155762,0.2162771224975586,0.919456958770752,0.21672296524047852,0.25646519660949707,0.23595166206359863,0.23506617546081543,0.5220382213592529,0.21289491653442383,0.22990012168884277,0.20693206787109375,0.2431039810180664,0.21787309646606445,0.23805809020996094,0.2383251190185547,0.5074892044067383,0.22419476509094238,0.24567198753356934,0.29135823249816895,0.21336030960083008,0.23482418060302734,0.23310422897338867,0.23343682289123535,0.2656271457672119,0.21209120750427246,0.4766197204589844,0.2553551197052002,0.5141539573669434,0.4302382469177246,0.47714781761169434,0.506079912185669,0.906480073928833,0.23663997650146484,0.5128591060638428,0.2318582534790039,1.7722980976104736,0.25328898429870605
806,0.23648309707641602,0.23424506187438965,0.1983318328857422,0.24362587928771973,0.21793889999389648,0.49562525749206543,0.8334619998931885,0.24872589111328125,0.2359788417816162,0.5824060440063477,0.2084510326385498,0.2328200340270996,0.23320484161376953,0.23714518547058105,0.23943090438842773,0.5341849327087402,0.22290802001953125,0.23310303688049316,0.2398531436920166,0.21537184715270996,0.5034739971160889,0.22548818588256836,0.2147519588470459,0.22725582122802734,0.2232062816619873,0.23775267601013184,0.23233389854431152,0.23779916763305664,0.2489769458770752,0.23433899879455566,0.20945978164672852,0.22350621223449707,0.22411704063415527,0.2354278564453125,0.27317118644714355,0.2419729232788086,0.24953699111938477,0.2130899429321289,0.8282451629638672,0.239577054977417,0.24846482276916504,0.5168561935424805,0.29042696952819824,0.5038959980010986,2.1271920204162598,0.23171210289001465,0.4863719940185547,0.2424027919769287,1.4325051307678223,0.2345740795135498
807,0.24297022819519043,0.21154475212097168,0.2354598045349121,0.46863293647766113,0.2326052188873291,0.22603988647460938,0.46894073486328125,0.2091519832611084,0.2066209316253662,0.31551194190979004,0.23662114143371582,0.2195878028869629,0.23439717292785645,0.2349097728729248,0.21227717399597168,0.535944938659668,0.23028206825256348,0.22669291496276855,0.48441386222839355,0.23453116416931152,0.22959613800048828,0.22939419746398926,0.235856294631958,0.2212231159210205,0.24152112007141113,0.21492695808410645,0.25472593307495117,0.23752999305725098,0.4887399673461914,0.2206871509552002,0.23208904266357422,0.5092997550964355,0.23408889770507812,0.23059606552124023,0.23814082145690918,0.23736286163330078,0.22124481201171875,0.23220396041870117,0.5108363628387451,0.2302091121673584,0.22167396545410156,0.48723602294921875,0.23410892486572266,0.5024750232696533,9.553319931030273,0.5048177242279053,0.7625117301940918,0.2515122890472412,0.7828609943389893,0.23836708068847656
808,0.20980310440063477,0.24503493309020996,0.23357796669006348,0.5151920318603516,0.2173159122467041,0.2309558391571045,0.23412299156188965,0.23858022689819336,0.23274898529052734,0.8634681701660156,0.2162468433380127,0.21752405166625977,0.23735594749450684,0.2529478073120117,0.23165202140808105,0.2323169708251953,0.23024511337280273,0.2146899700164795,0.5010738372802734,0.2326200008392334,0.43277502059936523,0.21929597854614258,0.5310499668121338,0.22875285148620605,0.24242424964904785,0.23229002952575684,0.22299885749816895,0.2520906925201416,0.49237704277038574,0.22413873672485352,0.20620203018188477,0.5318210124969482,0.2154989242553711,0.24043488502502441,0.5669639110565186,0.23575878143310547,0.5538468360900879,0.30697202682495117,0.47710394859313965,0.24076390266418457,0.21828389167785645,1.7242708206176758,0.2607901096343994,0.5018928050994873,0.5285739898681641,0.2508361339569092,0.861469030380249,0.2220301628112793,0.7789709568023682,0.22967791557312012
809,0.2174091339111328,0.20887398719787598,0.465162992477417,0.4884982109069824,0.21986007690429688,0.23717188835144043,0.23371601104736328,0.23889899253845215,0.2265338897705078,0.30092310905456543,0.2296440601348877,0.24738001823425293,0.5065701007843018,0.2326509952545166,0.23820805549621582,0.5736167430877686,0.22997403144836426,0.23901987075805664,0.20869994163513184,0.23473000526428223,0.49922680854797363,0.21853089332580566,0.2553579807281494,0.21788287162780762,0.21661686897277832,0.23820090293884277,0.21311688423156738,0.23169708251953125,0.5049991607666016,0.5021018981933594,0.23475003242492676,0.23277497291564941,0.2222766876220703,0.24240827560424805,0.2593810558319092,0.219041109085083,0.24075698852539062,0.22258472442626953,0.5191540718078613,0.23424315452575684,0.24332976341247559,0.5165319442749023,0.24881505966186523,1.1165649890899658,1.150019645690918,0.5043649673461914,0.521702766418457,0.2159419059753418,0.8447041511535645,0.2096998691558838
810,0.22149395942687988,0.23112225532531738,0.46775007247924805,1.7449219226837158,0.21740412712097168,0.2491929531097412,0.23355984687805176,0.2337782382965088,0.2345268726348877,0.5773980617523193,0.23839592933654785,0.22060585021972656,0.2131059169769287,0.2297511100769043,0.23173284530639648,1.2670037746429443,0.20859789848327637,0.2549300193786621,0.5561411380767822,0.2504901885986328,0.23327422142028809,0.21940112113952637,0.23140263557434082,0.22852683067321777,0.2423689365386963,0.2236311435699463,0.24676895141601562,0.23163414001464844,0.19888806343078613,0.48479270935058594,0.24049592018127441,0.8416092395782471,0.2168259620666504,0.21514391899108887,0.5167422294616699,0.24362397193908691,0.24381518363952637,0.21333694458007812,0.5416669845581055,0.24894213676452637,0.237962007522583,0.46964287757873535,0.22379398345947266,2.280930995941162,1.1953628063201904,0.5092141628265381,0.45894908905029297,0.24913716316223145,2028.6362969875336,0.2532958984375
811,0.2167370319366455,0.20876598358154297,0.2376391887664795,0.4610612392425537,0.2152080535888672,0.23806190490722656,0.465130090713501,0.250715970993042,0.2345890998840332,0.8669829368591309,0.23836517333984375,0.26052403450012207,0.21512913703918457,0.21235299110412598,0.22359299659729004,0.306884765625,0.21012306213378906,0.22765111923217773,0.3178119659423828,0.21129393577575684,0.25148916244506836,0.21940398216247559,0.23616409301757812,0.2384798526763916,0.22661781311035156,0.22853994369506836,0.2147378921508789,0.20857810974121094,0.4957008361816406,0.22203969955444336,0.21035313606262207,0.29318809509277344,0.22022604942321777,0.2392120361328125,0.23612189292907715,0.24819087982177734,0.2458508014678955,0.22513103485107422,0.21792316436767578,0.22799086570739746,0.24544072151184082,1.7860867977142334,0.24532675743103027,0.48445701599121094,0.8508999347686768,0.2792379856109619,0.5478768348693848,0.2114570140838623,0.2500491142272949,0.23679590225219727
812,0.23219585418701172,0.2079479694366455,0.22613000869750977,0.49834203720092773,0.23120689392089844,0.46371984481811523,0.24620294570922852,0.23646783828735352,0.23805499076843262,0.25329113006591797,0.2413630485534668,0.22269892692565918,0.21654105186462402,0.2418680191040039,0.23582196235656738,0.5606968402862549,0.2460789680480957,0.24309301376342773,0.20270681381225586,0.23269414901733398,0.22135305404663086,0.23165106773376465,0.23913335800170898,0.22900390625,0.24415898323059082,0.23716473579406738,0.24798083305358887,0.24036717414855957,0.5007338523864746,0.24722909927368164,0.2128748893737793,0.543848991394043,0.25542497634887695,0.23595976829528809,0.5506281852722168,0.2408888339996338,0.24999499320983887,0.21126866340637207,0.48392605781555176,0.21124029159545898,0.22669506072998047,0.5191988945007324,0.2225801944732666,0.4901442527770996,17.28089690208435,0.21365022659301758,0.2232661247253418,0.22349810600280762,0.2359607219696045,0.23356199264526367
813,0.22690987586975098,0.2313389778137207,0.22974467277526855,0.8437309265136719,0.2181100845336914,0.5107581615447998,0.5158929824829102,0.23354101181030273,0.23357534408569336,0.6758100986480713,0.21173310279846191,0.24691319465637207,0.2263801097869873,0.2525360584259033,0.2385396957397461,0.26851511001586914,0.20763111114501953,0.2250378131866455,0.24811100959777832,0.24469304084777832,0.255748987197876,0.21322393417358398,0.21303820610046387,0.4961261749267578,0.25113606452941895,0.23684406280517578,0.23284292221069336,0.24816608428955078,0.5063211917877197,0.21576285362243652,0.22738194465637207,0.23420119285583496,0.21381235122680664,0.22921013832092285,0.23351502418518066,0.24309206008911133,0.532984733581543,0.2472989559173584,0.4710102081298828,0.24025177955627441,0.24268317222595215,0.5320701599121094,0.21787810325622559,0.5208489894866943,6.397132635116577,0.23437213897705078,0.5147719383239746,0.24718904495239258,0.23877716064453125,0.23919320106506348
814,0.2499551773071289,0.22621798515319824,0.23064899444580078,0.8077719211578369,0.22281432151794434,1.1203110218048096,0.47504615783691406,0.20818209648132324,0.2248702049255371,0.5653080940246582,0.21147799491882324,0.2243199348449707,0.2104959487915039,0.2361900806427002,0.23430299758911133,1.2075109481811523,0.23190093040466309,0.21758103370666504,0.20800089836120605,0.21997594833374023,0.23333096504211426,0.21547913551330566,0.22491216659545898,0.24097299575805664,0.2249281406402588,0.23698782920837402,0.20865797996520996,0.23932909965515137,0.49791574478149414,0.22016596794128418,0.2438499927520752,0.8429229259490967,0.24202299118041992,0.25527095794677734,0.24549508094787598,0.22516918182373047,0.49356603622436523,0.21343398094177246,0.4939079284667969,0.24079298973083496,0.22472667694091797,3.658808946609497,0.2402942180633545,0.5366032123565674,0.5299110412597656,0.25293993949890137,0.48764681816101074,0.22136902809143066,0.24864816665649414,0.23296284675598145
815,0.21126699447631836,0.2118208408355713,0.2322402000427246,0.47741127014160156,0.2428271770477295,0.20947694778442383,0.4593791961669922,0.2391190528869629,0.20802998542785645,0.2543759346008301,0.23134899139404297,0.2189011573791504,0.23444890975952148,0.2295091152191162,0.2456190586090088,1.164215087890625,0.2407689094543457,0.2285299301147461,0.20023179054260254,0.2367570400238037,0.21289491653442383,0.2292649745941162,0.22301816940307617,0.23137116432189941,0.21672272682189941,0.23613524436950684,0.22459697723388672,0.23642611503601074,0.24329400062561035,0.24083518981933594,0.24465417861938477,0.6950278282165527,0.2163708209991455,0.23546171188354492,0.561730146408081,0.24184513092041016,0.2222440242767334,0.2301619052886963,1.06585693359375,0.24530315399169922,0.25626516342163086,0.22594809532165527,0.2736999988555908,0.48798108100891113,1.1501350402832031,0.23754644393920898,0.220109224319458,0.21510887145996094,0.2341771125793457,0.2484729290008545
816,0.21193718910217285,0.23271989822387695,0.20006704330444336,0.514923095703125,0.23724865913391113,0.5020532608032227,0.24596881866455078,0.25159311294555664,0.2204420566558838,0.5815391540527344,0.2426760196685791,0.2404627799987793,0.2469010353088379,0.2395179271697998,0.23265910148620605,0.8647432327270508,0.23350286483764648,0.24398207664489746,1.0068700313568115,0.21346306800842285,0.2117600440979004,0.2402019500732422,0.8038516044616699,0.23613500595092773,0.2156810760498047,0.2510209083557129,0.20861387252807617,0.2369520664215088,0.4957430362701416,0.22348690032958984,0.24055099487304688,0.5190460681915283,0.23110008239746094,0.23082184791564941,0.5900709629058838,0.21883606910705566,0.23392176628112793,0.22791576385498047,0.483018159866333,0.24004817008972168,0.21815800666809082,0.48647594451904297,0.2797811031341553,0.5184969902038574,1.1811261177062988,0.2369532585144043,0.5168042182922363,0.22441601753234863,0.21519994735717773,0.20891785621643066
817,0.2317640781402588,0.20867490768432617,0.8134787082672119,0.4853041172027588,0.24166202545166016,0.4774658679962158,0.3584001064300537,0.23221421241760254,0.2221360206604004,0.29673290252685547,0.23703718185424805,0.22417211532592773,0.20841312408447266,0.23291802406311035,0.2232048511505127,0.25121283531188965,0.22982192039489746,0.2393491268157959,0.24420595169067383,0.22968816757202148,0.19711613655090332,0.2507948875427246,0.23263788223266602,0.2454361915588379,0.24225711822509766,0.23490619659423828,0.254378080368042,0.23079299926757812,0.23573517799377441,0.2652730941772461,0.23123526573181152,0.5271260738372803,0.2543952465057373,0.2134089469909668,0.5762472152709961,0.23943424224853516,0.22495198249816895,0.2205970287322998,0.4942739009857178,0.2345888614654541,0.22766995429992676,0.46468496322631836,0.24967598915100098,0.7965400218963623,1.152818202972412,0.22582292556762695,0.4822869300842285,0.21169590950012207,0.23447895050048828,0.2353198528289795
818,0.22034192085266113,0.24695420265197754,0.24739289283752441,0.47185420989990234,0.23247313499450684,0.22852611541748047,0.8229429721832275,0.23929095268249512,0.21416378021240234,1.214303970336914,0.21347403526306152,0.24423670768737793,0.5667929649353027,0.2278461456298828,0.20468997955322266,0.8561680316925049,0.2176828384399414,0.22164106369018555,0.22992420196533203,0.2092580795288086,0.2968587875366211,0.2351229190826416,0.23546695709228516,0.25642991065979004,0.24665212631225586,0.2069697380065918,0.23523879051208496,0.22632217407226562,0.4988269805908203,0.8202130794525146,0.20849299430847168,0.23821687698364258,0.22885608673095703,0.2368907928466797,0.2568659782409668,0.24646711349487305,0.580092191696167,0.25096988677978516,0.553314208984375,0.22414708137512207,0.24370694160461426,0.48169898986816406,0.2215590476989746,1.1475939750671387,1.1433660984039307,0.21595287322998047,0.533947229385376,0.2419750690460205,0.2331829071044922,0.24099016189575195
819,0.21839118003845215,0.20766019821166992,0.22716498374938965,0.4510507583618164,0.21474909782409668,0.49101901054382324,0.8150331974029541,0.23586201667785645,0.24288702011108398,0.2827301025390625,0.23139715194702148,0.22545099258422852,0.2680208683013916,0.23737597465515137,0.21097922325134277,0.23267197608947754,0.23470687866210938,0.21530914306640625,0.24075794219970703,0.23784995079040527,0.2275850772857666,0.23186612129211426,0.23672986030578613,0.22423410415649414,0.2422780990600586,0.21435999870300293,0.24530601501464844,0.22219014167785645,0.4534568786621094,0.8376400470733643,0.23331975936889648,0.28044795989990234,0.22918701171875,0.2350919246673584,0.5825719833374023,0.250715970993042,0.2542908191680908,0.2897028923034668,0.5962417125701904,0.21112680435180664,0.22533106803894043,0.5000877380371094,0.26094603538513184,0.5205268859863281,1.1587588787078857,0.2287909984588623,0.5345370769500732,0.2296309471130371,0.2580561637878418,0.23658275604248047
820,0.22522878646850586,0.20628595352172852,0.5091090202331543,0.48120594024658203,0.2450418472290039,0.2338709831237793,0.5301311016082764,0.23324203491210938,0.20981311798095703,0.6870720386505127,0.22879385948181152,0.21632623672485352,0.22961091995239258,0.23377013206481934,0.23164606094360352,1.9161961078643799,0.23471403121948242,0.24226903915405273,0.4500150680541992,0.2501339912414551,0.22574687004089355,0.21455001831054688,0.24970602989196777,0.21222591400146484,0.22403907775878906,0.21031498908996582,0.2228541374206543,0.2350308895111084,0.484346866607666,0.2039937973022461,0.22835111618041992,0.24827885627746582,0.21638703346252441,0.25131916999816895,0.5505123138427734,0.22231221199035645,0.24765610694885254,0.21417498588562012,0.4753761291503906,0.23197197914123535,0.26398420333862305,0.48462796211242676,0.22850418090820312,0.49089479446411133,0.5033652782440186,0.23561406135559082,0.7476820945739746,0.2471909523010254,0.21580100059509277,0.24975800514221191
821,0.21311426162719727,0.22606420516967773,0.20680499076843262,0.8139340877532959,0.22046589851379395,0.5005748271942139,0.24353313446044922,0.24868988990783691,0.23113489151000977,1.0895121097564697,0.2147502899169922,0.2364959716796875,0.21554183959960938,0.23537397384643555,0.22564387321472168,0.2572650909423828,0.2427668571472168,0.24004697799682617,0.2467808723449707,0.2349081039428711,0.23067879676818848,0.22725987434387207,0.19263386726379395,0.23862099647521973,0.21626901626586914,0.24651789665222168,0.21402597427368164,0.23670005798339844,0.22131609916687012,0.2594270706176758,0.22261786460876465,0.5481719970703125,0.2419910430908203,0.23549199104309082,0.254544734954834,0.2445971965789795,0.518157958984375,0.23650097846984863,0.5239908695220947,0.21605587005615234,0.24556684494018555,0.4685637950897217,0.23529601097106934,0.47261619567871094,0.499741792678833,0.24314498901367188,0.2191638946533203,0.22115516662597656,0.23359990119934082,0.23734474182128906
822,0.23259210586547852,0.21183013916015625,0.5203640460968018,0.5323958396911621,0.23691821098327637,0.20952200889587402,0.23800396919250488,0.21013689041137695,0.20787501335144043,0.22998499870300293,0.2510559558868408,0.24156785011291504,1.1332199573516846,0.23714780807495117,0.2296440601348877,0.23603296279907227,0.23884797096252441,0.2158830165863037,0.5004150867462158,0.23783612251281738,1.149169921875,0.25681495666503906,0.2462022304534912,0.23851609230041504,0.21808528900146484,0.20744705200195312,0.24422907829284668,0.23645472526550293,0.2165842056274414,0.22165775299072266,0.2170121669769287,0.5328309535980225,0.24441003799438477,0.23577308654785156,0.24924206733703613,0.2415931224822998,0.5170872211456299,0.23726511001586914,0.8130412101745605,0.2319040298461914,0.22796297073364258,0.49901795387268066,0.21825194358825684,0.5152919292449951,0.5128231048583984,0.23380804061889648,0.3218991756439209,0.2151050567626953,0.23389506340026855,0.23096990585327148
823,0.21006202697753906,0.24815678596496582,0.25892210006713867,0.476409912109375,0.2151181697845459,0.47428393363952637,0.274766206741333,0.23844099044799805,0.2361443042755127,0.24991583824157715,0.23949623107910156,0.21673798561096191,0.2694272994995117,0.24487900733947754,0.20888590812683105,0.26638317108154297,0.22108769416809082,0.22868776321411133,0.8037171363830566,0.23484110832214355,0.5311107635498047,0.24109172821044922,0.8140161037445068,0.2189030647277832,0.23462772369384766,0.23210906982421875,0.20741486549377441,0.2499680519104004,0.2145228385925293,0.24013018608093262,0.217360258102417,0.2866020202636719,0.24895811080932617,0.22943687438964844,0.5322060585021973,0.23284196853637695,0.5260190963745117,0.24382591247558594,1.446444034576416,0.2399609088897705,0.21652913093566895,0.49091291427612305,0.3132588863372803,0.518394947052002,1.160898208618164,0.23807096481323242,0.22045373916625977,0.22057890892028809,0.21195125579833984,0.2100691795349121
824,0.2290499210357666,0.2354288101196289,0.23829030990600586,0.8252038955688477,0.2204740047454834,0.22449111938476562,0.5135519504547119,0.2340679168701172,0.2500948905944824,0.5695288181304932,0.23488903045654297,0.22872400283813477,0.29834890365600586,0.21181225776672363,0.22296404838562012,0.25713086128234863,0.2141730785369873,0.23720407485961914,0.500298023223877,0.23287725448608398,0.2356560230255127,0.22194719314575195,0.20646405220031738,0.23876094818115234,0.2140190601348877,0.24222493171691895,0.2380521297454834,0.23572516441345215,0.475830078125,0.19957304000854492,0.2212998867034912,0.5758140087127686,0.24466300010681152,0.21470189094543457,0.5415499210357666,0.21759700775146484,0.501943826675415,0.2348337173461914,0.5028839111328125,0.2282240390777588,0.24209213256835938,0.5254108905792236,0.2199110984802246,0.5176489353179932,5.206223726272583,0.5148649215698242,0.21102690696716309,0.210737943649292,0.25156712532043457,0.21374106407165527
825,0.24013113975524902,0.20893216133117676,0.25209808349609375,0.8281011581420898,0.21808695793151855,0.21785902976989746,0.23418807983398438,0.23868489265441895,0.23651599884033203,0.5313751697540283,0.2366180419921875,0.24332022666931152,0.2347879409790039,0.25307416915893555,0.20456886291503906,0.23224282264709473,0.20854496955871582,0.2511627674102783,0.500054121017456,0.22479701042175293,0.2366478443145752,0.21654295921325684,0.22238588333129883,0.21930384635925293,0.24404096603393555,0.2207353115081787,0.23635411262512207,0.22444391250610352,0.5324349403381348,0.2397289276123047,0.23012256622314453,0.30284976959228516,0.23609185218811035,0.2557239532470703,0.26355600357055664,0.24307513236999512,0.22701787948608398,0.21291232109069824,0.45810770988464355,0.2541077136993408,0.23919987678527832,0.5169990062713623,0.2541229724884033,0.5191826820373535,2.899609088897705,0.23623108863830566,0.5071799755096436,0.21566224098205566,0.23537206649780273,0.22814106941223145
826,0.22918033599853516,0.2290046215057373,0.4167017936706543,1.2156987190246582,0.2142939567565918,0.22080492973327637,0.21042919158935547,0.2478489875793457,0.24225616455078125,0.7711799144744873,0.23736906051635742,0.23586010932922363,0.23073697090148926,0.2103722095489502,0.23466706275939941,1.199666976928711,0.22488093376159668,0.23515915870666504,1.08669114112854,0.23862600326538086,0.20677781105041504,0.21838903427124023,0.2347562313079834,0.22909307479858398,0.23289704322814941,0.2244269847869873,0.24291396141052246,0.2107851505279541,0.24364590644836426,0.25842809677124023,0.20516300201416016,0.5617897510528564,0.22890615463256836,0.22357416152954102,0.25423431396484375,0.2236020565032959,0.5599648952484131,0.2208719253540039,0.2453618049621582,0.2108769416809082,0.2441110610961914,0.8632259368896484,0.2656841278076172,0.5026960372924805,7.097384214401245,0.2118690013885498,0.6389718055725098,0.23169422149658203,0.23499131202697754,0.2270369529724121
827,0.2251739501953125,0.20532703399658203,0.8585300445556641,0.5166990756988525,0.25803089141845703,0.4717679023742676,0.22307586669921875,0.23891592025756836,0.22588419914245605,0.2573409080505371,0.2465360164642334,0.21982407569885254,0.5067439079284668,0.21441102027893066,0.22987699508666992,0.5733401775360107,0.22700119018554688,0.23843717575073242,0.2304079532623291,0.23645997047424316,0.5486712455749512,0.2273850440979004,0.23147225379943848,0.24877214431762695,0.2387382984161377,0.21318602561950684,0.23716497421264648,0.21221017837524414,0.4860868453979492,0.484943151473999,0.2351388931274414,0.9055650234222412,0.22882509231567383,0.21457505226135254,0.6079459190368652,0.26034116744995117,0.23977208137512207,0.20992016792297363,0.4972860813140869,0.21980690956115723,0.22513890266418457,0.4799771308898926,0.5463290214538574,0.4780690670013428,0.8959329128265381,0.2284681797027588,0.5445621013641357,0.23748397827148438,0.23588299751281738,0.2116549015045166
828,0.22554612159729004,0.2229628562927246,0.4909212589263916,0.20952105522155762,0.2351689338684082,0.4536929130554199,0.21064400672912598,0.23123884201049805,0.21485090255737305,0.22546124458312988,0.21179580688476562,0.21755409240722656,0.8016548156738281,0.21834588050842285,0.23449397087097168,0.5651657581329346,0.2299511432647705,0.23232173919677734,0.48754191398620605,0.2378859519958496,0.2367720603942871,0.21950364112854004,0.8140590190887451,0.20575690269470215,0.2462608814239502,0.23011493682861328,0.21510601043701172,0.24410009384155273,0.4923887252807617,0.22168779373168945,0.2335522174835205,0.2711150646209717,0.2408452033996582,0.2168111801147461,0.5316579341888428,0.2231900691986084,0.24721384048461914,0.23128199577331543,0.24324798583984375,0.23940801620483398,0.777752161026001,0.5319890975952148,0.24030327796936035,0.4545280933380127,0.9409599304199219,0.23066115379333496,0.5485067367553711,0.24912095069885254,0.2448592185974121,0.23344206809997559
829,0.21549725532531738,0.23502898216247559,0.48730897903442383,0.25223708152770996,0.2377760410308838,0.48635220527648926,0.2148268222808838,0.21114587783813477,0.23273706436157227,0.2451920509338379,0.22905492782592773,0.21950697898864746,0.25155186653137207,0.24364304542541504,0.2090010643005371,0.23333311080932617,0.2379300594329834,0.2249279022216797,0.7486069202423096,0.23263287544250488,0.2365257740020752,0.2149491310119629,0.2564361095428467,0.23575091361999512,0.2366492748260498,0.24093389511108398,0.2301180362701416,0.2404642105102539,0.46721792221069336,0.5115609169006348,0.23917078971862793,0.8642764091491699,0.22464370727539062,0.21837091445922852,0.24507880210876465,0.2460770606994629,0.2453758716583252,0.22759222984313965,1.0932927131652832,0.23182892799377441,0.24263286590576172,2.371626138687134,0.27614593505859375,0.5189471244812012,0.9003620147705078,0.5006518363952637,0.49639201164245605,0.21875,0.25777101516723633,0.23672223091125488
830,0.21125411987304688,0.2053370475769043,0.5006260871887207,0.5025341510772705,0.2284107208251953,0.2453627586364746,0.22249817848205566,0.23649287223815918,0.2066199779510498,0.48142004013061523,0.21634697914123535,0.21560192108154297,0.23563790321350098,0.24020791053771973,0.21870899200439453,0.2361609935760498,0.2356281280517578,0.22847604751586914,0.25162410736083984,0.2506861686706543,0.20749616622924805,0.21922612190246582,0.23148107528686523,0.47264623641967773,0.23775100708007812,0.2332930564880371,0.20845699310302734,0.23390674591064453,0.2786698341369629,0.2121438980102539,0.25056886672973633,0.30715394020080566,0.2378079891204834,0.24326515197753906,0.24557161331176758,0.22320795059204102,0.22725987434387207,0.24345898628234863,0.8414630889892578,0.2526662349700928,0.21792101860046387,0.8433139324188232,0.222520112991333,0.8404557704925537,0.9125900268554688,0.21808576583862305,0.522895097732544,0.22624468803405762,0.2248518466949463,0.24543213844299316
831,0.21859097480773926,0.22935795783996582,0.2412252426147461,0.24954009056091309,0.24123120307922363,0.23513197898864746,0.21144771575927734,0.24955296516418457,0.22223711013793945,0.562082052230835,0.21523523330688477,0.2584259510040283,0.2093808650970459,0.23340201377868652,0.24588704109191895,0.5141410827636719,0.23218607902526855,0.21501398086547852,0.510833740234375,0.23592495918273926,0.275515079498291,0.2287921905517578,0.2374868392944336,0.20738983154296875,0.21318984031677246,0.24280500411987305,0.24004602432250977,0.23512911796569824,0.2287459373474121,0.21635985374450684,0.23369407653808594,0.22583293914794922,0.241286039352417,0.21096396446228027,0.23224401473999023,0.2170419692993164,0.23243212699890137,0.2251298427581787,0.5313968658447266,0.23562884330749512,0.7554821968078613,0.5187251567840576,0.24683070182800293,0.5242769718170166,1.2460627555847168,0.229691743850708,0.5181529521942139,0.21165108680725098,0.2147531509399414,0.20675110816955566
832,0.237318754196167,0.21010613441467285,0.22457194328308105,0.2354738712310791,0.24427127838134766,0.2339789867401123,0.22710800170898438,0.23888397216796875,0.2203660011291504,0.5180361270904541,0.24426698684692383,0.23706984519958496,0.2581477165222168,0.23608183860778809,0.20714902877807617,0.21831870079040527,0.22449302673339844,0.2220780849456787,0.44600701332092285,0.22852706909179688,0.20900797843933105,0.25416994094848633,0.23720097541809082,0.23226690292358398,0.22378277778625488,0.22709083557128906,0.24675464630126953,0.22916388511657715,0.5021638870239258,0.8848600387573242,0.23197698593139648,0.2868680953979492,0.25019216537475586,0.20292210578918457,0.2889688014984131,0.2553391456604004,0.24075794219970703,0.2387378215789795,0.46440911293029785,0.23584675788879395,0.5146291255950928,0.5176680088043213,0.49696898460388184,0.5189681053161621,0.5221970081329346,0.8599648475646973,0.4727959632873535,0.2367098331451416,0.24291110038757324,0.2106781005859375
833,0.21080923080444336,0.24937987327575684,0.1986560821533203,1.1407990455627441,0.21485304832458496,0.4845418930053711,0.4702420234680176,0.236191987991333,0.21758389472961426,0.2998969554901123,0.23935508728027344,0.23145079612731934,0.8183591365814209,0.22737908363342285,0.20869994163513184,0.5747308731079102,0.23837494850158691,0.21617817878723145,0.5301733016967773,0.2098240852355957,0.23244118690490723,0.23447108268737793,0.23902678489685059,0.2098560333251953,0.23076605796813965,0.20702219009399414,0.2420501708984375,0.22649908065795898,0.5139410495758057,0.21674585342407227,0.20652270317077637,0.5368349552154541,0.23839902877807617,0.23746514320373535,0.3395271301269531,0.23286199569702148,0.5229611396789551,0.27150988578796387,2.4061808586120605,0.23129510879516602,0.25949597358703613,0.8345060348510742,0.23806095123291016,0.49793386459350586,3.427319049835205,0.23935794830322266,0.5007948875427246,0.48536133766174316,0.24997687339782715,0.23174691200256348
834,0.23043513298034668,0.23015403747558594,1.1118929386138916,0.48359203338623047,0.23968005180358887,0.4879329204559326,0.22020411491394043,0.23430490493774414,0.24147701263427734,0.2581796646118164,0.23569989204406738,0.23764896392822266,0.22820782661437988,0.23178315162658691,0.2260301113128662,0.5333859920501709,0.23701095581054688,0.22298288345336914,0.4909398555755615,0.21448516845703125,0.1920461654663086,0.23109984397888184,0.2077927589416504,0.205488920211792,0.2232069969177246,0.23441195487976074,0.22900032997131348,0.24237394332885742,0.24874401092529297,0.22462010383605957,0.24148201942443848,0.2735319137573242,0.22390484809875488,0.2348191738128662,0.5260391235351562,0.24256110191345215,0.25214123725891113,0.2564418315887451,0.4992551803588867,0.21320104598999023,0.22507882118225098,0.5303809642791748,0.25241994857788086,0.5246431827545166,0.5055370330810547,0.22997617721557617,0.5175180435180664,0.2475910186767578,0.24855589866638184,0.23629999160766602
835,0.2369368076324463,0.20523691177368164,0.2193620204925537,0.48016810417175293,0.23592686653137207,0.20957684516906738,0.2169816493988037,0.23085689544677734,0.23511195182800293,0.4664731025695801,0.20804905891418457,0.22806715965270996,0.21538615226745605,0.23990988731384277,0.2141859531402588,0.5496127605438232,0.23534798622131348,0.2319188117980957,0.817270040512085,0.2507290840148926,0.8821561336517334,0.21155714988708496,0.2250499725341797,0.24268531799316406,0.2147819995880127,0.20747113227844238,0.2418076992034912,0.23336410522460938,0.46962714195251465,0.5417740345001221,0.2515389919281006,0.25315308570861816,0.21446895599365234,0.5051577091217041,0.24712204933166504,0.22014498710632324,0.26767778396606445,0.21175479888916016,0.5330300331115723,0.2528951168060303,0.24105072021484375,0.8450720310211182,0.26511216163635254,1.4797639846801758,0.5525310039520264,0.20931673049926758,0.5477261543273926,0.22145628929138184,0.2311408519744873,0.25258588790893555
836,0.2314460277557373,0.21637892723083496,0.23235011100769043,0.5126032829284668,0.231719970703125,0.5322961807250977,0.6541340351104736,0.22570586204528809,0.21450185775756836,0.5461540222167969,0.22989583015441895,0.2565751075744629,0.22312116622924805,0.23478484153747559,0.2364652156829834,0.27721190452575684,0.23617100715637207,0.21667981147766113,0.8328158855438232,0.23231887817382812,0.2237250804901123,0.23889899253845215,0.20911574363708496,0.21062588691711426,0.2184751033782959,0.24652481079101562,0.22433900833129883,0.2381298542022705,0.9027199745178223,0.2474970817565918,0.23373103141784668,0.21785402297973633,0.23921990394592285,0.235670804977417,0.5313210487365723,0.21949982643127441,0.24901390075683594,0.2465229034423828,0.4577059745788574,0.23218011856079102,0.22434401512145996,0.8623132705688477,0.24899005889892578,0.5263240337371826,0.5322768688201904,0.2525351047515869,0.5015506744384766,0.21842527389526367,0.24615693092346191,0.23567891120910645
837,0.23047900199890137,0.22732973098754883,0.22273707389831543,0.46060705184936523,0.2515871524810791,0.2533071041107178,0.21518516540527344,0.23996686935424805,0.21024179458618164,0.5346200466156006,0.22552800178527832,0.2246689796447754,0.22137808799743652,0.2317492961883545,0.21882009506225586,0.23618006706237793,0.25386500358581543,0.2128288745880127,2.0745811462402344,0.23401117324829102,0.23005890846252441,0.25311708450317383,0.23436188697814941,0.23167824745178223,0.2260289192199707,0.2105419635772705,0.2461860179901123,0.23396515846252441,0.2217717170715332,0.4922490119934082,0.20924997329711914,0.5357561111450195,0.2516317367553711,0.5021438598632812,0.499830961227417,0.25897693634033203,0.5197350978851318,0.22915315628051758,2.3619229793548584,0.23756694793701172,0.23728108406066895,1.1751201152801514,0.25489211082458496,0.8421862125396729,0.5444622039794922,0.5335819721221924,0.5004239082336426,0.2517709732055664,0.2207937240600586,0.2364490032196045
838,0.20940113067626953,0.22521495819091797,0.5022339820861816,1.7028729915618896,0.2369670867919922,0.5510718822479248,0.2097620964050293,0.23414969444274902,0.2128431797027588,0.2577681541442871,0.23644399642944336,0.21613311767578125,0.2406468391418457,0.23857617378234863,0.21720099449157715,0.23695087432861328,0.23293018341064453,0.21608209609985352,0.4860951900482178,0.24027276039123535,0.20587491989135742,0.23627805709838867,0.24701976776123047,0.20875120162963867,0.24703598022460938,0.23185276985168457,0.2070169448852539,0.25300097465515137,0.5024821758270264,0.22489428520202637,0.2320539951324463,0.263394832611084,0.23514294624328613,0.47717881202697754,0.23487114906311035,0.21805596351623535,0.22065401077270508,0.2453291416168213,0.5079290866851807,0.23648285865783691,0.24032306671142578,0.4535369873046875,0.2632749080657959,0.5036542415618896,0.4952220916748047,0.2701592445373535,0.6525192260742188,0.2111968994140625,0.222747802734375,0.20785880088806152
839,0.21389007568359375,0.23081088066101074,0.50307297706604,1.1464691162109375,0.2297830581665039,0.23068785667419434,0.2220139503479004,0.23776936531066895,0.24709010124206543,0.49712300300598145,0.23191022872924805,0.2463979721069336,0.5032541751861572,0.2440199851989746,0.22065305709838867,0.9141778945922852,0.20803213119506836,0.2319471836090088,0.4888441562652588,0.23032069206237793,0.4999830722808838,0.23369789123535156,1.7235817909240723,0.22936701774597168,0.21450591087341309,0.23706316947937012,0.21836209297180176,0.23442816734313965,0.48830580711364746,0.24140381813049316,0.23371291160583496,0.2973940372467041,0.23450803756713867,0.23795700073242188,0.5140948295593262,0.22245097160339355,0.8939330577850342,0.2125852108001709,0.466921329498291,0.2282729148864746,0.22493791580200195,0.5208661556243896,0.2376089096069336,0.5045521259307861,2.9074289798736572,0.232954740524292,0.4995129108428955,0.21439003944396973,0.24917387962341309,0.22843003273010254
840,0.24257397651672363,0.20907998085021973,0.23606586456298828,0.460521936416626,0.2143850326538086,0.5213119983673096,0.5056099891662598,0.23606491088867188,0.23482179641723633,0.546940803527832,0.23928189277648926,0.22710180282592773,0.5027182102203369,0.21428823471069336,0.20710468292236328,0.6116411685943604,0.23386907577514648,0.24994683265686035,0.5063939094543457,0.2303910255432129,0.21669983863830566,0.23639917373657227,0.4983687400817871,0.22409510612487793,0.25094103813171387,0.2138979434967041,0.22626399993896484,0.21039485931396484,0.497485876083374,0.23158717155456543,0.22111892700195312,0.5475971698760986,0.2366318702697754,0.25220203399658203,0.23479557037353516,0.24164295196533203,0.2201840877532959,0.2206881046295166,1.7532150745391846,0.2526388168334961,0.24701309204101562,0.827347993850708,0.24453186988830566,0.4969007968902588,0.5356190204620361,0.24008393287658691,0.5156769752502441,0.22936081886291504,0.2304682731628418,0.23223233222961426
841,0.21326303482055664,0.22195792198181152,0.48919200897216797,0.4813120365142822,0.23876571655273438,0.5042681694030762,0.2321150302886963,0.25066232681274414,0.2381277084350586,0.49864721298217773,0.23386096954345703,0.25275683403015137,0.24411702156066895,0.2104630470275879,0.23686981201171875,0.24252629280090332,0.2377471923828125,0.23602676391601562,1.8303847312927246,0.23574614524841309,0.2311108112335205,0.2305469512939453,0.2243492603302002,0.2271718978881836,0.2513010501861572,0.22989392280578613,0.21163296699523926,0.23188114166259766,0.5126969814300537,0.2234330177307129,0.23561811447143555,0.21376395225524902,0.23116683959960938,0.2239680290222168,0.23007416725158691,0.2319350242614746,0.24603891372680664,0.2200460433959961,1.1312618255615234,0.21193909645080566,0.2492351531982422,0.5030159950256348,0.22417926788330078,0.5007739067077637,0.5632510185241699,0.23212003707885742,0.5158729553222656,0.24696612358093262,0.23843622207641602,0.22126507759094238
842,0.24941301345825195,0.20644903182983398,0.21796107292175293,2.3259360790252686,0.24905967712402344,0.5048198699951172,0.4916808605194092,0.2338581085205078,0.23539400100708008,0.2301340103149414,0.2505030632019043,0.24010300636291504,0.23157310485839844,0.21782779693603516,0.21653008460998535,0.5704712867736816,0.252392053604126,0.2329859733581543,0.517690896987915,0.23240399360656738,0.23431992530822754,0.2281937599182129,0.22996878623962402,0.20650005340576172,0.2507472038269043,0.22257375717163086,0.24728012084960938,0.235795259475708,0.5150308609008789,0.5273010730743408,0.2367260456085205,0.7564167976379395,0.230072021484375,0.23534512519836426,0.5554068088531494,0.25725698471069336,0.25055909156799316,0.21389293670654297,0.4742426872253418,0.23424100875854492,0.24216604232788086,0.8592519760131836,0.21988177299499512,0.49609971046447754,0.5225977897644043,0.25330209732055664,0.4977691173553467,0.2633180618286133,0.24053001403808594,0.21562504768371582
843,0.2331712245941162,0.22967004776000977,0.2218189239501953,0.4900093078613281,0.2271900177001953,0.22231221199035645,0.48709917068481445,0.21422290802001953,0.23250198364257812,0.5266509056091309,0.21030497550964355,0.22282767295837402,0.22553086280822754,0.2289869785308838,0.23007488250732422,0.23986291885375977,0.23618412017822266,0.2380809783935547,0.39395618438720703,0.23558592796325684,0.23507022857666016,0.23784208297729492,0.20670843124389648,0.20764899253845215,0.267301082611084,0.22276091575622559,0.23785400390625,0.2519690990447998,0.4955930709838867,0.23219680786132812,0.23951005935668945,0.5471539497375488,0.23026180267333984,0.22526812553405762,0.2538149356842041,0.22426414489746094,0.26615285873413086,0.2600741386413574,0.5067729949951172,0.23874115943908691,0.2401740550994873,0.5080361366271973,0.2557368278503418,0.5348899364471436,0.5069401264190674,0.2326521873474121,0.22324299812316895,0.22345709800720215,0.22899889945983887,0.22713494300842285
844,0.2084197998046875,0.234144926071167,0.21573805809020996,2.2598862648010254,0.2163982391357422,0.992499828338623,0.23032283782958984,0.2227158546447754,0.22608113288879395,0.5364658832550049,0.23143720626831055,0.2187819480895996,0.8289248943328857,0.25145602226257324,0.23801493644714355,0.25803112983703613,0.23750710487365723,0.21120810508728027,0.44856810569763184,0.23762083053588867,0.23086881637573242,0.23735690116882324,0.23463702201843262,0.2421419620513916,0.24628996849060059,0.21044683456420898,0.23186421394348145,0.23615527153015137,0.5042679309844971,0.24235200881958008,0.23357176780700684,0.220933198928833,0.23536300659179688,0.4286158084869385,0.5659430027008057,0.2451491355895996,0.2500600814819336,0.2775108814239502,0.5514490604400635,0.2376081943511963,0.22219491004943848,0.5019018650054932,0.22446727752685547,0.5076730251312256,0.49924516677856445,0.2634398937225342,0.5423288345336914,0.24516820907592773,0.24896597862243652,0.23534202575683594
845,0.20678210258483887,0.23447394371032715,0.2204129695892334,0.5131559371948242,0.21726393699645996,0.5032188892364502,0.4615910053253174,0.21742796897888184,0.2378559112548828,0.2644209861755371,0.2393808364868164,0.21649599075317383,0.45207810401916504,0.2396078109741211,0.23557829856872559,0.26409006118774414,0.23375391960144043,0.2464137077331543,0.24753284454345703,0.24657797813415527,0.20855498313903809,0.2313249111175537,0.23366308212280273,0.24620699882507324,0.22275710105895996,0.23624014854431152,0.2153317928314209,0.23483490943908691,0.23476219177246094,0.4849369525909424,0.24899625778198242,0.5634760856628418,0.24359798431396484,0.4984557628631592,0.23956298828125,0.22240304946899414,0.2507591247558594,0.23419594764709473,0.23833584785461426,0.24949026107788086,0.2504720687866211,1.1026477813720703,0.27918577194213867,0.49912595748901367,5.18070125579834,0.2112886905670166,0.5196969509124756,0.21807527542114258,0.22150397300720215,0.22696280479431152
846,0.2301931381225586,0.20846104621887207,0.1978011131286621,0.45516085624694824,0.2227919101715088,0.2389070987701416,0.20998477935791016,0.2333669662475586,0.2364811897277832,0.5161049365997314,0.23773789405822754,0.26140689849853516,0.49360203742980957,0.22357416152954102,0.24773406982421875,0.5358221530914307,0.20893502235412598,0.2405388355255127,0.8265199661254883,0.2379150390625,0.2397468090057373,0.23261690139770508,0.22669005393981934,0.20431995391845703,0.21374893188476562,0.2505960464477539,0.22733521461486816,0.2380530834197998,0.4729642868041992,0.21938800811767578,0.20767521858215332,0.5307939052581787,0.23014330863952637,0.2161569595336914,0.5288660526275635,0.21793580055236816,0.2655789852142334,0.2129652500152588,0.8471038341522217,0.23182201385498047,0.25055527687072754,1.1012611389160156,0.5034041404724121,0.507030725479126,0.8694679737091064,0.2288670539855957,0.5169222354888916,0.26312899589538574,0.23759007453918457,0.20923495292663574
847,0.24921894073486328,0.23220610618591309,0.9234318733215332,0.48715877532958984,0.24942588806152344,0.5176100730895996,0.23634600639343262,0.22793817520141602,0.23733115196228027,0.532181978225708,0.2497849464416504,0.22264719009399414,0.23183584213256836,0.24393606185913086,0.20900487899780273,0.21422076225280762,0.2353661060333252,0.23496294021606445,0.5222220420837402,0.20833420753479004,0.2507791519165039,0.25751399993896484,0.206787109375,0.2353672981262207,0.24199509620666504,0.22752809524536133,0.2626187801361084,0.2283170223236084,0.48044705390930176,0.5252430438995361,0.207777738571167,0.5445318222045898,0.2552640438079834,0.21843695640563965,0.2619659900665283,0.2607440948486328,0.4982109069824219,0.2190699577331543,0.4692533016204834,0.2390131950378418,0.26637792587280273,1.781029224395752,0.2641029357910156,0.4532768726348877,1.141113042831421,0.23201799392700195,0.2253739833831787,0.2211170196533203,0.2216200828552246,0.22059106826782227
848,0.2103719711303711,0.2237560749053955,0.2251882553100586,0.48656415939331055,0.21366190910339355,0.5004310607910156,0.20006203651428223,0.2385249137878418,0.23426485061645508,0.24122309684753418,0.23664093017578125,0.21661877632141113,0.5024149417877197,0.2121870517730713,0.2082371711730957,0.5503621101379395,0.22945213317871094,0.2365260124206543,0.5048809051513672,0.23115777969360352,0.24071979522705078,0.23382210731506348,0.21573209762573242,0.4891221523284912,0.25110316276550293,0.2107839584350586,0.21162986755371094,0.22713780403137207,0.4960911273956299,0.8215618133544922,0.21801304817199707,0.2886509895324707,0.23256397247314453,0.4827761650085449,0.23299622535705566,0.21941089630126953,0.33979225158691406,0.2343442440032959,0.2161118984222412,0.21121001243591309,0.2506427764892578,0.48603105545043945,0.26778101921081543,0.46307992935180664,1.170659065246582,0.485734224319458,0.5232760906219482,0.24779415130615234,0.24593710899353027,0.22253680229187012
849,0.22959423065185547,0.20459914207458496,0.21574187278747559,0.47091007232666016,0.24071288108825684,0.21189379692077637,0.24335789680480957,0.2350611686706543,0.25217103958129883,0.4767131805419922,0.23409581184387207,0.21759414672851562,0.23615741729736328,0.24442386627197266,0.21869206428527832,0.563194990158081,0.2285921573638916,0.2319939136505127,0.5080268383026123,0.21048688888549805,0.23103594779968262,0.21405291557312012,0.2289140224456787,0.22987818717956543,0.22716593742370605,0.23696327209472656,0.23517918586730957,0.23884081840515137,0.5155351161956787,0.5173382759094238,0.24380207061767578,0.30710911750793457,0.214385986328125,0.5281820297241211,0.5648050308227539,0.24904799461364746,0.24230098724365234,0.21244215965270996,1.062769889831543,0.22910594940185547,0.2507500648498535,0.4699211120605469,0.24714374542236328,2.7647297382354736,0.528825044631958,0.2434232234954834,0.22501802444458008,0.22635173797607422,1.0338430404663086,0.2105882167816162
850,0.20940113067626953,0.2178208827972412,0.2376420497894287,0.470081090927124,0.23509526252746582,0.47487902641296387,0.23971915245056152,0.2276611328125,0.23396897315979004,0.2241530418395996,0.20896005630493164,0.22038507461547852,0.5349225997924805,0.24084687232971191,0.231903076171875,0.24081778526306152,0.22841191291809082,0.2528188228607178,1.0672399997711182,0.24831080436706543,0.48592281341552734,0.2273879051208496,0.21070575714111328,0.20823979377746582,0.21442222595214844,0.24232912063598633,0.24010586738586426,0.23605918884277344,0.48796701431274414,0.21723604202270508,0.2356700897216797,0.5465950965881348,0.23066377639770508,0.2537572383880615,0.5316767692565918,0.2220628261566162,0.22118711471557617,0.21598172187805176,0.47525691986083984,0.2583498954772949,0.24734020233154297,1.4569239616394043,0.21831512451171875,0.5134782791137695,1.165583848953247,0.23064684867858887,0.2881011962890625,0.21131205558776855,1.8782827854156494,0.24342608451843262
851,0.22938203811645508,0.22748804092407227,0.24303102493286133,0.47873902320861816,0.24221301078796387,1.1346259117126465,0.23528194427490234,0.22522711753845215,0.22978878021240234,0.5561730861663818,0.2356281280517578,0.2576000690460205,0.21701383590698242,0.23526787757873535,0.24976515769958496,0.2547578811645508,0.2348930835723877,0.23309898376464844,0.4697287082672119,0.23598313331604004,0.25295591354370117,0.24132704734802246,0.2485027313232422,0.22488713264465332,0.2190709114074707,0.24585223197937012,0.22916769981384277,0.23688387870788574,0.5181031227111816,0.23511910438537598,0.22168183326721191,0.2735590934753418,0.23904776573181152,0.798213005065918,0.2543032169342041,0.24397706985473633,0.24019479751586914,0.22040390968322754,0.5138592720031738,0.2329730987548828,0.22165513038635254,0.4650270938873291,0.22339582443237305,5.894347906112671,0.8658018112182617,0.2392749786376953,0.5165801048278809,0.253511905670166,1.7785229682922363,0.2101912498474121
852,0.22358012199401855,0.21429014205932617,0.23035573959350586,0.4997260570526123,0.23462700843811035,0.5184237957000732,0.4571709632873535,0.2173471450805664,0.20824289321899414,0.5111877918243408,0.2521390914916992,0.21684908866882324,0.22777104377746582,0.2305910587310791,0.23705816268920898,0.5306189060211182,0.2260129451751709,0.2115039825439453,0.21650314331054688,0.23845624923706055,0.21217584609985352,0.25198888778686523,0.2164149284362793,0.22516775131225586,0.2169346809387207,0.23682188987731934,0.24010610580444336,0.23130583763122559,0.48853588104248047,0.8801620006561279,0.21571683883666992,0.556494951248169,0.24839115142822266,0.21015405654907227,0.5620942115783691,0.23957085609436035,0.25538206100463867,0.22226190567016602,0.5023708343505859,0.23302602767944336,0.2675471305847168,1.7527828216552734,0.24227309226989746,0.5103201866149902,0.5222799777984619,0.24814701080322266,0.49584412574768066,0.46886420249938965,1.7854578495025635,0.23061513900756836
853,0.2088298797607422,0.24699807167053223,0.23382925987243652,0.4855630397796631,0.2185351848602295,0.4909381866455078,0.522118091583252,0.22159385681152344,0.2129049301147461,0.25069594383239746,0.23777079582214355,0.2264089584350586,0.24247074127197266,0.24238991737365723,0.2359917163848877,0.27010464668273926,0.23021793365478516,0.23803997039794922,0.46784210205078125,0.2342078685760498,0.5311450958251953,0.22817397117614746,0.22850704193115234,0.23347091674804688,0.2295217514038086,0.2417449951171875,0.20650386810302734,0.2536509037017822,0.49530792236328125,0.2400362491607666,0.22489094734191895,0.28793978691101074,0.23581743240356445,0.23546767234802246,0.5471370220184326,0.2168581485748291,0.5038411617279053,0.22865700721740723,0.20880818367004395,0.23839998245239258,0.24935603141784668,2.3439152240753174,0.22707796096801758,2.034348964691162,0.5026140213012695,0.2349090576171875,0.2957613468170166,0.2122178077697754,1.9733352661132812,0.21045994758605957
854,0.22362995147705078,0.23405981063842773,0.23857998847961426,0.47194504737854004,0.21950888633728027,0.23253178596496582,0.5096619129180908,0.21456408500671387,0.2428741455078125,0.32481884956359863,0.23533010482788086,0.22844409942626953,0.2299330234527588,0.2399289608001709,0.23315191268920898,0.215073823928833,0.20745420455932617,0.22963690757751465,0.9348371028900146,0.2135469913482666,0.22757887840270996,0.2414247989654541,0.20850896835327148,0.23495030403137207,0.2160952091217041,0.2208099365234375,0.22251629829406738,0.23593497276306152,0.48784375190734863,0.22436285018920898,0.21277284622192383,0.24444103240966797,0.23750996589660645,0.23077106475830078,0.529109001159668,0.24326395988464355,0.22487711906433105,0.22379088401794434,1.072631597518921,0.23081278800964355,0.2550218105316162,0.46297121047973633,0.6984639167785645,0.8339948654174805,0.3585469722747803,0.21171283721923828,0.25246095657348633,0.21377110481262207,1.912904977798462,0.23839497566223145
855,0.21274209022521973,0.20729899406433105,0.5365118980407715,0.44696784019470215,0.21210432052612305,0.518801212310791,0.22402191162109375,0.22664308547973633,0.21132111549377441,0.29369115829467773,0.23195981979370117,0.23309898376464844,0.2064979076385498,0.21776318550109863,0.20670223236083984,0.26096415519714355,0.2367250919342041,0.25692296028137207,0.4227912425994873,0.24086380004882812,0.2138230800628662,0.235184907913208,0.21465110778808594,0.20894718170166016,0.2194368839263916,0.20645928382873535,0.2279958724975586,0.21058201789855957,0.4170551300048828,0.23261690139770508,0.22359085083007812,0.2256758213043213,0.23370718955993652,0.48761892318725586,0.2385258674621582,0.22528386116027832,0.24419474601745605,0.21523404121398926,0.4752161502838135,0.2539060115814209,0.24510908126831055,0.843987226486206,0.22268891334533691,3.6628470420837402,0.5302252769470215,0.545058012008667,0.5478801727294922,0.24379420280456543,1.7956840991973877,0.24925804138183594
856,0.23282194137573242,0.20679092407226562,0.21887612342834473,0.5159399509429932,0.21532106399536133,0.2513120174407959,0.24148988723754883,0.2570948600769043,0.2319810390472412,0.2516059875488281,0.2104051113128662,0.2575950622558594,0.2329399585723877,0.22021126747131348,0.24676823616027832,0.5481469631195068,0.23716282844543457,0.230057954788208,0.49773311614990234,0.24534201622009277,0.22397899627685547,0.21362090110778809,0.811988115310669,0.22905397415161133,0.22209405899047852,0.2322990894317627,0.2362680435180664,0.2264411449432373,0.5134541988372803,0.2224438190460205,0.22028899192810059,0.8556079864501953,0.21332693099975586,0.24006009101867676,0.2995572090148926,0.24804401397705078,0.5040290355682373,0.21047186851501465,0.4947671890258789,0.21326994895935059,0.22390508651733398,0.9015419483184814,0.2511870861053467,5.649161100387573,0.5039310455322266,0.2729620933532715,0.5328860282897949,0.24533987045288086,1.8749370574951172,0.23893404006958008
857,0.2506117820739746,0.21135497093200684,0.2142782211303711,0.5149722099304199,0.24218416213989258,0.249711275100708,0.23195910453796387,0.22732114791870117,0.23720002174377441,0.24936604499816895,0.23552203178405762,0.22548413276672363,0.2183089256286621,0.23309111595153809,0.21332502365112305,0.23888397216796875,0.24996519088745117,0.24204492568969727,0.24901819229125977,0.22545170783996582,0.21338295936584473,0.22983193397521973,0.23617100715637207,0.20704102516174316,0.24483394622802734,0.23191094398498535,0.22428107261657715,0.21404314041137695,0.5020921230316162,0.25930309295654297,0.22134709358215332,0.5429413318634033,0.23726797103881836,0.23682379722595215,0.587249755859375,0.2389979362487793,0.23952293395996094,0.21288394927978516,1.8012371063232422,0.23433995246887207,0.5325980186462402,3.0605461597442627,0.5306532382965088,1.4925198554992676,0.9309291839599609,0.24428701400756836,0.5089788436889648,0.23719477653503418,1.821897029876709,0.2321770191192627
858,0.23659706115722656,0.22648119926452637,0.2446150779724121,0.4589660167694092,0.23815011978149414,0.5787582397460938,0.2260570526123047,0.21431612968444824,0.2293713092803955,0.22554898262023926,0.20766901969909668,0.24359965324401855,0.22989630699157715,0.2385268211364746,0.23582673072814941,0.547321081161499,0.23536324501037598,0.2234339714050293,0.5189440250396729,0.21107792854309082,0.22568225860595703,0.21574711799621582,0.2624340057373047,0.4876890182495117,0.25080299377441406,0.23606514930725098,0.23130583763122559,0.2351059913635254,0.23183798789978027,0.22575092315673828,0.21306705474853516,0.30669307708740234,0.2332139015197754,0.5014619827270508,0.2325730323791504,0.2433459758758545,0.5063121318817139,0.23041915893554688,1.6857399940490723,0.2303919792175293,0.2932150363922119,0.5043418407440186,0.5006711483001709,0.8321850299835205,0.49759483337402344,0.24358201026916504,0.4968421459197998,0.24688124656677246,1.7728638648986816,0.2365107536315918
859,0.22993898391723633,0.23120379447937012,0.23424696922302246,0.490894079208374,0.23595595359802246,0.23501181602478027,0.20937418937683105,0.2335810661315918,0.22500181198120117,0.2296738624572754,0.22395801544189453,0.22388410568237305,0.5067651271820068,0.2511470317840576,0.23427581787109375,0.25908613204956055,0.23526406288146973,0.21286606788635254,0.4837002754211426,0.22864603996276855,0.21414399147033691,0.21756291389465332,0.23666882514953613,0.4864192008972168,0.2293529510498047,0.2430737018585205,0.23196911811828613,0.22946810722351074,0.49583005905151367,0.4779479503631592,0.23471307754516602,0.2615928649902344,0.23090696334838867,0.2117021083831787,0.25530099868774414,0.22681713104248047,0.24138188362121582,0.27646780014038086,0.2188417911529541,0.24245810508728027,0.2219388484954834,0.47686767578125,0.36910295486450195,7.799291133880615,0.5009300708770752,0.22480297088623047,0.5331602096557617,0.2240302562713623,1.908468246459961,0.2352461814880371
860,0.20881891250610352,0.20722699165344238,0.23860526084899902,0.48428893089294434,0.23365092277526855,0.2365269660949707,0.22179126739501953,0.23752284049987793,0.23588180541992188,0.50559401512146,0.21221518516540527,0.21768689155578613,0.4797191619873047,0.2343611717224121,0.23650407791137695,1.2008109092712402,0.21008801460266113,0.23264622688293457,1.1100852489471436,0.2272040843963623,1.128532886505127,0.22696590423583984,0.23375201225280762,0.48085808753967285,0.21443915367126465,0.2201380729675293,0.21024060249328613,0.23685598373413086,0.471024751663208,0.23261809349060059,0.24684715270996094,0.25681090354919434,0.24267005920410156,0.22449421882629395,0.25278806686401367,0.21664786338806152,0.2476799488067627,0.23401594161987305,0.46342897415161133,0.24977588653564453,0.22266292572021484,0.8693809509277344,0.3359649181365967,3.0331058502197266,0.49006199836730957,0.2442629337310791,0.5337920188903809,0.24116897583007812,1.772244930267334,0.22506403923034668
861,0.2099301815032959,0.2301950454711914,0.23028182983398438,0.4774210453033447,0.21046805381774902,0.2267749309539795,0.23153376579284668,0.24876809120178223,0.24024724960327148,0.4996631145477295,0.23415017127990723,0.2587270736694336,1.6871259212493896,0.23575806617736816,0.2484118938446045,0.5288810729980469,0.20779132843017578,0.2194669246673584,0.5181639194488525,0.2262578010559082,0.22381305694580078,0.2406768798828125,0.23710393905639648,0.46439599990844727,0.22458100318908691,0.24250102043151855,0.23627114295959473,0.2359011173248291,0.4902079105377197,0.7941539287567139,0.24001121520996094,0.26245903968811035,0.22913289070129395,0.21119308471679688,0.2587597370147705,0.2380237579345703,0.2661290168762207,0.23136615753173828,0.2558600902557373,0.23448491096496582,0.2513899803161621,0.8180809020996094,0.49509286880493164,0.4979441165924072,0.947869062423706,0.23097705841064453,0.5329680442810059,0.21989202499389648,1.78531813621521,0.22153687477111816
862,0.24753999710083008,0.21328210830688477,0.8669857978820801,0.2411799430847168,0.23778820037841797,0.24504399299621582,0.23203015327453613,0.23964691162109375,0.2335219383239746,0.522662878036499,0.24680709838867188,0.23231005668640137,1.4692928791046143,0.23436284065246582,0.20825982093811035,0.52089524269104,0.2334589958190918,0.21787500381469727,0.49067187309265137,0.20892000198364258,0.22885894775390625,0.25031614303588867,0.5333108901977539,0.22140717506408691,0.22833704948425293,0.23075199127197266,0.25218987464904785,0.2084362506866455,0.5299649238586426,0.21655011177062988,0.20781397819519043,1.2028627395629883,0.25663113594055176,0.23157095909118652,0.23507404327392578,0.24726510047912598,0.504464864730835,0.21949982643127441,0.5218918323516846,0.23453521728515625,0.7458953857421875,2.356029987335205,0.8234329223632812,2.738938093185425,17.532665014266968,0.22966909408569336,0.22385787963867188,0.23824501037597656,1.7871060371398926,0.22603988647460938
863,0.23519182205200195,0.23747682571411133,0.22515082359313965,0.4608461856842041,0.2098102569580078,0.5737369060516357,0.21268200874328613,0.23492789268493652,0.23554420471191406,0.5484809875488281,0.23835420608520508,0.23748302459716797,0.2472541332244873,0.21660280227661133,0.22346806526184082,0.26213693618774414,0.22385287284851074,0.21782588958740234,0.24309086799621582,0.24034404754638672,0.22337603569030762,0.23415398597717285,0.20966601371765137,0.47091197967529297,0.25723695755004883,0.20470499992370605,0.2406458854675293,0.2492961883544922,0.52705979347229,0.513498067855835,0.22220277786254883,0.22996020317077637,0.22891592979431152,0.42730116844177246,0.5464239120483398,0.2417161464691162,0.2458047866821289,0.23339295387268066,0.2526509761810303,0.2131509780883789,0.2480449676513672,1.7961091995239258,0.5167880058288574,4.549988269805908,0.503364086151123,0.21345806121826172,0.34372591972351074,0.24688005447387695,1.7879993915557861,0.21124911308288574
864,0.23873305320739746,0.20559906959533691,0.21777987480163574,0.4963650703430176,0.24081802368164062,0.21165204048156738,0.2252197265625,0.2358851432800293,0.25266313552856445,0.5231602191925049,0.23000216484069824,0.23227715492248535,0.2331230640411377,0.23833918571472168,0.22996282577514648,0.23636221885681152,0.21854805946350098,0.21831321716308594,1.7533771991729736,0.23820090293884277,0.810967206954956,0.2120499610900879,0.2079610824584961,0.24059295654296875,0.23061108589172363,0.2111060619354248,0.23183107376098633,0.24122309684753418,0.4863779544830322,0.24594926834106445,0.2209937572479248,0.5270998477935791,0.2130601406097412,0.24861383438110352,0.26222896575927734,0.2222437858581543,0.49080562591552734,0.21000885963439941,0.45575904846191406,0.22472906112670898,0.25255799293518066,0.8480658531188965,0.24673199653625488,6.852062940597534,0.495711088180542,0.23729777336120605,0.33290815353393555,0.25364255905151367,1.9175541400909424,0.23486804962158203
865,0.23331689834594727,0.21947813034057617,0.48644089698791504,0.5011582374572754,0.23708081245422363,0.5009109973907471,0.21357107162475586,0.2077639102935791,0.2347400188446045,0.5171010494232178,0.2089099884033203,0.23538470268249512,0.22092413902282715,0.21759390830993652,0.2389369010925293,0.26401400566101074,0.22304368019104004,0.2388758659362793,0.5126399993896484,0.24978208541870117,0.22536206245422363,0.22736597061157227,0.23168110847473145,0.22770380973815918,0.23861002922058105,0.2361907958984375,0.2387561798095703,0.23184514045715332,0.518322229385376,0.5147318840026855,0.23468923568725586,0.26438021659851074,0.23340487480163574,0.21117615699768066,0.23695635795593262,0.2462918758392334,0.2616748809814453,0.216933012008667,0.46073293685913086,0.23096990585327148,0.24682021141052246,0.8600902557373047,0.5010228157043457,6.844882965087891,1.2534520626068115,0.25412774085998535,0.3695240020751953,0.2472221851348877,1.7901420593261719,0.24975013732910156
866,0.23284196853637695,0.2235090732574463,0.23687410354614258,0.2092440128326416,0.23496198654174805,0.5056078433990479,0.2101898193359375,0.25276803970336914,0.20895099639892578,0.5339038372039795,0.24036312103271484,0.24143314361572266,0.2241530418395996,0.21908879280090332,0.2531468868255615,0.5145549774169922,0.21305608749389648,0.23424792289733887,0.45499300956726074,0.23321223258972168,0.22716522216796875,0.2155148983001709,0.23491406440734863,0.5233662128448486,0.2303450107574463,0.2506577968597412,0.22918200492858887,0.23469901084899902,0.2483201026916504,0.21668195724487305,0.21642303466796875,0.5517489910125732,0.24097895622253418,0.8851878643035889,0.2520599365234375,0.22441411018371582,0.25378894805908203,0.2270641326904297,1.0893292427062988,0.2177877426147461,0.2651817798614502,1.5416288375854492,0.2356719970703125,0.6437568664550781,0.5485818386077881,0.5308322906494141,0.643409013748169,0.2244429588317871,1.7759480476379395,0.23556113243103027
867,0.2257087230682373,0.20831513404846191,0.2439119815826416,1.0608091354370117,0.25004100799560547,0.5201401710510254,0.23734092712402344,0.23409008979797363,0.23739314079284668,0.5355069637298584,0.2547140121459961,0.21660184860229492,0.21081280708312988,0.21827197074890137,0.2208881378173828,0.5448791980743408,0.24545931816101074,0.21363401412963867,0.8100049495697021,0.23747920989990234,0.22794079780578613,0.23312091827392578,0.23602294921875,0.22300314903259277,0.23074102401733398,0.24372625350952148,0.2331702709197998,0.23824691772460938,0.5351648330688477,0.22503089904785156,0.23304319381713867,0.24742507934570312,0.24408817291259766,0.5953898429870605,0.24978303909301758,0.25527191162109375,0.24566388130187988,0.23135900497436523,0.4697380065917969,0.22168493270874023,0.22454023361206055,0.45869016647338867,0.22519516944885254,0.28090596199035645,0.5193758010864258,0.2554287910461426,0.5428071022033691,0.4820868968963623,1.7969930171966553,0.22715306282043457
868,0.23737096786499023,0.25025296211242676,1.847877025604248,0.514962911605835,0.23620080947875977,0.5335521697998047,0.488508939743042,0.24376511573791504,0.22735905647277832,0.5044450759887695,0.23308968544006348,0.24431109428405762,0.4776780605316162,0.2174677848815918,0.2723720073699951,0.5194249153137207,0.23078608512878418,0.24396705627441406,0.49219202995300293,0.2355499267578125,0.23778200149536133,0.22161412239074707,0.25255799293518066,0.8886070251464844,0.22999000549316406,0.22145318984985352,0.21995997428894043,0.25142383575439453,0.47895002365112305,0.5167551040649414,0.23298192024230957,1.0985438823699951,0.2429499626159668,0.5612761974334717,0.25618910789489746,0.21960997581481934,0.22515487670898438,0.23378419876098633,0.4672250747680664,0.2161567211151123,0.2483987808227539,1.073192834854126,0.49511218070983887,0.5200629234313965,0.548792839050293,0.23137998580932617,0.5180840492248535,0.2310771942138672,1.7690670490264893,0.2092909812927246
869,0.23723983764648438,0.23672199249267578,0.2369539737701416,0.5004868507385254,0.20951223373413086,0.48975276947021484,0.3156261444091797,0.22315001487731934,0.2352612018585205,0.4879767894744873,0.23743987083435059,0.22802114486694336,0.4804959297180176,0.2407071590423584,0.2103748321533203,0.5246438980102539,0.20788788795471191,0.22848200798034668,0.45385193824768066,0.20845508575439453,0.2432692050933838,0.21672797203063965,0.23732209205627441,0.24000191688537598,0.24323201179504395,0.2176039218902588,0.23387813568115234,0.2408902645111084,0.24524497985839844,0.5334999561309814,0.2062368392944336,0.24072790145874023,0.22637200355529785,0.5494778156280518,0.2356739044189453,0.21852803230285645,0.49997425079345703,0.22614598274230957,1.1306908130645752,0.22242188453674316,0.25183582305908203,1.2012369632720947,0.5035958290100098,8.832911014556885,0.5860512256622314,0.23900389671325684,0.25074076652526855,0.24276089668273926,1.901319980621338,0.2133948802947998
870,0.23556733131408691,0.2355489730834961,0.4695439338684082,0.4531271457672119,0.20883417129516602,0.4916071891784668,0.23525476455688477,0.24639368057250977,0.2146291732788086,0.8944370746612549,0.23640918731689453,0.2425997257232666,0.2346358299255371,0.2291700839996338,0.22412705421447754,1.2351479530334473,0.21376514434814453,0.2541019916534424,0.48961687088012695,0.24566388130187988,0.23693323135375977,0.22130393981933594,0.2490558624267578,0.5129687786102295,0.23548603057861328,0.2076280117034912,0.23509788513183594,0.21134281158447266,0.5093960762023926,0.48163509368896484,0.24884796142578125,0.5560672283172607,0.21541905403137207,0.23979592323303223,0.313309907913208,0.21709585189819336,0.2357470989227295,0.2585480213165283,1.0783469676971436,0.25561976432800293,0.24849200248718262,1.7943501472473145,0.5001652240753174,0.46966099739074707,0.9457192420959473,0.24472999572753906,0.25838208198547363,0.23622608184814453,1.7727208137512207,0.24456095695495605
871,0.23600506782531738,0.20626401901245117,0.49871325492858887,0.46880626678466797,0.2193431854248047,0.210953950881958,0.24947786331176758,0.23857498168945312,0.2332170009613037,0.5671849250793457,0.2302532196044922,0.2396228313446045,0.23368191719055176,0.21324491500854492,0.20940089225769043,0.5178089141845703,0.2324049472808838,0.2377150058746338,0.46672606468200684,0.21295905113220215,0.21097874641418457,0.2137453556060791,0.22872710227966309,0.2296161651611328,0.22396278381347656,0.23354101181030273,0.2433300018310547,0.21213006973266602,0.503364086151123,0.5131709575653076,0.2081921100616455,0.2258460521697998,0.21184897422790527,0.8202040195465088,0.5873680114746094,0.22534799575805664,0.24062299728393555,0.2116076946258545,0.4790458679199219,0.21017098426818848,0.2663309574127197,0.5330708026885986,0.3473351001739502,0.895845890045166,0.5870850086212158,0.2128312587738037,0.4991607666015625,0.23440098762512207,1.7739431858062744,0.23997783660888672
872,0.2521519660949707,0.22827696800231934,0.2205829620361328,0.5174510478973389,0.2329411506652832,0.5060279369354248,0.23589873313903809,0.2193009853363037,0.23321223258972168,0.550274133682251,0.22619915008544922,0.24388790130615234,0.22108793258666992,0.21738100051879883,0.21219587326049805,0.5316958427429199,0.24681901931762695,0.23393011093139648,0.5275182723999023,0.23763418197631836,0.4889218807220459,0.2557401657104492,0.20854401588439941,0.2052748203277588,0.21678614616394043,0.22407078742980957,0.23651599884033203,0.22564983367919922,0.5342261791229248,0.2459871768951416,0.23609375953674316,0.7946889400482178,0.23002290725708008,0.21509599685668945,0.27640700340270996,0.26062798500061035,0.20709490776062012,0.2154850959777832,0.8089327812194824,0.23601102828979492,0.2523651123046875,4.140511989593506,0.24552488327026367,0.46753597259521484,0.5284280776977539,0.5494248867034912,0.46686291694641113,0.24288201332092285,1.7684857845306396,0.23728394508361816
873,0.2358384132385254,0.24317598342895508,0.24732398986816406,0.45566296577453613,0.23071002960205078,0.28418993949890137,0.23590707778930664,0.21079492568969727,0.20883822441101074,0.5191750526428223,0.23843717575073242,0.2303011417388916,0.20836305618286133,0.21758818626403809,0.2436511516571045,0.5450820922851562,0.24091219902038574,0.22806119918823242,0.48713016510009766,0.23255491256713867,0.24422192573547363,0.2383899688720703,0.21210980415344238,0.21563196182250977,0.23322105407714844,0.21019697189331055,0.21674489974975586,0.22898101806640625,0.5024378299713135,0.21695780754089355,0.2348020076751709,0.4626498222351074,0.2238140106201172,0.8216891288757324,0.8984649181365967,0.25197696685791016,0.23854994773864746,0.2342970371246338,0.4716000556945801,0.23914217948913574,0.2490828037261963,0.45722413063049316,0.40786194801330566,1.0960419178009033,1.1679770946502686,0.2393651008605957,0.5172040462493896,0.21509289741516113,1.176760196685791,0.2335970401763916
874,0.21053624153137207,0.2387228012084961,0.22930622100830078,0.48604679107666016,0.23485684394836426,0.22887802124023438,0.23873400688171387,0.2147831916809082,0.25104403495788574,0.2510230541229248,0.2363600730895996,0.21709585189819336,0.24071311950683594,0.23752593994140625,0.20980310440063477,0.551450252532959,0.23500704765319824,0.21357393264770508,0.8658671379089355,0.22958683967590332,0.2276761531829834,0.23079419136047363,0.25988221168518066,0.2398967742919922,0.22029399871826172,0.23162007331848145,0.22411894798278809,0.23072290420532227,0.7435147762298584,0.22307515144348145,0.23665881156921387,0.46725988388061523,0.2147529125213623,0.5189540386199951,0.5487489700317383,0.2217862606048584,0.2599148750305176,0.22231197357177734,0.877295970916748,0.23566412925720215,0.2235708236694336,1.4565870761871338,0.4825320243835449,0.5017600059509277,1.1601088047027588,0.5017199516296387,0.2484149932861328,0.21952223777770996,0.8189640045166016,0.2308349609375
875,0.2324848175048828,0.23691916465759277,0.24031996726989746,0.471966028213501,0.23677420616149902,0.47351813316345215,0.5414609909057617,0.2222747802734375,0.23837995529174805,0.2514340877532959,0.23356413841247559,0.2382340431213379,0.21125292778015137,0.2152090072631836,0.2326200008392334,0.5670957565307617,0.2355659008026123,0.2584531307220459,1.4372522830963135,0.22708773612976074,0.24566102027893066,0.24085187911987305,0.472430944442749,0.21930909156799316,0.21420693397521973,0.20651507377624512,0.2101759910583496,0.23609709739685059,0.4990410804748535,0.5219006538391113,0.24804091453552246,0.5473148822784424,0.21861004829406738,0.2321488857269287,0.2625002861022949,0.21819305419921875,0.25168800354003906,0.23384690284729004,0.46747398376464844,0.25092196464538574,0.2491767406463623,0.4464271068572998,0.503868818283081,16.328954219818115,0.5507769584655762,0.21998906135559082,0.9295380115509033,0.21202516555786133,0.7622709274291992,0.22672104835510254
876,0.23689007759094238,0.23403096199035645,0.2283339500427246,0.48374199867248535,0.23457098007202148,0.23930978775024414,0.22716188430786133,0.23078298568725586,0.23209404945373535,0.542910099029541,0.24125075340270996,0.24567699432373047,0.23756098747253418,0.22233915328979492,0.2357349395751953,0.5161411762237549,0.21457600593566895,0.23151612281799316,2.1209967136383057,0.22194504737854004,0.2215709686279297,0.24956893920898438,0.6146879196166992,0.23088622093200684,0.2427079677581787,0.2463841438293457,0.2413160800933838,0.23633885383605957,0.5103399753570557,0.23987197875976562,0.23746609687805176,1.1196000576019287,0.2202920913696289,0.21247076988220215,0.5854518413543701,0.24810290336608887,0.2353971004486084,0.2159290313720703,0.47141122817993164,0.23574590682983398,0.26340794563293457,0.8510918617248535,0.22290468215942383,0.2834763526916504,1.1502931118011475,0.23509907722473145,0.2806251049041748,0.21474480628967285,0.7654378414154053,0.24061012268066406
877,0.2528040409088135,0.23526811599731445,0.22907304763793945,0.4857327938079834,0.22298502922058105,0.4964778423309326,0.21031904220581055,0.22497105598449707,0.23895597457885742,0.5045576095581055,0.25311899185180664,0.24297595024108887,0.5199718475341797,0.21599578857421875,0.2374861240386963,0.8985989093780518,0.23590803146362305,0.23418188095092773,0.49426889419555664,0.2176671028137207,0.22089505195617676,0.24725627899169922,0.48700594902038574,0.2486269474029541,0.23999309539794922,0.20595407485961914,0.2541511058807373,0.21118998527526855,0.24994802474975586,0.5164601802825928,0.2060258388519287,0.27906370162963867,0.23407816886901855,0.5183179378509521,0.5584261417388916,0.25468993186950684,0.2568800449371338,0.22327780723571777,1.3620328903198242,0.22348999977111816,0.2527282238006592,0.4908170700073242,0.21336793899536133,0.503058910369873,0.5674688816070557,0.23636388778686523,0.5291881561279297,0.2383289337158203,0.7862701416015625,0.23439383506774902
878,0.22987914085388184,0.22365403175354004,0.21593618392944336,0.5073909759521484,0.21955013275146484,0.22784781455993652,0.22678780555725098,0.21298623085021973,0.2316439151763916,0.5065059661865234,0.22201108932495117,0.2195138931274414,0.5194370746612549,0.21480679512023926,0.2221992015838623,1.7807531356811523,0.21808528900146484,0.24106788635253906,0.46920084953308105,0.23407888412475586,0.23044204711914062,0.23256278038024902,0.2536048889160156,0.21025800704956055,0.23685121536254883,0.2103438377380371,0.22429180145263672,0.25232696533203125,0.5028190612792969,0.5192880630493164,0.23989605903625488,0.22455906867980957,0.2204270362854004,0.23829293251037598,0.23539304733276367,0.24371600151062012,0.4981811046600342,0.23092079162597656,0.5062851905822754,0.21521306037902832,0.24968290328979492,1.1749730110168457,0.2479691505432129,0.547753095626831,0.5298950672149658,0.1978297233581543,0.5547969341278076,0.2151501178741455,0.7820148468017578,0.23627805709838867
879,0.2135469913482666,0.2060089111328125,0.49513697624206543,0.5283331871032715,0.234266996383667,0.490001916885376,0.24243521690368652,0.22656798362731934,0.22571802139282227,0.2865641117095947,0.21538686752319336,0.21950221061706543,0.5177569389343262,0.25775909423828125,0.23586106300354004,0.2159101963043213,0.2231299877166748,0.2228851318359375,0.4859771728515625,0.2394418716430664,0.19324421882629395,0.21643590927124023,0.22445201873779297,0.2053050994873047,0.2169208526611328,0.22776103019714355,0.2137928009033203,0.2350172996520996,0.2648930549621582,0.5171611309051514,0.23340892791748047,0.8740122318267822,0.21302390098571777,0.5590929985046387,0.2841050624847412,0.22193408012390137,0.2633070945739746,0.2122633457183838,0.5696399211883545,0.24451613426208496,0.25249195098876953,0.8501849174499512,0.8499069213867188,1.1333651542663574,13.725081205368042,0.5130648612976074,0.5277328491210938,0.22192001342773438,0.7578706741333008,0.2329730987548828
880,0.22193002700805664,0.22811293601989746,0.49903416633605957,0.4584686756134033,0.23595190048217773,0.2581009864807129,0.23748302459716797,0.20931005477905273,0.2267930507659912,0.5307340621948242,0.22505712509155273,0.21739888191223145,0.2395460605621338,0.23755812644958496,0.23598790168762207,0.568587064743042,0.21391987800598145,0.2346189022064209,3.662213087081909,0.24856305122375488,0.23052334785461426,0.23709797859191895,0.24393606185913086,0.22766494750976562,0.21942400932312012,0.2118668556213379,0.22314000129699707,0.23410916328430176,0.5308642387390137,0.2862398624420166,0.2479391098022461,0.5205869674682617,0.24143099784851074,0.5463712215423584,0.5786488056182861,0.24555206298828125,0.24914097785949707,0.21484804153442383,0.466296911239624,0.24612689018249512,0.24578380584716797,0.5014519691467285,0.844444990158081,1.0884621143341064,3.0512261390686035,0.21319317817687988,0.4917910099029541,0.21630096435546875,0.6481978893280029,0.25104498863220215
881,0.21680927276611328,0.21307611465454102,0.2299048900604248,0.25563907623291016,0.2374401092529297,0.21951889991760254,0.2277381420135498,0.251450777053833,0.20877289772033691,1.2129309177398682,0.22675299644470215,0.2331078052520752,0.780738115310669,0.22942495346069336,0.23914289474487305,0.24500322341918945,0.23137688636779785,0.21268725395202637,1.1080949306488037,0.2379000186920166,0.483475923538208,0.23909521102905273,0.4728720188140869,0.2070479393005371,0.24507880210876465,0.2465369701385498,0.22262310981750488,0.23549103736877441,0.5297999382019043,0.26193690299987793,0.20947670936584473,0.5020167827606201,0.2355670928955078,0.5352039337158203,0.5158247947692871,0.22410178184509277,0.5475232601165771,0.2352890968322754,0.45464420318603516,0.2349998950958252,0.2652409076690674,9.668831825256348,0.7992739677429199,0.45891404151916504,0.5545899868011475,0.5005080699920654,0.5375142097473145,0.22351598739624023,0.6082382202148438,0.23743295669555664
882,0.2255260944366455,0.22837090492248535,0.23930811882019043,0.5004658699035645,0.2504749298095703,0.46909332275390625,0.24298906326293945,0.23976802825927734,0.2143690586090088,0.5439193248748779,0.25775718688964844,0.21610689163208008,0.49040699005126953,0.23837018013000488,0.23450589179992676,0.5452921390533447,0.2485668659210205,0.21457791328430176,2.7124056816101074,0.2335669994354248,0.23621559143066406,0.25107288360595703,0.5015442371368408,0.22585010528564453,0.21558499336242676,0.20636582374572754,0.23271489143371582,0.2370750904083252,0.48873305320739746,0.5337960720062256,0.2331089973449707,0.2777681350708008,0.25100016593933105,0.2229146957397461,0.5675392150878906,0.25487399101257324,0.5004220008850098,0.30708765983581543,0.49559807777404785,0.23664307594299316,0.22398781776428223,5.145265817642212,0.2468259334564209,0.8975319862365723,2.53120493888855,0.23810696601867676,0.5139179229736328,0.21111798286437988,0.5519828796386719,0.20870399475097656
883,0.21880006790161133,0.22420310974121094,0.22945380210876465,0.5188138484954834,0.23558497428894043,0.22586989402770996,0.2214829921722412,0.26563286781311035,0.22299408912658691,1.318018913269043,0.23799824714660645,0.24603891372680664,0.8890597820281982,0.23174595832824707,0.24691009521484375,0.5485811233520508,0.22636795043945312,0.21893095970153809,0.7875409126281738,0.2334911823272705,0.23547697067260742,0.22170495986938477,0.5035247802734375,0.22335290908813477,0.2402491569519043,0.23282575607299805,0.22330808639526367,0.25127720832824707,0.5378129482269287,0.4839637279510498,0.23610591888427734,0.49710702896118164,0.23724102973937988,0.2352309226989746,1.2824418544769287,0.21248888969421387,0.22751903533935547,0.22965502738952637,0.48563218116760254,0.23864483833312988,0.5782430171966553,2.5757079124450684,0.8193221092224121,8.013891696929932,0.5049800872802734,0.2379007339477539,0.5040950775146484,0.21295690536499023,0.5322990417480469,0.23701119422912598
884,0.2153940200805664,0.2293851375579834,0.5081000328063965,0.49043798446655273,0.2268848419189453,0.45418286323547363,0.5079939365386963,0.23532700538635254,0.22861504554748535,0.5290522575378418,0.22156023979187012,0.2248549461364746,0.47861504554748535,0.24933576583862305,0.209946870803833,0.9330322742462158,0.2088930606842041,0.22476601600646973,0.46625614166259766,0.20983505249023438,0.23643207550048828,0.2191171646118164,0.5344908237457275,0.2309567928314209,0.24468302726745605,0.23260712623596191,0.21869611740112305,0.22422409057617188,0.23848581314086914,2.012437105178833,0.2072770595550537,0.499910831451416,0.23500418663024902,0.47513318061828613,0.5424368381500244,0.24741387367248535,0.23770904541015625,0.22577214241027832,1.0841500759124756,0.2234020233154297,0.2531099319458008,1.6180949211120605,0.8462228775024414,0.5336658954620361,6.424584150314331,0.4702780246734619,0.363447904586792,0.23847675323486328,0.5362730026245117,0.23679304122924805
885,0.23179912567138672,0.21030306816101074,0.4843940734863281,0.45990610122680664,0.20757102966308594,0.486983060836792,0.21278119087219238,0.2365891933441162,0.22819805145263672,0.5197098255157471,0.22521591186523438,0.24507689476013184,0.5040366649627686,0.212677001953125,0.22390031814575195,0.5026280879974365,0.22565698623657227,0.258267879486084,3.2376561164855957,0.25386524200439453,0.2352147102355957,0.21436810493469238,0.25632309913635254,0.22440791130065918,0.23825287818908691,0.21872305870056152,0.21767973899841309,0.21358990669250488,0.5054700374603271,0.2794671058654785,0.24403715133666992,0.4715240001678467,0.2283620834350586,0.2132740020751953,0.23990297317504883,0.24798274040222168,0.2053518295288086,0.23369669914245605,1.1352770328521729,0.2304990291595459,0.2511770725250244,0.804368257522583,0.2625279426574707,1.1170239448547363,1.1809422969818115,0.22065496444702148,0.46382999420166016,0.21701884269714355,0.49938321113586426,0.2450239658355713
886,0.23512887954711914,0.20676708221435547,0.22139191627502441,0.5144391059875488,0.2253878116607666,0.491746187210083,0.5312950611114502,0.2363579273223877,0.23624610900878906,0.5568821430206299,0.23284101486206055,0.23821592330932617,0.23712897300720215,0.24114108085632324,0.2071070671081543,0.5406131744384766,0.2107071876525879,0.23412203788757324,0.5016787052154541,0.24020099639892578,0.2076258659362793,0.21251392364501953,0.5031287670135498,0.20496797561645508,0.2221369743347168,0.23095202445983887,0.22521424293518066,0.2387247085571289,0.5334739685058594,0.2541828155517578,0.21386122703552246,0.4965519905090332,0.21256184577941895,0.23787784576416016,0.5913510322570801,0.22709012031555176,0.531696081161499,0.21528911590576172,1.0643689632415771,0.24357914924621582,0.2507781982421875,1.126688003540039,0.5297420024871826,0.5162270069122314,1.1669340133666992,0.20826292037963867,0.5429279804229736,0.21636199951171875,0.46415209770202637,0.2101140022277832
887,0.2514920234680176,0.22287893295288086,0.2300090789794922,0.5039639472961426,0.22758007049560547,0.23956894874572754,0.23746824264526367,0.23458504676818848,0.23658323287963867,0.49817585945129395,0.2265949249267578,0.21847796440124512,0.2365870475769043,0.23557710647583008,0.21360301971435547,0.5482089519500732,0.2486112117767334,0.23457908630371094,1.1291589736938477,0.22728419303894043,0.23616600036621094,0.23588085174560547,0.5181839466094971,0.2097029685974121,0.25012707710266113,0.22324204444885254,0.22617197036743164,0.2271878719329834,0.33496713638305664,0.24433088302612305,0.22658991813659668,0.7994949817657471,0.25621891021728516,0.20662188529968262,0.6501917839050293,0.25328898429870605,0.48463892936706543,0.24088597297668457,0.8691859245300293,0.22398734092712402,0.2664468288421631,0.5015890598297119,0.8208177089691162,0.4891228675842285,4.650195121765137,0.22330784797668457,0.25682711601257324,0.4564201831817627,0.44372987747192383,0.23166108131408691
888,0.23525619506835938,0.23060297966003418,0.24514198303222656,0.5203609466552734,0.22582793235778809,0.23376011848449707,0.504716157913208,0.2086031436920166,0.2104508876800537,0.6749887466430664,0.23836684226989746,0.2177119255065918,0.2516038417816162,0.23469185829162598,0.24711990356445312,0.5361559391021729,0.23459196090698242,0.21259331703186035,0.503554105758667,0.24009084701538086,0.25121092796325684,0.21437811851501465,0.47184300422668457,0.2356431484222412,0.2637341022491455,0.21722912788391113,0.22607994079589844,0.24298310279846191,0.5302760601043701,0.21882200241088867,0.24012398719787598,0.21978998184204102,0.23082685470581055,0.2457900047302246,0.26685118675231934,0.23542189598083496,0.5102419853210449,0.24817609786987305,0.47507619857788086,0.2172832489013672,0.2509758472442627,1.8309240341186523,0.5017778873443604,0.46280694007873535,0.5203349590301514,0.4969899654388428,1.1418020725250244,0.21154117584228516,0.44841527938842773,0.23757123947143555
889,0.20970916748046875,0.22739481925964355,0.24107789993286133,0.48746705055236816,0.20945096015930176,0.5150661468505859,0.5289547443389893,0.23792171478271484,0.24948906898498535,0.4972720146179199,0.23523211479187012,0.21646904945373535,0.5030930042266846,0.24908208847045898,0.23756718635559082,0.5341482162475586,0.23511004447937012,0.2228679656982422,0.5324568748474121,0.23656702041625977,0.23838424682617188,0.2308192253112793,0.2453770637512207,0.25368595123291016,0.22358202934265137,0.22543001174926758,0.20830726623535156,0.2374248504638672,0.5598022937774658,0.5021491050720215,0.23720002174377441,0.4903569221496582,0.24396586418151855,0.24603581428527832,0.31234216690063477,0.2253398895263672,0.5482778549194336,0.23019003868103027,0.4552428722381592,0.2207779884338379,0.518057107925415,1.8520989418029785,0.5189108848571777,0.4854240417480469,0.9083602428436279,0.25606298446655273,0.5500872135162354,0.21872806549072266,0.45471692085266113,0.23014307022094727
890,0.23486614227294922,0.20745396614074707,0.21030807495117188,1.4336140155792236,0.23366880416870117,0.21325993537902832,0.23891401290893555,0.2341151237487793,0.23862695693969727,0.45102405548095703,0.23536992073059082,0.24401211738586426,0.4617290496826172,0.23724794387817383,0.2394258975982666,0.5309796333312988,0.22769999504089355,0.24477696418762207,0.5048120021820068,0.24725914001464844,0.23484206199645996,0.23685932159423828,0.22335505485534668,0.2387220859527588,0.21729373931884766,0.21265602111816406,0.2105240821838379,0.2365272045135498,0.5187718868255615,0.5201470851898193,0.25197410583496094,0.2454838752746582,0.21905207633972168,0.21769404411315918,0.5801026821136475,0.21802806854248047,0.5486710071563721,0.23906803131103516,0.5062859058380127,0.23346304893493652,0.6117298603057861,0.8824491500854492,1.1743168830871582,0.48021888732910156,0.893151044845581,0.5011341571807861,0.270308256149292,0.23266220092773438,0.41182708740234375,0.22812199592590332
891,0.23936700820922852,0.23748993873596191,0.8248071670532227,0.32500696182250977,0.22644805908203125,0.5019161701202393,0.23628592491149902,0.23542380332946777,0.2387981414794922,0.5524091720581055,0.23666596412658691,0.24001216888427734,0.23844623565673828,0.23401284217834473,0.23396563529968262,0.21949124336242676,0.20842289924621582,0.23900699615478516,1.09769606590271,0.2113490104675293,0.23461103439331055,0.23591327667236328,0.4827880859375,0.22928690910339355,0.2439279556274414,0.24437212944030762,0.23295998573303223,0.23215198516845703,0.5184111595153809,0.5331721305847168,0.23014616966247559,0.4983341693878174,0.21622109413146973,0.22034597396850586,0.2803170680999756,0.24628973007202148,0.24732017517089844,0.23536205291748047,0.5102620124816895,0.2162621021270752,0.516942024230957,1.0823280811309814,0.24782991409301758,0.8128032684326172,0.5390548706054688,0.5186958312988281,0.5164279937744141,0.22789621353149414,0.4067800045013428,0.23871183395385742
892,0.24995779991149902,0.23138213157653809,0.8113870620727539,0.4884059429168701,0.2245330810546875,0.2240760326385498,0.4886000156402588,0.23894000053405762,0.23125410079956055,0.24556803703308105,0.24980568885803223,0.2463998794555664,0.4560120105743408,0.21266388893127441,0.22693896293640137,0.5578768253326416,0.23361992835998535,0.23978590965270996,0.8449971675872803,0.22205090522766113,0.2357642650604248,0.25092101097106934,0.2234480381011963,0.2388300895690918,0.22152185440063477,0.20633506774902344,0.2580559253692627,0.21201610565185547,0.5280342102050781,0.5157549381256104,0.20772504806518555,0.2392582893371582,0.23854517936706543,0.23676013946533203,0.2360517978668213,0.2666358947753906,0.5049660205841064,0.23325896263122559,0.4890611171722412,0.21745896339416504,0.22335410118103027,2.5935568809509277,0.22440505027770996,0.5065648555755615,0.5135340690612793,0.2515239715576172,0.5333549976348877,0.4899251461029053,0.394697904586792,0.23350787162780762
893,0.23361468315124512,0.22250986099243164,0.528792142868042,0.5009551048278809,0.21375417709350586,0.4739999771118164,0.24097585678100586,0.24787187576293945,0.2362658977508545,0.5146677494049072,0.23852014541625977,0.2256779670715332,0.23827099800109863,0.2268977165222168,0.22372698783874512,0.21748995780944824,0.2249758243560791,0.22304105758666992,1.622021198272705,0.23204398155212402,0.20764708518981934,0.2162611484527588,0.4734830856323242,0.214111328125,0.2668890953063965,0.23173093795776367,0.21885085105895996,0.2505941390991211,0.495250940322876,0.23749470710754395,0.23882699012756348,0.6246001720428467,0.20999693870544434,0.26806187629699707,0.2671222686767578,0.24798583984375,0.9477219581604004,0.25203418731689453,0.47022366523742676,0.2138991355895996,0.23443126678466797,0.8668980598449707,0.4982330799102783,0.5000059604644775,1.1982557773590088,0.23528099060058594,0.5004551410675049,0.4826619625091553,0.37885189056396484,0.23952198028564453
894,0.23550009727478027,0.20510387420654297,0.2347731590270996,0.4855968952178955,0.23475265502929688,0.26283907890319824,0.24791812896728516,0.23618507385253906,0.2501697540283203,0.24947404861450195,0.2073671817779541,0.2434070110321045,0.776785135269165,0.23682522773742676,0.2369389533996582,0.23625707626342773,0.2094731330871582,0.21880722045898438,0.46915602684020996,0.23880290985107422,2.6670398712158203,0.22716331481933594,0.2323911190032959,0.2128279209136963,0.2530848979949951,0.21151995658874512,0.21940994262695312,0.23634600639343262,0.5489990711212158,0.4895310401916504,0.23680472373962402,0.24048304557800293,0.21481919288635254,0.814699649810791,0.915287971496582,0.22603893280029297,0.2211472988128662,0.21964287757873535,1.1083831787109375,0.21663188934326172,0.5468900203704834,0.45473599433898926,0.5338068008422852,0.5015161037445068,6.77530312538147,0.5045680999755859,0.49599528312683105,0.21982192993164062,0.40050792694091797,0.22585082054138184
895,0.23761510848999023,0.23261117935180664,0.23107528686523438,0.488170862197876,0.23301100730895996,0.46917200088500977,0.4430971145629883,0.2095479965209961,0.2316880226135254,0.2490861415863037,0.23508501052856445,0.2303452491760254,0.49372315406799316,0.21534085273742676,0.20941996574401855,1.2109100818634033,0.23418974876403809,0.23297500610351562,1.1071579456329346,0.24376487731933594,0.8873469829559326,0.22041082382202148,0.2089710235595703,0.21810197830200195,0.2506270408630371,0.2211909294128418,0.22438693046569824,0.22695112228393555,0.4852159023284912,0.21960902214050293,0.25060391426086426,0.4999051094055176,0.21094083786010742,0.26138925552368164,0.2644181251525879,0.24211406707763672,0.23261284828186035,0.2739579677581787,0.4550361633300781,0.23362374305725098,0.3499720096588135,1.5844333171844482,0.5273139476776123,0.5028738975524902,0.9566612243652344,0.21234893798828125,0.49732017517089844,0.2349708080291748,0.3685481548309326,0.23075389862060547
896,0.21077466011047363,0.2374420166015625,0.2165529727935791,0.45223307609558105,0.2360069751739502,0.24221491813659668,0.23994898796081543,0.23242807388305664,0.2114558219909668,0.26560306549072266,0.238739013671875,0.24716591835021973,0.2247028350830078,0.2199699878692627,0.23188400268554688,0.530256986618042,0.23653006553649902,0.21450114250183105,1.1152279376983643,0.2439899444580078,0.21086597442626953,0.2150871753692627,0.23446393013000488,0.22555112838745117,0.24867701530456543,0.24533390998840332,0.20987391471862793,0.21925878524780273,0.24474501609802246,0.5047440528869629,0.2384939193725586,0.48650097846984863,0.2320399284362793,0.26196813583374023,0.2655513286590576,0.22483110427856445,0.2816169261932373,0.24239492416381836,0.9993319511413574,0.22357606887817383,0.2573208808898926,0.530728816986084,0.22296810150146484,0.518352746963501,0.8965897560119629,0.4963562488555908,0.5485491752624512,0.23573017120361328,0.36498403549194336,0.22173500061035156
897,0.24757885932922363,0.23448705673217773,1.1795730590820312,0.6229479312896729,0.24984121322631836,0.4855611324310303,0.23037004470825195,0.21027898788452148,0.23901581764221191,0.5177559852600098,0.24988889694213867,0.21960711479187012,0.23793387413024902,0.21868491172790527,0.23660612106323242,0.521874189376831,0.2484440803527832,0.21547913551330566,0.5029351711273193,0.228363037109375,0.23597407341003418,0.24182915687561035,0.21213078498840332,0.2188551425933838,0.22410321235656738,0.23999786376953125,0.22427964210510254,0.21687102317810059,0.515625,0.6481189727783203,0.2356584072113037,0.22700905799865723,0.2532060146331787,0.21327590942382812,0.2620582580566406,0.2364978790283203,0.5177500247955322,0.22726988792419434,1.8555848598480225,0.2425689697265625,0.27532291412353516,0.5003509521484375,0.2431352138519287,0.4990537166595459,12.144130945205688,0.22851109504699707,0.549041748046875,0.23308300971984863,0.34766697883605957,0.20999789237976074
898,0.22920799255371094,0.22337698936462402,0.21637892723083496,0.5203797817230225,0.2355670928955078,0.21541976928710938,0.20991802215576172,0.22333788871765137,0.23874926567077637,0.2606368064880371,0.2371351718902588,0.235673189163208,0.47188782691955566,0.2192380428314209,0.2504720687866211,0.5628631114959717,0.20814108848571777,0.22055411338806152,0.4828929901123047,0.23297524452209473,0.23845887184143066,0.2389829158782959,0.4999711513519287,0.22365283966064453,0.24680399894714355,0.228895902633667,0.2267301082611084,0.24061274528503418,0.49767184257507324,0.32300400733947754,0.22684860229492188,0.483273983001709,0.23363995552062988,0.2157130241394043,0.23766398429870605,0.2355518341064453,0.5333538055419922,0.251190185546875,0.48451995849609375,0.23300719261169434,0.24023985862731934,0.8619720935821533,0.22911596298217773,7.611684799194336,0.8744208812713623,0.24063611030578613,0.29784202575683594,0.23587989807128906,0.35443711280822754,0.2366948127746582
899,0.2191629409790039,0.23304486274719238,0.5182709693908691,0.4555819034576416,0.20870089530944824,0.21129083633422852,0.23989605903625488,0.5693027973175049,0.24425125122070312,0.5154497623443604,0.23447823524475098,0.23593497276306152,0.24498915672302246,0.2354438304901123,0.20978403091430664,0.2845640182495117,0.23606085777282715,0.2170391082763672,2.297691822052002,0.21625518798828125,0.4880518913269043,0.23449492454528809,0.266556978225708,0.2119159698486328,0.24334478378295898,0.21526575088500977,0.24465274810791016,0.20960521697998047,0.5099210739135742,0.5309720039367676,0.20733904838562012,0.23142671585083008,0.23943710327148438,0.24179697036743164,0.5466928482055664,0.23428869247436523,0.517157793045044,0.21452713012695312,0.4926149845123291,0.23041319847106934,0.49333906173706055,3.927135944366455,0.8723690509796143,0.5025570392608643,0.8834662437438965,0.23741579055786133,0.548814058303833,0.23636388778686523,0.3568282127380371,0.2116842269897461
900,0.21717596054077148,0.23036909103393555,0.49329304695129395,0.44791173934936523,0.23638200759887695,0.21566987037658691,0.23439288139343262,0.23419690132141113,0.243621826171875,0.2633938789367676,0.23526906967163086,0.2283461093902588,0.4998478889465332,0.21311402320861816,0.20778489112854004,1.5939860343933105,0.23694276809692383,0.23366975784301758,0.5074918270111084,0.25554418563842773,0.26253271102905273,0.22918081283569336,0.5021657943725586,0.25913286209106445,0.22075319290161133,0.22851204872131348,0.22987914085388184,0.2419130802154541,0.4987452030181885,0.5011839866638184,0.2276620864868164,0.24973511695861816,0.22434520721435547,0.268172025680542,0.29180288314819336,0.23687124252319336,0.4235856533050537,0.2186901569366455,1.4654109477996826,0.22868609428405762,0.24887704849243164,0.8617498874664307,0.515078067779541,0.5160539150238037,0.5329160690307617,0.2348480224609375,0.521679162979126,0.23255181312561035,0.3455648422241211,0.2429029941558838
901,0.22352910041809082,0.2068779468536377,1.4967451095581055,0.5000829696655273,0.23623275756835938,0.5017688274383545,0.2509937286376953,0.5046541690826416,0.22821521759033203,1.236691951751709,0.20773696899414062,0.2587618827819824,0.5160031318664551,0.2463359832763672,0.21492624282836914,0.5803408622741699,0.24147582054138184,0.21714305877685547,0.8775711059570312,0.22139406204223633,0.2317800521850586,0.2132117748260498,0.23131084442138672,0.20554590225219727,0.22052311897277832,0.25626087188720703,0.24602532386779785,0.23516273498535156,0.48465728759765625,0.5147762298583984,0.23503899574279785,0.5237469673156738,0.21419215202331543,0.27623796463012695,0.2435441017150879,0.22945690155029297,0.5458447933197021,0.2121129035949707,0.47399473190307617,0.24593210220336914,0.25493693351745605,0.8770103454589844,0.5428118705749512,2.1231400966644287,0.5397071838378906,0.23366689682006836,0.2236616611480713,0.21317410469055176,0.3266141414642334,0.2455120086669922
902,0.25484204292297363,0.23980307579040527,0.501884937286377,0.5177578926086426,0.25078821182250977,0.24590086936950684,0.21926116943359375,0.24941515922546387,0.22986078262329102,0.5288188457489014,0.25037264823913574,0.22349905967712402,0.2445690631866455,0.226029634475708,0.22786784172058105,0.2545652389526367,0.23955607414245605,0.22041893005371094,0.5009407997131348,0.2452840805053711,0.2406468391418457,0.2498948574066162,0.48537302017211914,0.23221182823181152,0.24462223052978516,0.2301328182220459,0.23325800895690918,0.23025202751159668,0.4962790012359619,0.4115941524505615,0.22997307777404785,0.7170398235321045,0.24657201766967773,0.2063901424407959,0.29970622062683105,0.25662779808044434,0.47333407402038574,0.24175405502319336,0.4641849994659424,0.21769404411315918,0.5249578952789307,0.8431532382965088,0.5133907794952393,5.970203876495361,1.5641400814056396,0.2196798324584961,1.0768001079559326,0.22991394996643066,0.3172647953033447,0.2206268310546875
903,0.22673511505126953,0.22229290008544922,0.3616659641265869,0.5207228660583496,0.23575401306152344,0.253554105758667,1.1742310523986816,0.23560810089111328,0.2153470516204834,0.5333991050720215,0.23903179168701172,0.24409770965576172,0.21123814582824707,0.24411606788635254,0.2326517105102539,0.532940149307251,0.2148749828338623,0.2134852409362793,1.115048885345459,0.23541498184204102,0.22673583030700684,0.24350595474243164,0.22237014770507812,0.2224581241607666,0.24044394493103027,0.24614191055297852,0.21718811988830566,0.2561299800872803,0.5171470642089844,0.5975959300994873,0.20699596405029297,0.8554320335388184,0.2135767936706543,0.25444889068603516,0.9088962078094482,0.23357892036437988,0.4945058822631836,0.2496330738067627,0.5464468002319336,0.2193140983581543,0.22455215454101562,1.0884032249450684,0.5174200534820557,0.49014806747436523,1.3800888061523438,0.20729708671569824,0.5343408584594727,0.25697779655456543,0.3348121643066406,0.21939897537231445
904,0.21269512176513672,0.2319941520690918,0.23993301391601562,0.5036611557006836,0.20844817161560059,1.186225175857544,0.25787806510925293,0.24510693550109863,0.2547910213470459,2.0811049938201904,0.2381589412689209,0.21768426895141602,0.49661803245544434,0.23900699615478516,0.2147378921508789,0.5455090999603271,0.22675299644470215,0.21596169471740723,1.1364779472351074,0.23223185539245605,0.20958685874938965,0.22520709037780762,0.21866273880004883,0.21194696426391602,0.24203801155090332,0.2218186855316162,0.21053695678710938,0.2365257740020752,0.5290780067443848,0.20613718032836914,0.23726177215576172,0.24744200706481934,0.22166204452514648,0.22195196151733398,0.2380058765411377,0.21256518363952637,0.2456650733947754,0.23440313339233398,0.501655101776123,0.22244882583618164,0.24866676330566406,1.165755271911621,0.2466282844543457,0.5199768543243408,0.9051082134246826,0.2526369094848633,0.2521049976348877,0.23509883880615234,0.328568696975708,0.21970629692077637
905,0.215073823928833,0.2075490951538086,0.48979997634887695,0.48853302001953125,0.22916889190673828,0.22118806838989258,0.22058892250061035,0.22498416900634766,0.2352008819580078,0.24423813819885254,0.23349595069885254,0.22450590133666992,0.5135586261749268,0.21637988090515137,0.23019003868103027,0.2590620517730713,0.20840716361999512,0.2405099868774414,1.0615341663360596,0.24637603759765625,0.2166600227355957,0.24329304695129395,0.21933698654174805,0.23105978965759277,0.21730828285217285,0.2122969627380371,0.21360206604003906,0.23449110984802246,0.24434399604797363,0.5011918544769287,0.24887895584106445,0.5363531112670898,0.22079896926879883,0.2795999050140381,0.6128928661346436,0.22022604942321777,0.22482037544250488,0.233687162399292,1.1071722507476807,0.22898006439208984,0.2518739700317383,0.5042848587036133,0.521874189376831,0.49038004875183105,1.8720788955688477,0.23224782943725586,0.5150201320648193,0.23576927185058594,0.3076901435852051,0.2496640682220459
906,0.22547411918640137,0.227982759475708,0.24540305137634277,0.4577207565307617,0.20853686332702637,1.2748558521270752,0.22560405731201172,0.21192193031311035,0.23720097541809082,0.5361058712005615,0.23703312873840332,0.25910091400146484,0.23898983001708984,0.22218608856201172,0.23607516288757324,0.5322577953338623,0.21154189109802246,0.23966479301452637,1.1742150783538818,0.21075081825256348,0.21577000617980957,0.23462414741516113,0.8541760444641113,0.23746013641357422,0.22294402122497559,0.23664212226867676,0.22927498817443848,0.2145519256591797,0.5486948490142822,0.27849388122558594,0.21040821075439453,1.133775234222412,0.21497106552124023,0.21481704711914062,0.23855113983154297,0.242628812789917,0.22690510749816895,0.276378870010376,0.8284769058227539,0.22918486595153809,0.2658250331878662,1.110044002532959,0.505957841873169,1.026705265045166,0.9386489391326904,0.2539520263671875,0.5035467147827148,0.27168893814086914,0.30510377883911133,0.24082207679748535
907,0.22756481170654297,0.21825909614562988,0.4998807907104492,0.22979211807250977,0.23599600791931152,0.22959208488464355,0.23300790786743164,0.2161271572113037,0.2361290454864502,0.532181978225708,0.24862194061279297,0.22644591331481934,0.23557400703430176,0.21595311164855957,0.20769500732421875,0.5329189300537109,0.24030280113220215,0.23818707466125488,0.495772123336792,0.21217989921569824,0.23140811920166016,0.2469010353088379,0.2530510425567627,0.23006725311279297,0.24654293060302734,0.20749688148498535,0.2625918388366699,0.21795892715454102,0.22448515892028809,0.46976733207702637,0.23013091087341309,0.5135288238525391,0.24280381202697754,0.230543851852417,0.24968290328979492,0.23731184005737305,0.5460631847381592,0.22687101364135742,0.49128293991088867,0.2087230682373047,0.2504580020904541,0.5143368244171143,0.2337789535522461,0.44874095916748047,0.534743070602417,0.23666691780090332,0.4733579158782959,0.2487349510192871,0.29798007011413574,0.2221531867980957
908,0.22330999374389648,0.22383499145507812,0.5177459716796875,0.5328130722045898,0.2339158058166504,0.47025084495544434,0.789625883102417,0.4906947612762451,0.23567581176757812,0.24746012687683105,0.23376893997192383,0.24403595924377441,0.21786713600158691,0.23630118370056152,0.22678327560424805,0.5608289241790771,0.21023893356323242,0.23641109466552734,1.180159091949463,0.2306227684020996,1.730607032775879,0.21515703201293945,0.5137851238250732,0.21362996101379395,0.23950815200805664,0.22083520889282227,0.22080421447753906,0.24809908866882324,0.5141665935516357,0.26827096939086914,0.24132680892944336,0.8897061347961426,0.21046090126037598,0.262113094329834,0.5656747817993164,0.24876022338867188,0.2702901363372803,0.2289111614227295,0.48701906204223633,0.23449397087097168,0.24996113777160645,0.8004601001739502,0.8400161266326904,0.4766049385070801,0.5061428546905518,0.4866769313812256,0.5430080890655518,0.2233572006225586,0.3116641044616699,0.21529793739318848
909,0.21686315536499023,0.20896697044372559,0.21732592582702637,0.5029680728912354,0.23296689987182617,0.23006701469421387,0.2104942798614502,0.4759848117828369,0.24812698364257812,0.28098320960998535,0.20845317840576172,0.22400307655334473,0.2645711898803711,0.2522292137145996,0.21571826934814453,0.9177742004394531,0.2343590259552002,0.22245001792907715,0.5016269683837891,0.23954105377197266,0.5089752674102783,0.2393038272857666,0.2551877498626709,0.23874878883361816,0.21671605110168457,0.22136688232421875,0.21535706520080566,0.24230504035949707,0.5096859931945801,0.2502567768096924,0.23123669624328613,0.5116689205169678,0.2377169132232666,0.20805072784423828,0.2442920207977295,0.24942421913146973,0.283189058303833,0.24359917640686035,1.455672025680542,0.24272513389587402,0.2483980655670166,0.5191261768341064,0.2464892864227295,0.4993631839752197,14.13582181930542,0.4693319797515869,0.2723269462585449,0.22059321403503418,0.33927488327026367,0.22567129135131836
910,0.21812772750854492,0.23601794242858887,0.5371279716491699,0.48285698890686035,0.20858192443847656,0.23045921325683594,0.22835707664489746,0.23676204681396484,0.2123410701751709,0.49286723136901855,0.24264192581176758,0.2407550811767578,0.4861748218536377,0.23891997337341309,0.22316884994506836,0.5235862731933594,0.2366321086883545,0.23229575157165527,0.47576284408569336,0.24782228469848633,0.21934914588928223,0.22484302520751953,0.517017126083374,0.2367401123046875,0.24642705917358398,0.2150437831878662,0.2279059886932373,0.23502326011657715,0.5234286785125732,0.24990510940551758,0.2554938793182373,0.5100729465484619,0.24004077911376953,0.2108759880065918,0.5284061431884766,0.22465991973876953,0.5632591247558594,0.22966504096984863,1.1192119121551514,0.24790287017822266,0.2252821922302246,0.8534762859344482,0.4235200881958008,0.9505720138549805,0.8886840343475342,0.4910252094268799,0.5312228202819824,0.23560881614685059,0.2982921600341797,0.22798609733581543
911,0.21286511421203613,0.23383808135986328,0.5160701274871826,0.49148988723754883,0.22751498222351074,0.4948689937591553,0.2393341064453125,0.23464131355285645,0.2220768928527832,0.5401451587677002,0.23242712020874023,0.23304986953735352,0.49774909019470215,0.23032617568969727,0.2200179100036621,0.5488150119781494,0.2329859733581543,0.2128589153289795,0.5078749656677246,0.23958206176757812,0.5197060108184814,0.21760106086730957,0.46843481063842773,0.22990632057189941,0.22657203674316406,0.24811220169067383,0.20982909202575684,0.23638176918029785,0.2671961784362793,0.2049710750579834,0.23438501358032227,0.4888288974761963,0.2315990924835205,0.22324395179748535,0.27450084686279297,0.2329390048980713,0.5165929794311523,0.2431049346923828,1.0166959762573242,0.23738694190979004,0.23815083503723145,1.792593002319336,0.5183351039886475,0.484468936920166,1.8450281620025635,0.47235798835754395,0.9319510459899902,0.23360490798950195,0.28647923469543457,0.22501087188720703
912,0.23333406448364258,0.2365403175354004,0.4716758728027344,0.4900631904602051,0.22996187210083008,0.4800713062286377,1.451258897781372,0.4908008575439453,0.23303699493408203,0.5339529514312744,0.2513599395751953,0.23410987854003906,0.2263808250427246,0.23774218559265137,0.21379303932189941,0.24261879920959473,0.24391984939575195,0.21779799461364746,0.5035459995269775,0.22902798652648926,0.5028941631317139,0.23166966438293457,0.21525025367736816,0.2408158779144287,0.21756386756896973,0.2388920783996582,0.25049281120300293,0.2363758087158203,0.5302600860595703,0.24833989143371582,0.23621797561645508,0.5024247169494629,0.25275278091430664,0.21725010871887207,0.5477807521820068,0.23753118515014648,0.49956297874450684,0.2212059497833252,0.4937431812286377,0.23611688613891602,0.26469874382019043,4.049288988113403,0.5218369960784912,0.46929001808166504,1.1450822353363037,0.21860194206237793,0.5463180541992188,0.25733184814453125,0.3136560916900635,0.2098391056060791
913,0.21761298179626465,0.22319293022155762,0.4683878421783447,0.4558439254760742,0.22707295417785645,0.47808384895324707,0.20952606201171875,0.23519015312194824,0.22896409034729004,0.8981750011444092,0.2379910945892334,0.23381400108337402,0.45867419242858887,0.23500919342041016,0.2497091293334961,1.5683188438415527,0.20858168601989746,0.22104477882385254,0.8731298446655273,0.21117019653320312,0.23422694206237793,0.2245469093322754,0.23333001136779785,0.22308897972106934,0.2543509006500244,0.22377586364746094,0.23648881912231445,0.24628496170043945,0.36381006240844727,0.23825407028198242,0.23180508613586426,0.47951173782348633,0.2335658073425293,0.4722251892089844,0.22153425216674805,0.23630285263061523,0.22523713111877441,0.23521804809570312,0.4838881492614746,0.22696781158447266,0.2505500316619873,1.1983611583709717,0.556337833404541,1.1186330318450928,0.9166610240936279,0.21617507934570312,0.5319411754608154,0.25145816802978516,0.2964060306549072,0.24267578125
914,0.2200939655303955,0.23067188262939453,0.4714071750640869,0.48619794845581055,0.20808196067810059,0.23842978477478027,0.2308816909790039,0.23948907852172852,0.22919607162475586,1.074930191040039,0.23635601997375488,0.23415827751159668,0.5151090621948242,0.2411661148071289,0.22922015190124512,0.9122450351715088,0.22265315055847168,0.21581220626831055,2.1898880004882812,0.24155282974243164,0.20952820777893066,0.24191999435424805,0.24894380569458008,0.2595252990722656,0.2307910919189453,0.20940804481506348,0.24370193481445312,0.21356606483459473,0.48419880867004395,0.3391540050506592,0.21099591255187988,0.4683678150177002,0.23803186416625977,0.8556721210479736,0.9577279090881348,0.2275550365447998,0.7480587959289551,0.23873591423034668,0.4716682434082031,0.21290802955627441,0.24891209602355957,0.8228306770324707,0.4886746406555176,0.49868321418762207,0.5241992473602295,0.5159826278686523,0.2520298957824707,0.22400522232055664,151.3194921016693,0.23472261428833008
915,0.2243359088897705,0.2058579921722412,0.5383701324462891,0.5056869983673096,0.2357323169708252,0.2114732265472412,0.23112702369689941,0.23621177673339844,0.22694182395935059,0.6771349906921387,0.2329270839691162,0.24099302291870117,0.22739505767822266,0.2883939743041992,0.2079768180847168,1.5621018409729004,0.21269917488098145,0.2398519515991211,0.5560340881347656,0.2448270320892334,0.2292780876159668,0.21369099617004395,0.250870943069458,0.4715888500213623,0.23512601852416992,0.20946717262268066,0.22161102294921875,0.23294687271118164,0.5138919353485107,0.2524290084838867,0.25525498390197754,0.8099319934844971,0.21419596672058105,0.2392280101776123,0.24072504043579102,0.2427840232849121,0.26534390449523926,0.21440911293029785,0.5906741619110107,0.25696396827697754,0.5457348823547363,1.618561029434204,0.25063085556030273,1.0428862571716309,1.1607553958892822,0.2186589241027832,0.5073671340942383,0.24595189094543457,0.33573198318481445,0.252716064453125
916,0.23930788040161133,0.2348039150238037,0.4968709945678711,0.7231299877166748,0.23665189743041992,0.2134380340576172,0.21159982681274414,0.24976086616516113,0.21196889877319336,0.5131499767303467,0.20848512649536133,0.23609185218811035,0.46913886070251465,0.21558880805969238,0.2434072494506836,0.5202429294586182,0.23154926300048828,0.5090539455413818,0.4908308982849121,0.24436688423156738,0.49112987518310547,0.22449898719787598,0.25368213653564453,0.22118496894836426,0.23805594444274902,0.24988889694213867,0.21382498741149902,0.2384660243988037,0.5332422256469727,0.481658935546875,0.22292780876159668,1.206690788269043,0.22679996490478516,0.275407075881958,0.2621431350708008,0.22662806510925293,0.21894097328186035,0.23395895957946777,0.49919676780700684,0.22670578956604004,0.25406789779663086,0.8447198867797852,0.20450878143310547,0.5127990245819092,17.628409147262573,0.2480330467224121,0.7313117980957031,0.22053980827331543,0.2944040298461914,0.2351381778717041
917,0.24819111824035645,0.20655488967895508,1.3750009536743164,0.475322961807251,0.25177001953125,0.47839999198913574,0.23073816299438477,0.23793697357177734,0.22329401969909668,0.5261402130126953,0.24659109115600586,0.21973681449890137,0.2519078254699707,0.2449500560760498,0.2239210605621338,0.5403621196746826,0.24953293800354004,0.22392511367797852,0.8536179065704346,0.22314095497131348,0.5190680027008057,0.2308349609375,0.23232793807983398,0.23596692085266113,0.23558497428894043,0.23474597930908203,0.24309778213500977,0.22936105728149414,0.5335288047790527,0.4674999713897705,0.21905994415283203,0.8466010093688965,0.25794291496276855,0.5525329113006592,0.2837669849395752,0.2626681327819824,0.23311805725097656,0.24542713165283203,0.4616999626159668,0.24325990676879883,0.23935890197753906,0.40636730194091797,0.5173277854919434,2.4434797763824463,2.409601926803589,0.4723210334777832,0.536362886428833,0.24225378036499023,0.2862679958343506,0.2353658676147461
918,0.2296888828277588,0.250870943069458,0.21927809715270996,0.49871206283569336,0.238508939743042,0.5166308879852295,0.23684978485107422,0.23317503929138184,0.21033000946044922,0.5353281497955322,0.20955395698547363,0.23741626739501953,0.4717600345611572,0.2435300350189209,0.23407411575317383,0.23604917526245117,0.23608708381652832,0.23313426971435547,0.4739220142364502,0.2473738193511963,0.5188720226287842,0.2273092269897461,0.5040419101715088,0.23978304862976074,0.24727106094360352,0.23547601699829102,0.21152186393737793,0.25658702850341797,0.516721248626709,0.42249417304992676,0.2181849479675293,0.8386697769165039,0.2281792163848877,0.23817110061645508,0.6464531421661377,0.2202911376953125,0.482468843460083,0.23600101470947266,1.044853925704956,0.23005318641662598,0.4364769458770752,0.4959728717803955,0.24675202369689941,0.20705509185791016,0.5808131694793701,0.22050976753234863,0.5500190258026123,0.22426795959472656,0.2883610725402832,0.2345879077911377
919,0.21355891227722168,0.23552584648132324,0.508512020111084,0.49223971366882324,0.23508882522583008,0.5049839019775391,0.2318892478942871,0.20828008651733398,0.2576892375946045,0.5331399440765381,0.23032188415527344,0.21880412101745605,0.5167407989501953,0.22563505172729492,0.22510695457458496,0.5382587909698486,0.23611092567443848,0.24411797523498535,1.0793819427490234,0.22198081016540527,0.5072557926177979,0.24167108535766602,0.21114611625671387,0.22573399543762207,0.21527409553527832,0.23578906059265137,0.2105240821838379,0.23522686958312988,0.24372196197509766,0.3045811653137207,0.2167801856994629,0.24952912330627441,0.24098730087280273,0.2526721954345703,0.5494182109832764,0.22302603721618652,0.4712061882019043,0.264970064163208,0.8144209384918213,0.23921585083007812,0.2524549961090088,2.1311118602752686,0.22568392753601074,0.8721296787261963,0.5462892055511475,0.522529125213623,0.534188985824585,0.27880191802978516,0.3013598918914795,0.21204710006713867
920,0.2159731388092041,0.20691490173339844,0.8816890716552734,0.5035419464111328,0.23482394218444824,0.5038189888000488,0.9085690975189209,0.23683524131774902,0.2332139015197754,0.49915480613708496,0.2090761661529541,0.2396538257598877,0.22055292129516602,0.2438802719116211,0.20907187461853027,0.5624270439147949,0.2064378261566162,0.2348320484161377,0.4725508689880371,0.231003999710083,0.23263907432556152,0.2454068660736084,0.25150203704833984,0.21296429634094238,0.2393491268157959,0.20842504501342773,0.21620512008666992,0.2353663444519043,0.48249387741088867,0.5260798931121826,0.23915505409240723,0.5139060020446777,0.2264420986175537,0.2128610610961914,0.28254222869873047,0.22535204887390137,0.4214158058166504,0.2617349624633789,0.4901280403137207,0.2537212371826172,0.2595839500427246,1.4570491313934326,0.49929308891296387,0.5024991035461426,0.4976780414581299,0.5148859024047852,0.2816488742828369,0.25736117362976074,0.2537257671356201,0.24719595909118652
921,0.21605706214904785,0.23209190368652344,0.656667947769165,0.5180222988128662,0.20893502235412598,0.4940307140350342,0.23717093467712402,0.23560619354248047,0.23784589767456055,0.7933850288391113,0.22832894325256348,0.23833894729614258,0.23724913597106934,0.22471308708190918,0.2336587905883789,0.23768281936645508,0.23909926414489746,0.2672290802001953,1.332359790802002,0.21461915969848633,0.21054577827453613,0.24009394645690918,0.48913002014160156,0.2295379638671875,0.22525691986083984,0.23383593559265137,0.23409485816955566,0.2240920066833496,0.24722933769226074,0.5333750247955322,0.20923185348510742,0.8544039726257324,0.2445847988128662,0.21843314170837402,0.260739803314209,0.21452903747558594,0.5487520694732666,0.23677396774291992,0.5268809795379639,0.22798418998718262,0.2531871795654297,0.507697343826294,0.24683785438537598,16.88696002960205,0.8643848896026611,0.48988795280456543,0.5037310123443604,0.24523401260375977,0.2740812301635742,0.2548561096191406
922,0.24155592918395996,0.2052168846130371,0.5020878314971924,0.5189290046691895,0.24794697761535645,0.4718778133392334,2.077683210372925,0.23934578895568848,0.23670411109924316,0.86956787109375,0.23036694526672363,0.21892929077148438,0.5303759574890137,0.2575948238372803,0.2091519832611084,0.23357319831848145,0.25080180168151855,0.21755218505859375,1.6833505630493164,0.21558594703674316,0.2931478023529053,0.23787808418273926,0.4511878490447998,0.20784616470336914,0.2333660125732422,0.20592379570007324,0.2431931495666504,0.2384929656982422,0.2803378105163574,0.38283419609069824,0.24096083641052246,0.5159718990325928,0.23858189582824707,0.2171618938446045,0.26255011558532715,0.23399019241333008,0.22606778144836426,0.2251908779144287,1.074326992034912,0.21313095092773438,0.24006295204162598,1.7513678073883057,0.23401188850402832,0.40801501274108887,1.1414940357208252,0.5191531181335449,0.2681238651275635,0.25218796730041504,0.2609679698944092,0.23228073120117188
923,0.24129819869995117,0.22218704223632812,1.1867640018463135,0.291126012802124,0.2383718490600586,0.46952176094055176,1.4367742538452148,0.24961566925048828,0.23311281204223633,0.9320180416107178,0.21931004524230957,0.245758056640625,0.5042822360992432,0.22694993019104004,0.2388780117034912,0.5379519462585449,0.23800396919250488,0.24797415733337402,1.0730960369110107,0.2198348045349121,0.20984911918640137,0.21271872520446777,0.503075122833252,0.22181010246276855,0.2638850212097168,0.22801995277404785,0.24580717086791992,0.25974512100219727,0.7073328495025635,0.5391561985015869,0.24023818969726562,1.1868908405303955,0.2159130573272705,0.2030191421508789,0.3134438991546631,0.21967387199401855,0.520388126373291,0.22846388816833496,0.8391079902648926,0.24368882179260254,0.2260580062866211,1.481696605682373,0.2225039005279541,12.559711933135986,0.5413708686828613,0.4909861087799072,0.5174157619476318,0.2468419075012207,0.2540709972381592,0.2406930923461914
924,0.22916913032531738,0.24013590812683105,0.5309238433837891,0.4912450313568115,0.23464560508728027,0.48642897605895996,0.521331787109375,0.23460698127746582,0.24888396263122559,0.5174698829650879,0.2082827091217041,0.22521495819091797,1.1306712627410889,0.21520400047302246,0.2300429344177246,0.9045450687408447,0.2335038185119629,0.4982869625091553,0.48642492294311523,0.21927404403686523,0.22151398658752441,0.22123384475708008,0.4828808307647705,0.23625898361206055,0.2195887565612793,0.20913100242614746,0.2220611572265625,0.25375795364379883,0.26392126083374023,0.23918414115905762,0.23268675804138184,0.9955861568450928,0.23979783058166504,0.220750093460083,1.2375140190124512,0.21852684020996094,0.5150439739227295,0.21336698532104492,0.506594181060791,0.21915531158447266,0.2318267822265625,1.4012689590454102,0.5160269737243652,12.238508224487305,1.0933880805969238,0.2278752326965332,0.9782199859619141,0.23857617378234863,0.2503972053527832,0.23323273658752441
925,0.23201608657836914,0.2278730869293213,0.605720043182373,0.4848508834838867,0.23642683029174805,0.2231299877166748,0.21980786323547363,0.23574018478393555,0.21152710914611816,1.7074339389801025,0.21285510063171387,0.23725104331970215,0.765078067779541,0.24511218070983887,0.23750877380371094,1.1463141441345215,0.23734521865844727,0.24468302726745605,1.0698843002319336,0.23344993591308594,0.21846294403076172,0.25023794174194336,0.19628095626831055,0.2548971176147461,0.21904492378234863,0.24059414863586426,0.21374917030334473,0.23978114128112793,1.1597509384155273,0.20533394813537598,0.2508690357208252,0.48971009254455566,0.2329108715057373,0.22205734252929688,0.2657809257507324,0.21625113487243652,0.8901998996734619,0.22714805603027344,0.5167298316955566,0.23549985885620117,0.24924325942993164,1.0494449138641357,0.2629530429840088,13.791189908981323,1.5755300521850586,0.4666328430175781,0.5481359958648682,0.21320104598999023,0.27196288108825684,0.2515289783477783
926,0.2142782211303711,0.20821809768676758,0.4761471748352051,0.4902610778808594,0.23944091796875,0.49901580810546875,0.20850205421447754,0.804455041885376,0.23642921447753906,0.9572219848632812,0.23539090156555176,0.23456287384033203,0.24944710731506348,0.22492504119873047,0.23741888999938965,1.264436960220337,0.23490500450134277,0.23674798011779785,1.1308221817016602,0.22031021118164062,0.3549373149871826,0.2248063087463379,0.23967623710632324,0.2682328224182129,0.23551201820373535,0.23650908470153809,0.20999717712402344,0.2362370491027832,0.24012994766235352,0.5170948505401611,0.23398399353027344,1.1425516605377197,0.240631103515625,0.24226880073547363,0.281095027923584,0.2122039794921875,0.5486938953399658,0.21138501167297363,0.4965229034423828,0.21796917915344238,0.23125791549682617,0.5175888538360596,0.5154209136962891,11.215528011322021,0.8954041004180908,0.8317928314208984,0.5343480110168457,0.21558785438537598,0.31269097328186035,0.23595595359802246
927,0.2579779624938965,0.2311398983001709,0.5014419555664062,0.5010769367218018,0.2476179599761963,0.4787459373474121,0.2191789150238037,0.2339320182800293,0.23433279991149902,0.4980752468109131,0.2485671043395996,0.23538517951965332,0.19615888595581055,0.26003003120422363,0.23593902587890625,1.2170839309692383,0.25020694732666016,0.2382521629333496,1.571916103363037,0.24191904067993164,0.22064208984375,0.2514781951904297,0.23645734786987305,0.22681117057800293,0.21647310256958008,0.22909021377563477,0.23441314697265625,0.23704814910888672,0.5144078731536865,0.5390379428863525,0.23737382888793945,0.4849128723144531,0.25125885009765625,0.20697402954101562,0.2550501823425293,0.23340606689453125,0.22355413436889648,0.22208094596862793,0.890265941619873,0.21713805198669434,0.23464584350585938,0.8213481903076172,0.48775601387023926,16.503457069396973,0.542910099029541,0.5172233581542969,0.27112889289855957,0.22463297843933105,0.27727603912353516,0.21631503105163574
928,0.23596692085266113,0.22763490676879883,0.5153019428253174,0.48811888694763184,0.2301630973815918,0.4662930965423584,0.2355818748474121,0.5556559562683105,0.23915696144104004,0.4995079040527344,0.2383129596710205,0.23179101943969727,0.23299217224121094,0.22523093223571777,0.24659371376037598,0.548598051071167,0.20949292182922363,0.4881157875061035,0.6408398151397705,0.21427083015441895,0.4877512454986572,0.240556001663208,0.2506282329559326,0.21059298515319824,0.2619287967681885,0.23139286041259766,0.22491192817687988,0.24086976051330566,0.5171849727630615,0.5144400596618652,0.2073349952697754,0.49865078926086426,0.23005294799804688,0.2180800437927246,0.2391979694366455,0.22143292427062988,0.512876033782959,0.23038101196289062,0.7682540416717529,0.22046279907226562,0.23156404495239258,10.97187876701355,0.49719715118408203,16.574186086654663,0.5148928165435791,0.24424123764038086,0.24573469161987305,0.246873140335083,0.2593111991882324,0.21651411056518555
929,0.23363614082336426,0.22275090217590332,0.48249220848083496,0.4885241985321045,0.2115950584411621,0.48290419578552246,0.5249102115631104,0.25110387802124023,0.24556398391723633,0.2158217430114746,0.23626494407653809,0.24114489555358887,1.134706974029541,0.2447059154510498,0.22804689407348633,0.5305297374725342,0.23782777786254883,0.24112987518310547,0.47072410583496094,0.23099112510681152,0.4885702133178711,0.2279200553894043,0.2193920612335205,0.23106694221496582,0.22124791145324707,0.20711231231689453,0.21431589126586914,0.21409225463867188,0.5014982223510742,0.48323702812194824,0.22727203369140625,0.51792311668396,0.23676490783691406,0.5040690898895264,0.2414562702178955,0.2172231674194336,0.2702810764312744,0.22286391258239746,0.48427700996398926,0.2154390811920166,0.2309889793395996,0.8006420135498047,0.48691892623901367,16.63978910446167,0.8979990482330322,0.46921801567077637,0.9472970962524414,0.26460790634155273,0.28733015060424805,0.21864604949951172
930,0.23635387420654297,0.2065730094909668,0.5315911769866943,0.5205090045928955,0.23846006393432617,0.4849858283996582,0.23436403274536133,0.23326969146728516,0.23839211463928223,0.8408010005950928,0.2269439697265625,0.22449278831481934,0.510138988494873,0.22382426261901855,0.22029781341552734,0.2548682689666748,0.24013304710388184,0.290891170501709,1.1087110042572021,0.2539558410644531,0.2412700653076172,0.21363520622253418,0.23250985145568848,0.20570087432861328,0.24799489974975586,0.24065470695495605,0.2275230884552002,0.24274897575378418,0.5112667083740234,0.5171098709106445,0.22976326942443848,1.7765629291534424,0.21420812606811523,0.23850178718566895,0.2755460739135742,0.21855807304382324,0.9258720874786377,0.21554827690124512,0.8325858116149902,0.2569422721862793,0.24454498291015625,2.825155258178711,0.24946093559265137,16.68588089942932,0.9464361667633057,0.46997499465942383,0.27030396461486816,0.2259368896484375,0.270845890045166,0.23459887504577637
931,0.23375988006591797,0.2126939296722412,0.46011781692504883,0.45607495307922363,0.23967218399047852,0.2127070426940918,0.23779892921447754,0.20946002006530762,0.2365889549255371,0.25543975830078125,0.21011805534362793,0.25945496559143066,0.5163559913635254,0.21462011337280273,0.22195196151733398,1.5490689277648926,0.22522306442260742,0.3161768913269043,1.099181890487671,0.23264384269714355,0.21420502662658691,0.24122405052185059,0.2104649543762207,0.22013020515441895,0.22283411026000977,0.26091885566711426,0.24606084823608398,0.23500585556030273,0.22319626808166504,0.5606489181518555,0.235245943069458,0.501345157623291,0.23618674278259277,0.5145831108093262,0.9469020366668701,0.21994996070861816,0.517132043838501,0.2711811065673828,0.48532915115356445,0.22805285453796387,0.23166108131408691,1.8212571144104004,0.5180742740631104,6.544017791748047,0.5173459053039551,0.48522496223449707,0.5146377086639404,0.240523099899292,0.293626070022583,0.22123193740844727
932,0.24207711219787598,0.23270916938781738,0.22833776473999023,0.48708319664001465,0.24733996391296387,0.22623276710510254,0.534412145614624,0.5026059150695801,0.20983290672302246,0.7611498832702637,0.22687482833862305,0.22761201858520508,0.22015810012817383,0.25733494758605957,0.23244500160217285,0.5283489227294922,0.25992870330810547,0.22676801681518555,0.5033080577850342,0.23923397064208984,0.5378611087799072,0.2445361614227295,0.5189287662506104,0.22441387176513672,0.24234509468078613,0.21262383460998535,0.23838472366333008,0.22958803176879883,0.2483522891998291,0.5175909996032715,0.23468804359436035,0.514491081237793,0.24651598930358887,0.5350568294525146,0.9695918560028076,0.2346508502960205,0.52848219871521,0.23073697090148926,1.0362839698791504,0.2426760196685791,0.2334749698638916,1.714942216873169,0.518021821975708,5.604336261749268,0.4835660457611084,0.5002388954162598,0.5138821601867676,0.21382498741149902,0.32527875900268555,0.21699094772338867
933,0.21303296089172363,0.2495861053466797,0.48506593704223633,0.5210492610931396,0.2352612018585205,0.1962602138519287,0.23336410522460938,0.23755311965942383,0.23546385765075684,0.268017053604126,0.23238515853881836,0.2179408073425293,0.21758675575256348,0.23916912078857422,0.24717211723327637,0.5441231727600098,0.22979021072387695,0.24698209762573242,1.5032141208648682,0.2363879680633545,0.4754679203033447,0.2416839599609375,0.5349941253662109,0.21875476837158203,0.24267196655273438,0.23497915267944336,0.21028995513916016,0.25765395164489746,0.49745893478393555,0.2270069122314453,0.23291993141174316,0.4858560562133789,0.23859500885009766,0.2384018898010254,0.5958638191223145,0.21980071067810059,0.5185940265655518,0.24790406227111816,0.8110990524291992,0.23772311210632324,0.23886513710021973,4.868130922317505,0.5006570816040039,16.624019861221313,0.5151686668395996,0.4718480110168457,0.9092462062835693,0.23418092727661133,0.2417290210723877,0.21796417236328125
934,0.21504926681518555,0.23757696151733398,0.4883131980895996,0.25281691551208496,0.2381281852722168,0.5010101795196533,0.4757051467895508,0.45842814445495605,0.2539958953857422,0.5212037563323975,0.2353208065032959,0.23638296127319336,0.21685791015625,0.2220463752746582,0.24084973335266113,0.523345947265625,0.2308790683746338,0.4983649253845215,0.48865795135498047,0.23457717895507812,0.22324824333190918,0.23528409004211426,0.23801779747009277,0.24925589561462402,0.21507477760314941,0.23174309730529785,0.20972084999084473,0.22427010536193848,0.531846284866333,0.23994803428649902,0.2379448413848877,0.516322135925293,0.2366631031036377,0.22163605690002441,0.2681710720062256,0.21187615394592285,0.22964787483215332,0.2158830165863037,1.700955867767334,0.22219085693359375,0.2554030418395996,0.49760890007019043,1.4221680164337158,16.664795875549316,0.4988689422607422,0.5111210346221924,0.2564511299133301,0.2372300624847412,0.2794160842895508,0.21083712577819824
935,0.22362804412841797,0.2359941005706787,0.5199968814849854,0.5048849582672119,0.2343738079071045,0.8217742443084717,0.2553689479827881,0.23211097717285156,0.23540687561035156,0.940255880355835,0.23708295822143555,0.23329615592956543,0.21141672134399414,0.2191171646118164,0.22553300857543945,0.8949680328369141,0.21599602699279785,0.23852801322937012,4.080418109893799,0.24025583267211914,0.5180509090423584,0.22465991973876953,0.5170700550079346,0.20570087432861328,0.24262285232543945,0.20975303649902344,0.22758078575134277,0.24239802360534668,0.22544121742248535,0.24313592910766602,0.2404770851135254,0.4810061454772949,0.22628188133239746,0.4759359359741211,0.9626848697662354,0.2147068977355957,0.23245501518249512,0.32511210441589355,0.8293247222900391,0.2353839874267578,0.25536227226257324,1.6184179782867432,0.5133261680603027,,0.5294208526611328,0.5086009502410889,0.5162079334259033,0.23654389381408691,0.2760047912597656,0.22947287559509277
936,0.21448969841003418,0.23738694190979004,0.21956205368041992,0.23468685150146484,0.20892119407653809,0.2373218536376953,0.23145079612731934,0.24817609786987305,0.23402023315429688,1.1448183059692383,0.23587703704833984,0.25632405281066895,0.2040090560913086,0.21635007858276367,0.2198941707611084,0.4767899513244629,0.23980212211608887,0.26224589347839355,0.8905811309814453,0.21498417854309082,0.5065107345581055,0.21630311012268066,0.23778009414672852,0.2322828769683838,0.23672199249267578,0.22429704666137695,0.24613714218139648,0.21471285820007324,0.20202302932739258,0.22238993644714355,0.20885610580444336,0.4583752155303955,0.2433168888092041,0.8255918025970459,1.0100018978118896,0.22075200080871582,0.4872710704803467,1.126188039779663,0.5663900375366211,0.21622920036315918,0.4028000831604004,0.4826486110687256,0.49720096588134766,,0.500424861907959,0.2380058765411377,0.2554917335510254,0.22416400909423828,0.26293301582336426,0.22933101654052734
937,0.2341170310974121,0.20883607864379883,0.5055100917816162,0.5355567932128906,0.25089430809020996,0.5933198928833008,0.21023082733154297,0.25176334381103516,0.2382500171661377,0.5122919082641602,0.2503790855407715,0.2221660614013672,0.21622610092163086,0.23585033416748047,0.20782899856567383,0.5337309837341309,0.24384212493896484,0.21569609642028809,2.569887161254883,0.2417888641357422,0.46863627433776855,0.23225998878479004,0.26320481300354004,0.20678281784057617,0.2238903045654297,0.2232189178466797,0.23833799362182617,0.23023581504821777,0.504615068435669,0.21780037879943848,0.21530485153198242,0.5032069683074951,0.24438810348510742,0.23103117942810059,0.5439841747283936,0.2328660488128662,0.5394818782806396,0.5211918354034424,0.9412720203399658,0.21387791633605957,0.2596302032470703,0.4936830997467041,0.5250790119171143,,0.531346321105957,0.2340989112854004,0.4878206253051758,0.2178030014038086,0.2294912338256836,0.24002480506896973
938,0.22207999229431152,0.24676990509033203,0.494365930557251,0.7545609474182129,0.23603105545043945,0.25464916229248047,0.5161163806915283,0.4654347896575928,0.23206496238708496,1.241534948348999,0.20898795127868652,0.24657678604125977,0.5310468673706055,0.2140672206878662,0.22807979583740234,0.5472941398620605,0.21158313751220703,0.23247265815734863,0.8628568649291992,0.23639130592346191,0.5090267658233643,0.2160348892211914,0.2356581687927246,0.23643994331359863,0.2333521842956543,0.20947980880737305,0.21291589736938477,0.2550220489501953,0.5004432201385498,0.37113499641418457,0.22638797760009766,0.5156371593475342,0.21458697319030762,0.2304060459136963,0.25420594215393066,0.21671438217163086,0.2449052333831787,0.23471593856811523,0.813295841217041,0.24537301063537598,0.5274879932403564,2.3271799087524414,0.5145890712738037,,0.865393877029419,0.23731780052185059,0.5025060176849365,0.21744894981384277,0.2482011318206787,0.23456096649169922
939,0.21521902084350586,0.23670721054077148,0.5031709671020508,0.47539710998535156,0.23704910278320312,0.22263503074645996,0.2152256965637207,0.24868512153625488,0.2511780261993408,0.5639560222625732,0.23458194732666016,0.22272205352783203,0.8492190837860107,0.2444291114807129,0.2296619415283203,0.225999116897583,0.22374701499938965,0.2378859519958496,1.144911766052246,0.23631787300109863,0.3338630199432373,0.2421579360961914,0.24224376678466797,0.20862197875976562,0.2185802459716797,0.2351529598236084,0.2283189296722412,0.23722600936889648,0.53285813331604,0.33216285705566406,0.21227812767028809,0.5294249057769775,0.2374098300933838,0.2454679012298584,0.5414578914642334,0.23289799690246582,0.24358010292053223,0.871006965637207,2.012474298477173,0.2329721450805664,0.23897290229797363,1.977362871170044,0.507800817489624,,0.4979677200317383,0.4988541603088379,0.4990096092224121,0.21325206756591797,0.2625110149383545,0.23674702644348145
940,0.21384501457214355,0.2387831211090088,0.5250811576843262,0.5110421180725098,0.23417329788208008,0.21203398704528809,0.20916104316711426,0.7407619953155518,0.2106020450592041,0.48464322090148926,0.24000787734985352,0.21791887283325195,0.23504376411437988,0.228759765625,0.23893499374389648,0.5327391624450684,0.21520400047302246,0.5142199993133545,1.406358003616333,0.2501208782196045,0.498460054397583,0.2325141429901123,0.21203112602233887,0.23093509674072266,0.21849703788757324,0.2420952320098877,0.23087000846862793,0.22567296028137207,0.5174100399017334,0.26880383491516113,0.2531101703643799,0.5022950172424316,0.23772907257080078,0.4826211929321289,0.25676488876342773,0.23525404930114746,1.1987640857696533,0.2142958641052246,1.074448823928833,0.2453911304473877,0.255673885345459,2.4373891353607178,0.22079992294311523,,0.5302550792694092,0.49587512016296387,0.5111839771270752,0.21823811531066895,0.29416322708129883,0.24459600448608398
941,0.21746206283569336,0.22878098487854004,0.48119425773620605,0.5214548110961914,0.20812702178955078,0.21411681175231934,0.21047711372375488,0.24779510498046875,0.23729491233825684,0.4844479560852051,0.23692107200622559,0.2444758415222168,0.23017024993896484,0.24126005172729492,0.2337186336517334,0.24650812149047852,0.22254586219787598,0.22856497764587402,4.5868752002716064,0.22711586952209473,0.5310080051422119,0.2410590648651123,0.2475740909576416,0.20984292030334473,0.2152719497680664,0.24038410186767578,0.20938801765441895,0.24387407302856445,0.519812822341919,0.8674259185791016,0.22639799118041992,2.0798938274383545,0.2244548797607422,0.5026681423187256,0.28433990478515625,0.2120201587677002,0.5278561115264893,0.22986078262329102,0.8171768188476562,0.24361300468444824,0.24031591415405273,1.4749908447265625,0.8270437717437744,,0.5632200241088867,0.5164370536804199,0.7296350002288818,0.2187490463256836,0.26105499267578125,0.210554838180542
942,0.2592170238494873,0.21335077285766602,0.22621917724609375,0.5028901100158691,0.23990893363952637,0.4565918445587158,0.2231309413909912,0.23903679847717285,0.23568296432495117,0.5019521713256836,0.24966883659362793,0.22095990180969238,0.2232062816619873,0.24383878707885742,0.23770499229431152,0.5347859859466553,0.2257378101348877,0.21118593215942383,5.8029890060424805,0.2145230770111084,0.5104949474334717,0.24750399589538574,0.22934412956237793,0.2309739589691162,0.24502110481262207,0.2104032039642334,0.22944927215576172,0.2232680320739746,0.5144922733306885,0.28005218505859375,0.23746466636657715,0.8556520938873291,0.23225092887878418,0.26256394386291504,0.5786960124969482,0.2446458339691162,1.1902709007263184,0.49794721603393555,0.8055627346038818,0.22559165954589844,0.24382901191711426,1.144394874572754,0.5036649703979492,,0.5497698783874512,1.829214096069336,0.5788669586181641,0.2329699993133545,0.24690818786621094,0.23784708976745605
943,0.22400498390197754,0.24335098266601562,0.4824068546295166,0.4896256923675537,0.21571087837219238,0.4870622158050537,0.21167588233947754,0.23384785652160645,0.2358689308166504,0.8847978115081787,0.234602689743042,0.24688482284545898,0.8147761821746826,0.2449967861175537,0.24950718879699707,0.5562067031860352,0.21165108680725098,0.21428704261779785,0.4687511920928955,0.21443867683410645,0.5100119113922119,0.237138032913208,0.24141812324523926,0.2383739948272705,0.2440650463104248,0.20764994621276855,0.23422598838806152,0.22915101051330566,0.5173282623291016,0.24036931991577148,0.21081972122192383,0.5038871765136719,0.21442198753356934,0.2383558750152588,0.2646040916442871,0.24417924880981445,0.49572110176086426,0.23344826698303223,1.1643359661102295,0.216094970703125,0.2590179443359375,10.878920078277588,0.4958178997039795,,0.545396089553833,0.5182061195373535,0.5339961051940918,0.22193217277526855,0.25717973709106445,0.2370598316192627
944,0.2169170379638672,0.2289750576019287,0.6582541465759277,0.5005381107330322,0.20773100852966309,0.5102040767669678,0.23078298568725586,0.20940685272216797,0.24409198760986328,0.2729787826538086,0.23494720458984375,0.22235488891601562,0.8263728618621826,0.22401905059814453,0.20719695091247559,0.5337350368499756,0.22212982177734375,0.22707700729370117,0.8472747802734375,0.24564385414123535,0.47164320945739746,0.22742199897766113,0.23310112953186035,0.2049870491027832,0.2339930534362793,0.20861387252807617,0.23256897926330566,0.21458005905151367,0.5306048393249512,0.2609138488769531,0.23262691497802734,0.5168418884277344,0.22200703620910645,0.2315657138824463,0.5695028305053711,0.22794318199157715,0.24539613723754883,0.5278470516204834,2.0657339096069336,0.21634912490844727,0.2433159351348877,4.516822814941406,0.49318623542785645,,0.5503113269805908,0.2642822265625,0.5332140922546387,0.21450185775756836,0.26715517044067383,0.23794913291931152
945,0.21691298484802246,0.20733880996704102,0.25060296058654785,0.47878098487854004,0.2233748435974121,0.5187609195709229,0.23927998542785645,0.23010706901550293,0.21290206909179688,0.8760030269622803,0.23085594177246094,0.2469310760498047,0.22026515007019043,0.2145857810974121,0.2096099853515625,0.2581498622894287,0.21332406997680664,0.23992609977722168,0.5039598941802979,0.25139594078063965,0.5364727973937988,0.21319580078125,0.24951481819152832,0.24346303939819336,0.2490229606628418,0.22676301002502441,0.24012207984924316,0.21743392944335938,0.25271081924438477,0.5124893188476562,0.24788188934326172,0.5033059120178223,0.20972728729248047,0.20862603187561035,0.5493781566619873,0.22850298881530762,0.8626470565795898,0.26548290252685547,0.8084430694580078,0.2595393657684326,0.2540860176086426,2.7500739097595215,1.050175428390503,,0.5200629234313965,0.27490901947021484,0.5259552001953125,0.22228693962097168,0.23865389823913574,0.25158095359802246
946,0.22063684463500977,0.2216188907623291,0.2543659210205078,0.5028350353240967,0.21547913551330566,0.196990966796875,0.5297291278839111,0.22742128372192383,0.2187058925628662,0.2674558162689209,0.2114708423614502,0.23871207237243652,0.47539281845092773,0.23835206031799316,0.22677016258239746,0.5276308059692383,0.23221707344055176,0.23300766944885254,0.5248081684112549,0.2310168743133545,0.23002195358276367,0.2413349151611328,0.48947787284851074,0.22137904167175293,0.25313520431518555,0.25173497200012207,0.23502683639526367,0.21655702590942383,0.5638599395751953,0.2082662582397461,0.24166488647460938,0.4963409900665283,0.2188258171081543,0.5018887519836426,0.26955604553222656,0.21592211723327637,0.2784597873687744,1.123218059539795,1.1303911209106445,0.219984769821167,0.27794694900512695,1.0562081336975098,0.3207552433013916,,0.5286121368408203,0.21651935577392578,0.23172712326049805,0.21405506134033203,0.230241060256958,0.23527812957763672
947,0.23206400871276855,0.2147228717803955,0.21700382232666016,0.49016404151916504,0.24153614044189453,2.3210577964782715,0.47244882583618164,0.23143506050109863,0.21993112564086914,3.5795671939849854,0.2562899589538574,0.24271798133850098,0.5053308010101318,0.24884676933288574,0.23983192443847656,0.5451960563659668,0.25087594985961914,0.2682187557220459,1.0989570617675781,0.2342681884765625,0.4840419292449951,0.25222301483154297,0.46311402320861816,0.27285027503967285,0.24765682220458984,0.21079087257385254,0.24754786491394043,0.2209458351135254,0.5340657234191895,0.5474708080291748,0.23244905471801758,0.8613557815551758,0.2375800609588623,0.21890997886657715,0.2732260227203369,0.23752593994140625,0.5116190910339355,0.2222912311553955,0.847027063369751,0.21959495544433594,0.2561159133911133,1.9210939407348633,1.0491158962249756,,0.9252688884735107,0.21260690689086914,0.24326610565185547,0.24330425262451172,0.23728322982788086,0.2338879108428955
948,0.21285414695739746,0.24705791473388672,0.4830331802368164,0.48407769203186035,0.20983219146728516,0.5085241794586182,0.21045589447021484,0.23326516151428223,0.2368299961090088,0.5674450397491455,0.22389602661132812,0.21834492683410645,0.2531430721282959,0.5045719146728516,0.25092029571533203,0.5657162666320801,0.23583316802978516,0.25115203857421875,0.8608248233795166,0.23703789710998535,0.22517037391662598,0.23073983192443848,0.2230532169342041,0.2215590476989746,0.2597990036010742,0.22539710998535156,0.2121117115020752,0.23275494575500488,0.5283298492431641,0.22426700592041016,0.2402200698852539,0.8590872287750244,0.21389412879943848,0.2605292797088623,0.6177289485931396,0.2351832389831543,0.47908687591552734,0.21426773071289062,1.3887419700622559,0.21927595138549805,0.5331399440765381,3.762012004852295,0.484997034072876,,0.9375860691070557,0.2439260482788086,1.4435031414031982,0.2286052703857422,0.21843194961547852,0.2108762264251709
949,0.21925687789916992,0.23398494720458984,0.518826961517334,0.6244480609893799,0.23080205917358398,0.2301177978515625,0.2245800495147705,0.21131277084350586,0.252424955368042,0.5364048480987549,0.2242259979248047,0.22652435302734375,0.8109419345855713,0.23875093460083008,0.23695707321166992,0.5338780879974365,0.22699189186096191,0.22669482231140137,0.4974541664123535,0.23553895950317383,0.8077092170715332,0.23644304275512695,0.23164105415344238,0.2336108684539795,0.22289299964904785,0.21419119834899902,0.22233295440673828,0.22033381462097168,0.49910616874694824,0.24895572662353516,0.24764370918273926,0.9713189601898193,0.22800016403198242,0.23255395889282227,0.26804208755493164,0.22081685066223145,0.5441799163818359,0.23850202560424805,0.84169602394104,0.21765995025634766,0.5181360244750977,1.0153441429138184,0.4806792736053467,,0.5217270851135254,0.23351216316223145,0.5106432437896729,0.2495429515838623,0.25281572341918945,0.2200179100036621
950,0.21830511093139648,0.20910191535949707,0.5475919246673584,0.5035281181335449,0.20885801315307617,0.5478947162628174,0.20917606353759766,0.22555971145629883,0.23389792442321777,0.5310361385345459,0.2117142677307129,0.24359893798828125,0.8060307502746582,0.23064327239990234,0.23604869842529297,0.2699739933013916,0.21043086051940918,0.24550819396972656,0.9020059108734131,0.23083019256591797,0.45770883560180664,0.23660707473754883,0.4745609760284424,0.24265289306640625,0.2430250644683838,0.21933698654174805,0.21623826026916504,0.2422771453857422,0.5397710800170898,0.5449788570404053,0.24752092361450195,0.8644223213195801,0.23794889450073242,0.26255226135253906,0.5776669979095459,0.22880005836486816,0.5132508277893066,0.4824059009552002,1.054314136505127,0.23445701599121094,0.2304518222808838,1.0634191036224365,0.8186008930206299,,0.5646252632141113,0.23753690719604492,0.5025248527526855,0.24858593940734863,0.23623394966125488,0.2514619827270508
951,0.21660399436950684,0.231187105178833,0.5007879734039307,0.5206310749053955,0.20784997940063477,0.4859480857849121,0.23540091514587402,0.20865797996520996,0.23485422134399414,0.5320892333984375,0.22788095474243164,0.23767495155334473,1.16005277633667,0.23843908309936523,0.2317049503326416,0.2535710334777832,0.2162470817565918,0.21279501914978027,0.48346972465515137,0.22505807876586914,0.3042881488800049,0.23790407180786133,0.49352216720581055,0.2073829174041748,0.23624396324157715,0.22241902351379395,0.2333521842956543,0.21560382843017578,0.8993990421295166,0.5170130729675293,0.21192193031311035,1.7942330837249756,0.2375621795654297,0.27231907844543457,0.2676992416381836,0.24405932426452637,0.5196962356567383,0.20946002006530762,1.3814640045166016,0.20819878578186035,0.556560754776001,1.4267656803131104,0.19901704788208008,,0.959191083908081,0.5123698711395264,0.26340293884277344,0.23808979988098145,0.26851820945739746,0.23574399948120117
952,0.239854097366333,0.20882296562194824,0.5039138793945312,0.5183060169219971,0.23663806915283203,0.21288013458251953,0.23412179946899414,0.23952007293701172,0.23726892471313477,0.8752288818359375,0.24961209297180176,0.247344970703125,1.1711502075195312,0.21457314491271973,0.20874500274658203,0.5436489582061768,0.23248815536499023,0.22197604179382324,0.8223891258239746,0.24365806579589844,0.21709513664245605,0.22904491424560547,1.1765246391296387,0.21246790885925293,0.23208308219909668,0.22266125679016113,0.25580596923828125,0.22857189178466797,0.5461170673370361,0.517401933670044,0.23796415328979492,1.1443579196929932,0.22915005683898926,0.4822509288787842,0.5518429279327393,0.24069929122924805,0.5213828086853027,0.9201841354370117,0.8136098384857178,0.21234416961669922,0.5476148128509521,1.633723258972168,1.163133144378662,,0.8698420524597168,0.48956871032714844,0.48478007316589355,0.24226117134094238,0.2537569999694824,0.23364782333374023
953,0.241455078125,0.25073790550231934,0.5082979202270508,0.47388696670532227,0.22259998321533203,0.46296119689941406,0.23612427711486816,0.863203763961792,0.23610877990722656,1.1515891551971436,0.20883893966674805,0.2209181785583496,1.107093095779419,0.23954200744628906,0.2521078586578369,0.21728992462158203,0.22191119194030762,0.21721792221069336,1.1294751167297363,0.23611903190612793,0.4884457588195801,0.22125005722045898,0.45902228355407715,0.2062208652496338,0.2549550533294678,0.21647214889526367,0.22373676300048828,0.2571718692779541,0.49808597564697266,0.5151021480560303,0.23821020126342773,0.49742794036865234,0.23393774032592773,0.22005820274353027,0.2626781463623047,0.24419498443603516,0.9435429573059082,0.2118527889251709,0.8769569396972656,0.21285629272460938,0.5565187931060791,0.8024771213531494,0.24522686004638672,,0.8333139419555664,0.2274179458618164,0.27847886085510254,0.2204129695892334,0.23839735984802246,0.23720812797546387
954,0.23627710342407227,0.23813295364379883,0.8488218784332275,0.5183401107788086,0.21227216720581055,0.22639894485473633,0.4855339527130127,0.5300438404083252,0.24863290786743164,1.142756700515747,0.23641610145568848,0.21928930282592773,0.8477299213409424,0.2436368465423584,0.23888301849365234,0.5296041965484619,0.21864891052246094,0.21703886985778809,0.49904894828796387,0.23530316352844238,0.5006730556488037,0.21780896186828613,0.2525651454925537,0.20928192138671875,0.22193622589111328,0.2210221290588379,0.2116689682006836,0.2289140224456787,0.5174341201782227,0.22873401641845703,0.2262859344482422,0.8843040466308594,0.23135113716125488,0.21296095848083496,0.22252106666564941,0.23247909545898438,0.5211930274963379,0.2187047004699707,0.9417471885681152,0.2303168773651123,0.23295307159423828,4.832599878311157,0.20243620872497559,,0.5238640308380127,0.4873032569885254,0.5176141262054443,0.25226902961730957,0.25672388076782227,0.23751091957092285
955,0.21275877952575684,0.23410820960998535,0.2428600788116455,0.48053812980651855,0.23056602478027344,0.5386559963226318,0.21559381484985352,0.2109360694885254,0.21364402770996094,1.1239068508148193,0.21020984649658203,0.21770191192626953,1.0687496662139893,0.2289290428161621,0.23380708694458008,0.5450921058654785,0.2204279899597168,0.22358012199401855,0.8097801208496094,0.25067973136901855,0.461500883102417,0.21587300300598145,0.23035287857055664,0.23490285873413086,0.21883487701416016,0.2219548225402832,0.2119286060333252,0.24217796325683594,0.5143969058990479,0.5293052196502686,0.22969412803649902,0.4900951385498047,0.23950910568237305,0.29804420471191406,0.2470541000366211,0.22510814666748047,1.1867687702178955,0.2173292636871338,0.480118989944458,0.2550320625305176,0.23099613189697266,6.269020080566406,0.5366449356079102,,0.5187249183654785,0.49656224250793457,0.5061569213867188,0.5211260318756104,0.22576427459716797,0.24489903450012207
956,0.23284602165222168,0.23648595809936523,0.8736128807067871,0.4969010353088379,0.2369542121887207,0.515261173248291,0.23439407348632812,0.4861419200897217,0.23440074920654297,0.5415000915527344,0.22495794296264648,0.2618522644042969,0.5013339519500732,0.2426319122314453,0.23921632766723633,0.8805599212646484,0.21748781204223633,0.2453300952911377,1.0631508827209473,0.23615717887878418,0.22475194931030273,0.2218949794769287,0.21138620376586914,0.26580810546875,0.21515202522277832,0.2292957305908203,0.21992182731628418,0.22404098510742188,0.24292278289794922,0.5445599555969238,0.21950006484985352,0.5005550384521484,0.23155784606933594,0.22271418571472168,0.24825286865234375,0.22033166885375977,0.4854729175567627,0.24608206748962402,0.8132269382476807,0.23585987091064453,0.2335360050201416,2.2988522052764893,0.23433876037597656,,0.5441930294036865,0.21629691123962402,0.23745417594909668,0.2635838985443115,0.21775603294372559,0.2104949951171875
957,0.2528810501098633,0.23598408699035645,0.2212538719177246,0.5031871795654297,0.24448084831237793,0.5030012130737305,0.22373175621032715,0.4690399169921875,0.23438692092895508,0.5065329074859619,0.23458313941955566,0.22307896614074707,1.10707688331604,0.2302231788635254,0.22695589065551758,0.5667698383331299,0.22607016563415527,0.22131896018981934,2.14554500579834,0.2257096767425537,0.48294973373413086,0.23322176933288574,0.4714670181274414,0.24144792556762695,0.2494189739227295,0.2254810333251953,0.2356431484222412,0.21744680404663086,0.24951696395874023,0.25852513313293457,0.21912503242492676,0.5000271797180176,0.253220796585083,0.21755409240722656,0.5141687393188477,0.25154876708984375,0.5317549705505371,0.5021860599517822,1.954841136932373,0.23673200607299805,0.5766730308532715,1.7512140274047852,0.2436811923980713,,4.546818017959595,0.3266150951385498,0.5167112350463867,0.24937105178833008,0.24392175674438477,0.24370789527893066
958,0.22902822494506836,0.25039196014404297,0.23939037322998047,0.5136539936065674,0.20832180976867676,0.863328218460083,1.4131371974945068,0.4872400760650635,0.23470401763916016,2.4146780967712402,0.21528005599975586,0.2430720329284668,1.0931110382080078,0.25445103645324707,0.23053431510925293,0.8979320526123047,0.21753716468811035,0.3054208755493164,1.4014577865600586,0.2160930633544922,0.4987461566925049,0.2220757007598877,0.22073721885681152,0.23569679260253906,0.23691391944885254,0.20623779296875,0.21365714073181152,0.23140311241149902,1.0842211246490479,0.4995851516723633,0.21046900749206543,0.46303391456604004,0.2354600429534912,0.2502169609069824,0.25028300285339355,0.23888587951660156,1.2139301300048828,0.5649089813232422,1.0958130359649658,0.22519588470458984,0.22995495796203613,1.498420000076294,0.6203532218933105,,0.5536997318267822,0.49396395683288574,0.5330629348754883,0.2522008419036865,0.24837303161621094,0.22272706031799316
959,0.24336576461791992,0.22874903678894043,0.2313699722290039,0.4781680107116699,0.21280479431152344,0.3493342399597168,0.5351312160491943,0.4837369918823242,0.25119900703430176,0.5490140914916992,0.23010802268981934,0.23032116889953613,0.5059599876403809,0.22715401649475098,0.20885515213012695,0.9136860370635986,0.2188270092010498,0.23181891441345215,0.6094920635223389,0.23813915252685547,0.46915292739868164,0.21387410163879395,0.45738887786865234,0.5005807876586914,0.23387408256530762,0.21340727806091309,0.23407626152038574,0.24232029914855957,0.5328381061553955,0.530022144317627,0.2422032356262207,0.5341429710388184,0.22713875770568848,0.8086600303649902,0.5288739204406738,0.22112798690795898,0.5479061603546143,0.23032093048095703,3.859767198562622,0.21448683738708496,0.25243377685546875,4.057867765426636,0.24634075164794922,,1.0819509029388428,0.5473647117614746,0.3674001693725586,0.23296308517456055,0.25011515617370605,0.21640396118164062
960,0.22964096069335938,0.21023297309875488,0.8597841262817383,0.4631679058074951,0.2270820140838623,0.217926025390625,0.501518964767456,0.21220016479492188,0.23509907722473145,0.5463309288024902,0.21081900596618652,0.24105501174926758,0.46874403953552246,0.21558403968811035,0.21608901023864746,0.5304598808288574,0.22040295600891113,0.21360397338867188,0.49820804595947266,0.2467029094696045,0.48531293869018555,0.21449494361877441,0.23970699310302734,0.21287322044372559,0.2490098476409912,0.23270177841186523,0.23799920082092285,0.23047614097595215,0.5215752124786377,1.0978620052337646,0.25231218338012695,1.0883047580718994,0.21765923500061035,0.25046277046203613,0.6616520881652832,0.21576809883117676,0.5365357398986816,0.5548107624053955,2.065737009048462,0.2575562000274658,0.26018404960632324,0.5142261981964111,0.5526759624481201,,0.903076171875,0.23876190185546875,0.5466480255126953,0.2368612289428711,0.23097705841064453,0.2364039421081543
961,0.23729729652404785,0.21091699600219727,0.24632906913757324,0.5420510768890381,0.2132248878479004,0.4877951145172119,0.23796677589416504,0.47762203216552734,0.23044681549072266,0.8845477104187012,0.23569512367248535,0.23716306686401367,0.4986259937286377,0.2436988353729248,0.23294305801391602,0.5336408615112305,0.22345995903015137,0.2382950782775879,0.8377912044525146,0.2421708106994629,0.5125460624694824,0.21915793418884277,0.8638358116149902,0.2308058738708496,0.21932315826416016,0.2588028907775879,0.22471976280212402,0.23958301544189453,0.9251101016998291,0.5162417888641357,0.23783111572265625,0.5177872180938721,0.23979783058166504,0.21885323524475098,0.5488979816436768,0.22900772094726562,0.24729013442993164,0.5033459663391113,0.8565130233764648,0.22382497787475586,0.23905396461486816,4.4100658893585205,0.535059928894043,,0.8930211067199707,0.237335205078125,1.1656718254089355,0.23637175559997559,0.24470305442810059,0.24315595626831055
962,0.24779868125915527,0.23250317573547363,0.40734386444091797,0.5150620937347412,0.239548921585083,0.21737194061279297,0.22258305549621582,0.22266507148742676,0.21163296699523926,0.9276602268218994,0.24643898010253906,0.24103784561157227,0.5110146999359131,0.22174406051635742,0.23345708847045898,0.5329899787902832,0.2277228832244873,0.2343151569366455,0.4685690402984619,0.22957611083984375,0.45246076583862305,0.23116469383239746,0.24599409103393555,0.238861083984375,0.24924325942993164,0.2202920913696289,0.23041701316833496,0.22799110412597656,0.5292408466339111,0.2392578125,0.23401379585266113,0.5004680156707764,0.23986506462097168,0.24450206756591797,0.5686478614807129,0.2530202865600586,0.2761967182159424,0.5135040283203125,3.236052989959717,0.24368691444396973,0.259019136428833,0.21797585487365723,0.5230059623718262,,0.6492221355438232,0.22761869430541992,0.2859630584716797,0.2620658874511719,0.23651123046875,0.23795795440673828
963,0.21425294876098633,0.25275206565856934,0.4563279151916504,0.48787808418273926,0.216292142868042,0.24695086479187012,0.5042152404785156,1.7686171531677246,0.24284911155700684,1.1542329788208008,0.24135398864746094,0.21941399574279785,0.23753714561462402,0.23372602462768555,0.25137805938720703,0.41344404220581055,0.22580194473266602,0.23840093612670898,3.2994420528411865,0.23920822143554688,0.45150208473205566,0.22492718696594238,0.2393791675567627,0.6502079963684082,0.2347719669342041,0.21425986289978027,0.20746803283691406,0.2585008144378662,0.534857988357544,0.5283529758453369,0.23555707931518555,0.5215549468994141,0.21599793434143066,0.479398250579834,0.2764098644256592,0.21265482902526855,0.20950031280517578,0.4860720634460449,6.397286891937256,0.2370917797088623,0.25759100914001465,1.1018779277801514,0.5092658996582031,,0.5464060306549072,1.8039319515228271,0.3227720260620117,0.22212719917297363,0.22118020057678223,0.21376585960388184
964,0.23322200775146484,0.2362041473388672,0.5155079364776611,0.5047011375427246,0.21929192543029785,0.7182469367980957,0.4683959484100342,0.2164609432220459,0.2508678436279297,0.516265869140625,0.23222804069519043,0.2297821044921875,0.25106096267700195,0.21730589866638184,0.23782920837402344,0.5344960689544678,0.21043705940246582,0.22693300247192383,0.8215680122375488,0.22674202919006348,0.49896693229675293,0.2427840232849121,0.21263480186462402,0.2126598358154297,0.2203819751739502,0.2322549819946289,0.22467780113220215,0.22888803482055664,0.508615255355835,0.2451798915863037,0.2319169044494629,0.49627017974853516,0.21924901008605957,0.5067400932312012,0.2671630382537842,0.23683977127075195,1.57423734664917,0.497971773147583,0.8342959880828857,0.22833013534545898,0.24143624305725098,4.113925933837891,0.5280940532684326,,2.415832757949829,0.2346789836883545,1.1539630889892578,0.24720001220703125,0.25011706352233887,0.2209911346435547
965,0.24196314811706543,0.2328929901123047,0.5144116878509521,0.5210521221160889,0.20902490615844727,1.1219210624694824,0.23546528816223145,0.21736502647399902,0.23378205299377441,0.5161778926849365,0.2382802963256836,0.24347615242004395,0.503180742263794,0.2198939323425293,0.22857284545898438,0.5487058162689209,0.2391529083251953,0.2568237781524658,1.1449060440063477,0.2321000099182129,0.5890958309173584,0.22924280166625977,0.4860849380493164,0.2088456153869629,0.245208740234375,0.2064228057861328,0.21150898933410645,0.21413707733154297,0.5192849636077881,0.4981691837310791,0.22611522674560547,0.4767007827758789,0.2173621654510498,1.293097972869873,0.5683739185333252,0.2274167537689209,0.5137131214141846,0.28988194465637207,0.8798370361328125,0.252439022064209,0.2685859203338623,0.5293197631835938,0.5556108951568604,,0.9154539108276367,0.2380821704864502,0.28443384170532227,0.25153493881225586,0.2379159927368164,0.23580622673034668
966,0.22768902778625488,0.23193979263305664,0.5037012100219727,0.21335482597351074,0.21957826614379883,0.214216947555542,0.22098708152770996,0.23952412605285645,0.23513078689575195,0.4930989742279053,0.23424315452575684,0.23785614967346191,0.829164981842041,0.21788907051086426,0.20912623405456543,0.26406383514404297,0.23676514625549316,0.23502802848815918,2.7680399417877197,0.24110794067382812,0.49051523208618164,0.23491692543029785,0.5212790966033936,0.26528096199035645,0.22139525413513184,0.24202704429626465,0.22994685173034668,0.23836588859558105,0.5037260055541992,0.5454480648040771,0.2384171485900879,0.5164492130279541,0.2382373809814453,0.23105669021606445,0.2812819480895996,0.2458970546722412,0.22654008865356445,0.21460294723510742,2.0065739154815674,0.21399402618408203,0.22962117195129395,0.8531270027160645,0.203233003616333,,0.5333681106567383,0.4867870807647705,0.5034921169281006,0.24686002731323242,0.23676609992980957,0.4982571601867676
967,0.25637078285217285,0.20925211906433105,0.9264650344848633,0.48683881759643555,0.23357796669006348,0.5186769962310791,0.8302967548370361,0.23463177680969238,0.23749399185180664,1.0297369956970215,0.2492058277130127,0.24730300903320312,2.1626670360565186,0.21526503562927246,0.21442103385925293,0.5286619663238525,0.25079798698425293,0.2148430347442627,1.994447946548462,0.22647595405578613,0.4826221466064453,0.2317497730255127,0.5174858570098877,0.23467707633972168,0.2469499111175537,0.2321460247039795,0.22515606880187988,0.23165321350097656,0.7144899368286133,0.2644462585449219,0.22155094146728516,0.5162019729614258,0.5007307529449463,0.26509594917297363,0.27012205123901367,0.23920106887817383,0.24220681190490723,0.2804551124572754,0.4930880069732666,0.23496317863464355,0.26387810707092285,1.0932338237762451,0.5174310207366943,,0.5496292114257812,0.5141429901123047,0.735954761505127,0.23679184913635254,0.2258317470550537,0.5010809898376465
968,0.22948408126831055,0.25101423263549805,0.5453939437866211,0.46968603134155273,0.2193160057067871,0.2500288486480713,0.44465065002441406,0.23711824417114258,0.23319673538208008,0.5366439819335938,0.2106928825378418,0.22185707092285156,0.847977876663208,0.25486016273498535,0.23614287376403809,0.5535650253295898,0.23579168319702148,0.5145931243896484,1.415985107421875,0.24310708045959473,0.22127795219421387,0.2365870475769043,0.22364592552185059,0.24065399169921875,0.23806309700012207,0.2289121150970459,0.23148798942565918,0.2558126449584961,0.5212388038635254,0.5195820331573486,0.22649192810058594,0.5174920558929443,0.2401258945465088,0.23308300971984863,0.24057722091674805,0.24629569053649902,1.78568696975708,0.5432851314544678,5.851800918579102,0.23885607719421387,0.23279476165771484,1.3535840511322021,0.5427589416503906,,0.5473306179046631,0.8217768669128418,0.5325212478637695,0.2337782382965088,0.2386798858642578,0.2246549129486084
969,0.23530817031860352,0.21036005020141602,0.4875051975250244,0.4825122356414795,0.2206590175628662,0.22046399116516113,0.504645824432373,0.2617199420928955,0.22744178771972656,1.1822350025177002,0.23765087127685547,0.23990821838378906,0.504979133605957,0.2632181644439697,0.22225308418273926,0.5494399070739746,0.2365570068359375,0.4406609535217285,0.8655688762664795,0.2341899871826172,0.254133939743042,0.2386178970336914,0.5012121200561523,0.3145480155944824,0.24663090705871582,0.24112701416015625,0.23839592933654785,0.2240917682647705,0.533099889755249,0.521176815032959,0.24144577980041504,0.5127732753753662,0.2210979461669922,0.21004605293273926,0.27681589126586914,0.22362399101257324,0.23025202751159668,0.26720523834228516,0.8110251426696777,0.22752881050109863,0.5145542621612549,2.2467710971832275,0.5187399387359619,,1.0324771404266357,0.5133869647979736,0.5192160606384277,0.24734115600585938,0.2451920509338379,0.21271800994873047
970,0.2147388458251953,0.23279118537902832,0.2568368911743164,0.23533916473388672,0.21449518203735352,0.5013108253479004,0.47183895111083984,0.24022817611694336,0.23608899116516113,0.530440092086792,0.23926186561584473,0.2193140983581543,0.535581111907959,0.24046826362609863,0.2097489833831787,0.5797770023345947,0.2364509105682373,0.2992739677429199,0.46805882453918457,0.2489771842956543,0.49703502655029297,0.22357702255249023,0.23949813842773438,0.2096848487854004,0.22271013259887695,0.24105286598205566,0.2160201072692871,0.24495720863342285,0.221513032913208,0.505342960357666,0.25015807151794434,0.5029079914093018,0.2201709747314453,0.21135425567626953,0.5356130599975586,0.23277711868286133,0.8909809589385986,0.2787351608276367,0.7703499794006348,0.25730371475219727,0.5318930149078369,1.850414752960205,0.5161726474761963,,0.8500831127166748,0.2518880367279053,0.2516810894012451,0.24898099899291992,0.23440909385681152,0.21818113327026367
971,0.23845696449279785,0.23820090293884277,0.24626398086547852,0.5028669834136963,0.23125386238098145,1.164289951324463,1.204352855682373,0.23154091835021973,0.2339622974395752,0.5102448463439941,0.22579216957092285,0.24455595016479492,0.46964001655578613,0.23444390296936035,0.22964787483215332,0.5590169429779053,0.21178603172302246,0.23405003547668457,0.5142138004302979,0.23616504669189453,0.22545218467712402,0.21590232849121094,0.5093047618865967,0.21655511856079102,0.21801090240478516,0.25786924362182617,0.2129192352294922,0.22967791557312012,0.21100592613220215,0.23816800117492676,0.23429393768310547,0.4565708637237549,0.2144918441772461,0.22276902198791504,0.5865640640258789,0.22046709060668945,0.5074551105499268,0.31258296966552734,2.406275987625122,0.23221302032470703,0.48342394828796387,1.0432698726654053,0.5005853176116943,,0.5313200950622559,0.4597599506378174,0.5320119857788086,0.22326087951660156,0.23807787895202637,0.4710240364074707
972,0.25077199935913086,0.23390698432922363,0.2053241729736328,0.49933409690856934,0.24242520332336426,0.25017690658569336,0.5194401741027832,0.25981807708740234,0.2392411231994629,1.1868321895599365,0.2574880123138428,0.24230217933654785,0.4601600170135498,0.2610509395599365,0.21033120155334473,0.5669822692871094,0.2325267791748047,0.5144739151000977,1.0102548599243164,0.21284890174865723,0.5256938934326172,0.23396992683410645,0.22733092308044434,0.24334502220153809,0.24308490753173828,0.2105090618133545,0.24623894691467285,0.23173189163208008,0.5236942768096924,0.3635990619659424,0.2117760181427002,0.5007998943328857,0.2463829517364502,0.22501087188720703,0.5501291751861572,0.2570621967315674,0.5074992179870605,1.4956920146942139,2.3803110122680664,0.23657512664794922,0.5154881477355957,1.7021970748901367,0.4608290195465088,,0.9220669269561768,0.21245789527893066,0.5196578502655029,0.2612948417663574,0.23119497299194336,0.23098015785217285
973,0.2358400821685791,0.24348115921020508,0.9010500907897949,0.48311614990234375,0.21050477027893066,0.23383784294128418,0.47400784492492676,0.2109978199005127,0.22920608520507812,0.48696303367614746,0.2351207733154297,0.22795987129211426,0.4989957809448242,0.2433452606201172,0.2398831844329834,0.5518691539764404,0.24573111534118652,0.19924592971801758,0.5042753219604492,0.2323927879333496,0.4784221649169922,0.22160792350769043,1.1484909057617188,0.23707818984985352,0.240142822265625,0.2088019847869873,0.23713016510009766,0.23093605041503906,0.5496921539306641,0.2402963638305664,0.22362089157104492,0.5012037754058838,0.235015869140625,0.21016812324523926,0.27136683464050293,0.2242591381072998,0.5144309997558594,0.23412489891052246,4.215261936187744,0.21509504318237305,0.2758772373199463,2.5786821842193604,0.5752468109130859,,0.9899091720581055,0.46742820739746094,0.7404129505157471,0.25202012062072754,0.2422628402709961,0.2378067970275879
974,0.23380804061889648,0.21062994003295898,0.22999310493469238,0.4679570198059082,0.21425294876098633,0.5339288711547852,0.2576761245727539,0.19866490364074707,0.2550930976867676,0.5404160022735596,0.2348949909210205,0.24285411834716797,0.5057730674743652,0.224992036819458,0.21024489402770996,0.3687889575958252,0.22276878356933594,0.24973416328430176,2.009840250015259,0.2321019172668457,0.48970603942871094,0.21323704719543457,0.5113799571990967,0.23900294303894043,0.24723100662231445,0.223222017288208,0.24329090118408203,0.24406027793884277,0.5305061340332031,0.5495548248291016,0.22988414764404297,0.5127139091491699,0.20962786674499512,0.5151200294494629,2.3607990741729736,0.2471160888671875,1.8976750373840332,0.21554207801818848,1.766185998916626,0.22841596603393555,0.2332291603088379,2.446432113647461,0.2248518466949463,,1.1990830898284912,0.5163497924804688,0.5290827751159668,0.24005913734436035,0.24460792541503906,0.21355271339416504
975,0.23596692085266113,0.23589015007019043,0.5210092067718506,0.49581384658813477,0.22861695289611816,0.46768808364868164,1.1412160396575928,0.22139906883239746,0.23603200912475586,1.1334121227264404,0.21071815490722656,0.22396492958068848,0.8608829975128174,0.23209095001220703,0.2424318790435791,0.5717341899871826,0.24691319465637207,0.505673885345459,0.5012049674987793,0.25756287574768066,0.2413630485534668,0.24442124366760254,0.2469480037689209,0.8203461170196533,0.22168588638305664,0.21082711219787598,0.2219541072845459,0.22120404243469238,0.4964582920074463,0.5278089046478271,0.25093507766723633,0.5137689113616943,0.23762011528015137,0.23165392875671387,0.2657632827758789,0.2506906986236572,0.5421721935272217,0.21960926055908203,1.689317226409912,0.25500917434692383,0.23684191703796387,0.5420043468475342,0.5267579555511475,,0.5308113098144531,0.4703991413116455,0.2656888961791992,0.22385001182556152,0.23437285423278809,0.22931408882141113
976,0.23462510108947754,0.23899602890014648,0.24508190155029297,0.519028902053833,0.23795413970947266,0.5021770000457764,0.48171401023864746,0.4715280532836914,0.23044991493225098,0.548419713973999,0.2305002212524414,0.25850510597229004,0.5349421501159668,0.21528863906860352,0.23453712463378906,1.2380239963531494,0.22333908081054688,0.23829388618469238,0.5176701545715332,0.23550105094909668,0.47536206245422363,0.22266697883605957,0.4254002571105957,0.2469329833984375,0.2456960678100586,0.26545214653015137,0.21525311470031738,0.2167353630065918,0.5319881439208984,0.5674660205841064,0.23867392539978027,0.49589991569519043,0.23875904083251953,0.5210449695587158,0.27300572395324707,0.24969792366027832,0.24444794654846191,0.8287816047668457,1.8202800750732422,0.23881101608276367,0.26343297958374023,1.6806671619415283,0.4979090690612793,,0.49983787536621094,0.8223090171813965,0.5520832538604736,0.22275519371032715,0.23228001594543457,0.2304391860961914
977,0.22814273834228516,0.23798584938049316,0.772662878036499,0.5184717178344727,0.24941802024841309,0.21677684783935547,0.6534221172332764,0.803743839263916,0.2157611846923828,0.5161080360412598,0.25316405296325684,0.2196660041809082,0.4958679676055908,0.28960108757019043,0.23766613006591797,0.5346701145172119,0.26117968559265137,0.22451210021972656,0.5057549476623535,0.23636913299560547,0.5000402927398682,0.23439502716064453,0.5208730697631836,0.2114729881286621,0.22421908378601074,0.23782920837402344,0.23180222511291504,0.21938824653625488,0.3764827251434326,0.26740193367004395,0.23038315773010254,0.49115419387817383,0.24210262298583984,0.2084488868713379,0.2708752155303955,0.23905420303344727,0.2903299331665039,0.2353510856628418,6.054396152496338,0.22293686866760254,0.2383129596710205,4.508007049560547,0.5291140079498291,,2.598311185836792,0.8593690395355225,0.37779903411865234,0.2513902187347412,0.22558307647705078,0.4415249824523926
978,0.22243523597717285,0.24844908714294434,0.243865966796875,0.49090099334716797,0.2380530834197998,0.2213912010192871,0.27498912811279297,0.23733091354370117,0.23486995697021484,0.5102300643920898,0.23661398887634277,0.22069191932678223,0.5143380165100098,0.5227892398834229,0.25003600120544434,0.5779078006744385,0.22336602210998535,0.5333869457244873,1.4405920505523682,0.22220611572265625,0.21094107627868652,0.2160050868988037,0.5253360271453857,0.8111119270324707,0.23250222206115723,0.23621487617492676,0.20987915992736816,0.2363131046295166,0.49883103370666504,0.6151900291442871,0.24175405502319336,0.22715401649475098,0.24581503868103027,0.20501208305358887,0.9135868549346924,0.21948695182800293,0.5757238864898682,0.2162790298461914,0.5152928829193115,0.21761274337768555,0.2730870246887207,3.800389051437378,0.5001358985900879,,1.211663007736206,0.8474178314208984,0.26097798347473145,0.26439499855041504,0.2286069393157959,0.22313189506530762
979,0.23399090766906738,0.24286603927612305,0.2655189037322998,0.47424888610839844,0.2345879077911377,0.4807100296020508,0.21471619606018066,0.2474651336669922,0.24873805046081543,0.9196829795837402,0.2386035919189453,0.24381422996520996,0.3111233711242676,0.2309558391571045,0.234299898147583,0.5527338981628418,0.21622920036315918,0.25959277153015137,0.505720853805542,0.2134838104248047,0.23128390312194824,0.22362589836120605,0.483644962310791,0.2549729347229004,0.24677705764770508,0.23357915878295898,0.2174980640411377,0.2154240608215332,0.5324287414550781,0.5342328548431396,0.22890281677246094,0.5278339385986328,0.2538282871246338,0.23537778854370117,0.562333345413208,0.23945903778076172,0.5219221115112305,0.26195192337036133,9.49374008178711,0.24439477920532227,0.24035191535949707,0.23112797737121582,0.5316550731658936,,0.5004119873046875,0.48917508125305176,0.5189428329467773,0.25197386741638184,0.2432079315185547,0.2465221881866455
980,0.2347259521484375,0.21905827522277832,0.4855020046234131,0.5147690773010254,0.20929598808288574,0.25901174545288086,0.823293924331665,0.504296064376831,0.23691916465759277,0.5204558372497559,0.23592495918273926,0.22042012214660645,0.4982128143310547,0.538060188293457,0.2368321418762207,0.5428361892700195,0.24013495445251465,0.24332380294799805,0.8908898830413818,0.23389387130737305,0.20121383666992188,0.24251699447631836,0.23812603950500488,0.21845316886901855,0.21799302101135254,0.21147632598876953,0.2338399887084961,0.21470212936401367,0.5005660057067871,0.5323350429534912,0.22758197784423828,0.5159361362457275,0.21598100662231445,0.22956109046936035,0.26412224769592285,0.22765517234802246,0.24838590621948242,0.2325420379638672,0.4709627628326416,0.2501182556152344,0.21410608291625977,1.4939179420471191,0.5212271213531494,,0.8538780212402344,0.8120529651641846,0.5072968006134033,0.24978280067443848,0.2354891300201416,0.2403709888458252
981,0.23804497718811035,0.21176791191101074,0.20420503616333008,0.4869213104248047,0.23308491706848145,0.23975825309753418,0.48813700675964355,0.21364879608154297,0.2360091209411621,0.5778670310974121,0.23370790481567383,0.2633671760559082,0.7971880435943604,0.29150891304016113,0.2083570957183838,0.5239059925079346,0.23917102813720703,0.24855899810791016,1.11860990524292,0.21613001823425293,0.6179940700531006,0.21113920211791992,0.25427937507629395,0.23293781280517578,0.21985793113708496,0.24370288848876953,0.2339949607849121,0.24435091018676758,0.49703288078308105,0.5490031242370605,0.23920178413391113,0.5025391578674316,0.2181837558746338,0.23838186264038086,0.5700879096984863,0.24303698539733887,0.23702287673950195,0.22375011444091797,0.49089789390563965,0.21371006965637207,0.5255789756774902,11.528346061706543,0.5239582061767578,,0.5743420124053955,0.8158321380615234,0.4894063472747803,0.24378418922424316,0.23336505889892578,0.2154078483581543
982,0.24646282196044922,0.21332478523254395,0.5640099048614502,0.522597074508667,0.2540469169616699,0.48744893074035645,0.4744880199432373,0.45572805404663086,0.23777008056640625,1.1780369281768799,0.24100708961486816,0.22214698791503906,0.470242977142334,0.7146120071411133,0.2312169075012207,0.26224517822265625,0.23871326446533203,0.20138788223266602,0.9100699424743652,0.2199108600616455,0.21485066413879395,0.23055410385131836,0.5028119087219238,0.45621299743652344,0.25420594215393066,0.20941686630249023,0.25619006156921387,0.23178696632385254,0.4690239429473877,0.24970316886901855,0.2297039031982422,0.4915478229522705,0.2151811122894287,0.23657608032226562,0.24510908126831055,0.24254703521728516,0.8584389686584473,0.2538018226623535,0.4930119514465332,0.23186016082763672,0.24863576889038086,1.0628716945648193,0.5184268951416016,,0.5323169231414795,0.2362229824066162,0.43307065963745117,0.22078609466552734,0.2415931224822998,0.2692868709564209
983,0.23783421516418457,0.23264265060424805,0.2465829849243164,0.5348899364471436,0.23508191108703613,0.5472240447998047,0.517462968826294,0.8901541233062744,0.23088526725769043,0.5352611541748047,0.21064400672912598,0.24616384506225586,0.21886587142944336,0.2200157642364502,0.2279508113861084,0.5634679794311523,0.24663805961608887,0.28492021560668945,0.878105878829956,0.21831297874450684,0.4713127613067627,0.24387502670288086,0.2424781322479248,0.23637080192565918,0.26424670219421387,0.22855782508850098,0.22093415260314941,0.25769901275634766,0.4683668613433838,0.5224249362945557,0.2400379180908203,0.5434160232543945,0.26139211654663086,0.22213292121887207,0.25593018531799316,0.24346423149108887,0.5618429183959961,0.235975980758667,0.8298850059509277,0.23810791969299316,0.23325634002685547,2.714308977127075,0.5181288719177246,,0.5503110885620117,0.5040500164031982,0.5332038402557373,0.23432207107543945,0.25243091583251953,0.2401580810546875
984,0.22668695449829102,0.2213430404663086,0.5155789852142334,0.5011098384857178,0.2379441261291504,0.857867956161499,0.9129102230072021,0.22364020347595215,0.22840118408203125,0.5262188911437988,0.21777892112731934,0.22227978706359863,0.19867706298828125,0.21955513954162598,0.2230548858642578,0.57657790184021,0.22225379943847656,0.501013994216919,0.5190780162811279,0.21608781814575195,0.24301385879516602,0.4258382320404053,0.4718618392944336,0.23376917839050293,0.25043320655822754,0.21275782585144043,0.21956396102905273,0.22168827056884766,0.4857180118560791,0.5189621448516846,0.23438787460327148,0.7484903335571289,0.2203361988067627,0.23066282272338867,0.2725210189819336,0.22402596473693848,0.9170730113983154,0.5239841938018799,2.0763649940490723,0.23504996299743652,0.25982117652893066,2.2922770977020264,0.5501151084899902,,2.949144124984741,0.23565196990966797,0.502385139465332,0.2173318862915039,0.25604796409606934,0.21978116035461426
985,0.2135779857635498,0.21721410751342773,0.4439697265625,0.47623181343078613,0.23342180252075195,0.23454618453979492,0.480360746383667,0.8424010276794434,0.23275327682495117,0.5396509170532227,0.2207038402557373,0.21939802169799805,0.5429461002349854,0.23806095123291016,0.21605682373046875,0.5442819595336914,0.24493074417114258,0.23433375358581543,1.4868509769439697,0.24245214462280273,0.5004122257232666,0.5303440093994141,0.4997580051422119,0.24860119819641113,0.22442197799682617,0.22777128219604492,0.20954489707946777,0.24400687217712402,0.9237339496612549,0.5146281719207764,0.2524447441101074,0.4767277240753174,0.21887707710266113,0.27445411682128906,0.5660319328308105,0.22145891189575195,0.5351479053497314,0.22350072860717773,0.5272908210754395,0.2521378993988037,0.24210095405578613,2.9768800735473633,0.5018079280853271,,0.5478119850158691,0.47272396087646484,0.2758047580718994,0.21786808967590332,0.2166919708251953,0.2515881061553955
986,0.2440168857574463,0.21902108192443848,0.5163767337799072,0.4666018486022949,0.23862504959106445,0.515190839767456,0.5024399757385254,0.5203719139099121,0.23999881744384766,0.5283589363098145,0.2171931266784668,0.25563716888427734,0.5165970325469971,0.21718692779541016,0.22082996368408203,0.5291030406951904,0.21738600730895996,0.24266505241394043,0.8654329776763916,0.2372570037841797,0.4867241382598877,0.306394100189209,0.21294808387756348,0.20931363105773926,0.22936010360717773,0.22631192207336426,0.21387004852294922,0.2357490062713623,0.23966574668884277,0.26778101921081543,0.23295307159423828,0.5191421508789062,0.2196640968322754,0.5238571166992188,0.9496598243713379,0.23128700256347656,0.2519521713256836,0.21652698516845703,1.4189410209655762,0.22896695137023926,0.24737977981567383,0.8267247676849365,0.4984302520751953,,0.5288600921630859,0.41262292861938477,0.5189709663391113,0.21904587745666504,0.23769330978393555,0.19693589210510254
987,0.24299097061157227,0.24594688415527344,1.5116417407989502,0.4805872440338135,0.24683594703674316,0.5063209533691406,0.25391507148742676,0.5199089050292969,0.2306678295135498,0.5391910076141357,0.2321181297302246,0.23262786865234375,0.24991703033447266,0.5256052017211914,0.22326993942260742,0.5244739055633545,0.23537707328796387,0.5148522853851318,0.4830131530761719,0.21074700355529785,0.5228097438812256,0.4779479503631592,0.49385786056518555,0.2302241325378418,0.25693321228027344,0.22437810897827148,0.2403709888458252,0.21476411819458008,0.9105899333953857,0.2625117301940918,0.21076297760009766,0.5175662040710449,0.2178637981414795,0.5219039916992188,0.5799798965454102,0.2608628273010254,0.4956538677215576,0.23050189018249512,1.486522912979126,0.24008822441101074,0.23230624198913574,4.173113822937012,0.5156080722808838,,0.5023796558380127,0.21639108657836914,0.5113120079040527,0.21918106079101562,0.2254197597503662,0.48456287384033203
988,0.24256634712219238,0.24144673347473145,0.6578819751739502,0.47171688079833984,0.21056413650512695,0.22238779067993164,0.26125168800354004,0.48839664459228516,0.24402904510498047,1.2274470329284668,0.22496604919433594,0.23796701431274414,0.8281478881835938,0.21944093704223633,0.24991726875305176,0.5340306758880615,0.21515274047851562,0.24578499794006348,0.5058679580688477,0.23960399627685547,0.4842031002044678,0.19597506523132324,0.2276899814605713,0.21992015838623047,0.26511597633361816,0.20806407928466797,0.21317100524902344,0.23892807960510254,0.530461311340332,0.24456119537353516,0.23268818855285645,0.5171158313751221,0.23633503913879395,0.4887659549713135,0.5672540664672852,0.2526431083679199,0.8925161361694336,0.2559957504272461,1.109173059463501,0.21407389640808105,0.25499391555786133,7.5681211948394775,0.49938011169433594,,0.5276620388031006,0.49760007858276367,0.553635835647583,0.23420023918151855,0.24442005157470703,0.23364591598510742
989,0.23407411575317383,0.21053314208984375,0.8547608852386475,0.47443413734436035,0.2334599494934082,0.24310994148254395,0.34898829460144043,1.7433781623840332,0.23793268203735352,0.500234842300415,0.21407318115234375,0.2255241870880127,0.8666369915008545,0.24698495864868164,0.21071505546569824,0.23733901977539062,0.2251291275024414,0.23258113861083984,0.5388617515563965,0.23265504837036133,0.24247217178344727,0.8724520206451416,0.25999999046325684,0.20723676681518555,0.25173401832580566,0.241743803024292,0.5147790908813477,0.24228978157043457,0.5298380851745605,0.5264589786529541,0.23874211311340332,0.5266518592834473,0.23723697662353516,0.24188899993896484,0.564831018447876,0.24665212631225586,0.9107227325439453,0.2337632179260254,2.371385097503662,0.22234606742858887,0.5329809188842773,1.6830170154571533,0.5365102291107178,,2.3869898319244385,0.4652731418609619,0.5387492179870605,0.21335291862487793,0.24434995651245117,0.22963976860046387
990,0.23273181915283203,0.2148733139038086,0.5328691005706787,0.5077428817749023,0.23900318145751953,0.5006039142608643,0.49994778633117676,0.26503920555114746,0.2168581485748291,0.49834704399108887,0.2114558219909668,0.24562525749206543,0.21846604347229004,0.25623297691345215,0.23889899253845215,0.5785870552062988,0.2412271499633789,0.2326221466064453,0.5159728527069092,0.25289487838745117,0.523770809173584,0.5117838382720947,0.4693491458892822,0.22413110733032227,0.2459859848022461,0.24665021896362305,0.22780704498291016,0.23806214332580566,0.8524391651153564,0.2641410827636719,0.2537081241607666,0.5022091865539551,0.2166600227355957,0.22307801246643066,0.24375605583190918,0.24204015731811523,0.5376942157745361,0.23341012001037598,0.8090560436248779,0.23346590995788574,0.24494600296020508,5.9879469871521,0.23134493827819824,,0.5639328956604004,0.21196699142456055,0.49449801445007324,0.21821284294128418,0.23296499252319336,0.21604490280151367
991,0.23043298721313477,0.22081899642944336,0.5126361846923828,0.5172972679138184,0.23786687850952148,0.2693498134613037,0.25069093704223633,0.4910578727722168,0.21030688285827637,0.4991130828857422,0.2141270637512207,0.23854684829711914,0.514829158782959,0.230133056640625,0.23754382133483887,0.5587348937988281,0.23552703857421875,0.5090968608856201,0.5340938568115234,0.23572707176208496,0.3471639156341553,0.21206998825073242,0.5095810890197754,0.5004920959472656,0.2525029182434082,0.2278761863708496,0.21048402786254883,0.2238450050354004,0.9349381923675537,0.5047957897186279,0.22952699661254883,0.4866008758544922,0.2380199432373047,0.5271100997924805,0.24864888191223145,0.2315540313720703,0.4477198123931885,0.23788022994995117,1.0697307586669922,0.21881508827209473,0.26517200469970703,0.8783559799194336,0.22356915473937988,,0.5144360065460205,0.4641001224517822,0.6377017498016357,0.2183213233947754,0.23486685752868652,0.2131178379058838
992,0.2354581356048584,0.2163078784942627,0.47856712341308594,0.47418212890625,0.2468891143798828,1.0680577754974365,0.23591923713684082,0.8680431842803955,0.21716785430908203,1.8967270851135254,0.2482752799987793,0.2204422950744629,0.5170249938964844,0.25429606437683105,0.2370128631591797,0.2474830150604248,0.24976205825805664,0.45676612854003906,1.1308352947235107,0.23289132118225098,0.379058837890625,0.22613000869750977,0.2394089698791504,0.8501322269439697,0.23551487922668457,0.2379770278930664,0.23183321952819824,0.2171640396118164,0.8865878582000732,0.25520896911621094,0.24348115921020508,0.5196044445037842,0.23082900047302246,0.21375203132629395,0.24717378616333008,0.2568199634552002,0.2381727695465088,0.2802572250366211,0.8445348739624023,0.21940112113952637,0.24956083297729492,1.4239108562469482,0.20978927612304688,,0.5012791156768799,1.5118231773376465,0.3366560935974121,0.2178938388824463,0.2181870937347412,0.24475502967834473
993,0.2288818359375,0.245438814163208,0.49445509910583496,0.4663200378417969,0.23733115196228027,0.21337008476257324,0.514613151550293,0.4987790584564209,0.2216949462890625,1.119473934173584,0.23476576805114746,0.23558878898620605,0.22517180442810059,0.24237990379333496,0.2506990432739258,0.510267972946167,0.2318718433380127,0.29397010803222656,0.5206708908081055,0.2478327751159668,0.5284690856933594,0.21680808067321777,0.2122969627380371,0.22001218795776367,0.23342394828796387,0.22070002555847168,0.21088600158691406,0.23323512077331543,0.5007951259613037,0.5323913097381592,0.22191262245178223,0.5298159122467041,0.2546389102935791,0.22968816757202148,0.2644689083099365,0.21780824661254883,0.9444530010223389,0.25368499755859375,0.5067298412322998,0.24674201011657715,0.5512700080871582,1.7070670127868652,0.5198519229888916,,0.9092879295349121,0.5506911277770996,0.5429103374481201,0.2344658374786377,0.2309880256652832,0.24438691139221191
994,0.21397185325622559,0.2356281280517578,0.516840934753418,0.4963338375091553,0.22868990898132324,0.21521615982055664,0.2226731777191162,0.5132548809051514,0.23150300979614258,0.4925389289855957,0.238692045211792,0.24339795112609863,0.7870619297027588,0.2171478271484375,0.23376893997192383,0.5775570869445801,0.21155810356140137,0.4875802993774414,0.9048748016357422,0.22288799285888672,0.5032651424407959,0.2196030616760254,0.2386307716369629,0.23461008071899414,0.2435741424560547,0.22385096549987793,0.2502579689025879,0.21964287757873535,0.49828386306762695,0.5620059967041016,0.20994782447814941,0.4879782199859619,0.22625184059143066,1.039971113204956,0.24821209907531738,0.22031402587890625,1.5741400718688965,0.21466302871704102,16.18765878677368,0.2342357635498047,0.23312115669250488,0.5003581047058105,0.5405399799346924,,0.4359400272369385,0.45262813568115234,0.25635600090026855,0.21903014183044434,0.2640237808227539,0.24265193939208984
995,0.22124409675598145,0.23656010627746582,2.4036879539489746,0.5070698261260986,0.2099471092224121,1.1312780380249023,0.21595382690429688,0.50040602684021,0.21996212005615234,0.5321409702301025,0.2343742847442627,0.2215120792388916,0.4803452491760254,0.25812697410583496,0.22916412353515625,0.5351510047912598,0.24017572402954102,0.495603084564209,1.6060872077941895,0.23790216445922852,0.23383188247680664,0.21848702430725098,0.2004258632659912,0.2059767246246338,0.22388410568237305,0.20932292938232422,0.2335190773010254,0.21538996696472168,0.5012879371643066,0.4953920841217041,0.23412203788757324,0.5136349201202393,0.2436509132385254,0.6650989055633545,0.9163820743560791,0.21791410446166992,0.4942317008972168,0.23239898681640625,10.510272026062012,0.24427223205566406,0.5967507362365723,1.8626890182495117,0.20782732963562012,,0.6289010047912598,0.39389681816101074,0.2560749053955078,0.21823787689208984,0.2552328109741211,0.22775793075561523
996,0.21421217918395996,0.21094679832458496,0.5199222564697266,0.4632298946380615,0.21233582496643066,0.520794153213501,0.47237300872802734,0.21599602699279785,0.21805787086486816,1.1617422103881836,0.23148584365844727,0.2616720199584961,0.21851420402526855,0.24474215507507324,0.2105698585510254,0.5775301456451416,0.23620891571044922,0.22316694259643555,0.5215559005737305,0.21474575996398926,0.22852182388305664,0.23338603973388672,0.23575973510742188,0.2177412509918213,0.24648213386535645,0.25201416015625,0.2463092803955078,0.24808907508850098,0.5289130210876465,0.8541302680969238,0.21630597114562988,0.4585540294647217,0.22229790687561035,0.21628594398498535,0.552617073059082,0.22066998481750488,0.5257771015167236,0.40944814682006836,14.556243896484375,0.21455693244934082,0.22049379348754883,4.630680799484253,0.5320909023284912,,0.5506370067596436,0.5149540901184082,0.5152513980865479,0.21727323532104492,0.2352287769317627,0.241926908493042
997,0.24016404151916504,0.23217201232910156,0.49567484855651855,0.4547860622406006,0.24664306640625,0.1993701457977295,0.2166118621826172,0.23914217948913574,0.22248291969299316,2.588762044906616,0.2291109561920166,0.22383999824523926,0.4714798927307129,0.22002911567687988,0.24229216575622559,1.1664350032806396,0.24741911888122559,0.2215287685394287,0.5308406352996826,0.21831297874450684,0.45817017555236816,0.2274641990661621,0.2509939670562744,0.22632074356079102,0.22289299964904785,0.24692296981811523,0.21936488151550293,0.21706700325012207,0.5286288261413574,0.5126516819000244,0.22372031211853027,0.5023510456085205,0.21397185325622559,0.2473447322845459,0.2697880268096924,0.23301291465759277,0.8651869297027588,0.25615787506103516,6.597184896469116,0.2379591464996338,0.5606710910797119,1.0128238201141357,0.2320859432220459,,1.227856159210205,0.4694528579711914,0.5236809253692627,0.2147979736328125,0.24332809448242188,0.2257988452911377
998,0.2422950267791748,0.25397777557373047,0.5289340019226074,0.6122596263885498,0.23607993125915527,0.22478604316711426,0.3790283203125,0.25228190422058105,0.21173310279846191,0.5286390781402588,0.23740291595458984,0.24321317672729492,0.2440488338470459,0.21841096878051758,0.250140905380249,0.5991647243499756,0.23581790924072266,0.23909616470336914,1.5763731002807617,0.22744297981262207,0.2558300495147705,0.21186494827270508,0.23323607444763184,0.21281981468200684,0.26143312454223633,0.21787285804748535,0.2488088607788086,0.23615002632141113,0.5279359817504883,0.25072503089904785,0.2436227798461914,0.5019540786743164,0.23224496841430664,0.47005391120910645,0.2657039165496826,0.22117400169372559,0.5134673118591309,0.9395730495452881,0.8183128833770752,0.2359321117401123,0.3384969234466553,1.4370901584625244,0.8809309005737305,,0.8682942390441895,0.5124201774597168,0.8729920387268066,0.23376893997192383,0.22292780876159668,0.23118090629577637
999,0.21324801445007324,0.23457098007202148,0.5014152526855469,1.4209580421447754,0.23453903198242188,0.48267078399658203,0.20956087112426758,0.48683691024780273,0.2296912670135498,1.1956679821014404,0.23555302619934082,0.21988391876220703,0.5033190250396729,0.21781706809997559,0.23763298988342285,0.5495579242706299,0.24025392532348633,0.4948267936706543,0.9177842140197754,0.2413020133972168,0.24374604225158691,0.2333850860595703,0.2203807830810547,0.23892521858215332,0.22464680671691895,0.21517491340637207,0.2370929718017578,0.24712181091308594,0.5645608901977539,0.20566105842590332,0.2295522689819336,0.8457350730895996,0.22255516052246094,0.22073817253112793,0.2401437759399414,0.24387812614440918,0.23702597618103027,0.2514948844909668,0.5275449752807617,0.2248551845550537,0.26370692253112793,1.1259100437164307,0.551994800567627,,0.9216899871826172,0.8232531547546387,0.53318190574646,0.2169952392578125,0.2557511329650879,0.22844696044921875
1000,0.233489990234375,0.238692045211792,0.5043151378631592,0.5018620491027832,0.236098051071167,0.2209939956665039,0.4686131477355957,0.8646347522735596,0.21820807456970215,0.5102791786193848,0.23549509048461914,0.22283506393432617,0.22585201263427734,0.22037410736083984,0.23157191276550293,0.9156548976898193,0.22307705879211426,0.2518298625946045,0.5345137119293213,0.24775409698486328,0.4691019058227539,0.24028396606445312,0.49580907821655273,0.21762776374816895,0.2186121940612793,0.2321171760559082,0.21389126777648926,0.22885990142822266,0.49715399742126465,0.4981577396392822,0.25634193420410156,0.5012140274047852,0.2456529140472412,0.26209425926208496,0.248917818069458,0.21926665306091309,0.35852813720703125,0.5773470401763916,4.46966290473938,0.2331690788269043,0.25013303756713867,0.5176141262054443,0.5019288063049316,,0.5483119487762451,0.36322569847106934,1.1701538562774658,0.2196798324584961,0.21884369850158691,0.2445840835571289
1001,0.23813986778259277,0.2331998348236084,0.5192699432373047,0.517521858215332,0.23627877235412598,0.20110011100769043,0.9270679950714111,0.23309707641601562,0.22022509574890137,2.4574170112609863,0.23508787155151367,0.26159024238586426,0.24815082550048828,0.23772478103637695,0.2388150691986084,0.5663762092590332,0.21642017364501953,0.34104394912719727,0.5295369625091553,0.2335832118988037,0.7508881092071533,0.23911619186401367,0.4991569519042969,0.5404949188232422,0.23897814750671387,0.2533600330352783,0.20990896224975586,0.24381184577941895,0.5199079513549805,0.5270669460296631,0.24095892906188965,0.5232887268066406,0.23543024063110352,0.49969005584716797,1.2705719470977783,0.2256181240081787,0.26028895378112793,0.8614218235015869,16.312580108642578,0.22026705741882324,0.5493969917297363,0.5101969242095947,0.5442490577697754,,0.5602090358734131,0.5205502510070801,0.5336370468139648,0.21942687034606934,0.22498774528503418,0.22091913223266602
1002,0.2443251609802246,0.23471999168395996,0.22336578369140625,1.1318159103393555,0.22614502906799316,0.9811000823974609,0.4785301685333252,0.23511910438537598,0.2170391082763672,0.5000481605529785,0.2479569911956787,0.22335600852966309,0.21576905250549316,0.2338087558746338,0.23036503791809082,0.5612609386444092,0.24993681907653809,0.20450687408447266,0.9258129596710205,0.21503114700317383,0.26186418533325195,0.23427295684814453,0.3653140068054199,0.232252836227417,0.2269611358642578,0.20963001251220703,0.22478580474853516,0.21932482719421387,0.22578907012939453,0.5444660186767578,0.22024011611938477,0.5305080413818359,0.2198939323425293,0.453488826751709,0.2735288143157959,0.24293899536132812,0.2498319149017334,0.5506057739257812,6.75627064704895,0.23622608184814453,0.6029839515686035,2.562948226928711,0.513293981552124,,0.5644562244415283,0.2664000988006592,0.5145089626312256,0.2473740577697754,0.2368929386138916,0.2634410858154297
1003,0.24141287803649902,0.24257779121398926,0.6641221046447754,0.48966407775878906,0.21982693672180176,0.48400425910949707,0.489361047744751,0.23833608627319336,0.21955204010009766,1.576545000076294,0.2383890151977539,0.24340415000915527,0.2283482551574707,0.26083803176879883,0.22745394706726074,0.5282208919525146,0.24130582809448242,0.5249650478363037,0.9072678089141846,0.22917413711547852,0.48190999031066895,0.5159652233123779,0.24414777755737305,0.20740365982055664,0.2622487545013428,0.22237300872802734,0.21277403831481934,0.256742000579834,0.5112466812133789,0.5182220935821533,0.23984789848327637,0.501823902130127,0.24566125869750977,0.21668004989624023,0.5495550632476807,0.21840310096740723,0.2368299961090088,0.23729705810546875,0.8833448886871338,0.2090296745300293,0.24382901191711426,1.1535289287567139,0.23555922508239746,,0.5323078632354736,0.5049450397491455,0.5467712879180908,0.23763418197631836,0.25014281272888184,0.23055195808410645
1004,0.23062920570373535,0.21201705932617188,1.4143118858337402,0.512800931930542,0.23518705368041992,0.22228360176086426,0.23725485801696777,0.8601179122924805,0.2393498420715332,1.144801139831543,0.21064400672912598,0.2257530689239502,0.5170109272003174,0.24428582191467285,0.24120616912841797,0.5407040119171143,0.233659029006958,1.1392922401428223,0.5414459705352783,0.24523496627807617,0.5197761058807373,0.8376119136810303,0.5170347690582275,0.2108769416809082,0.25079822540283203,0.22880792617797852,0.2485969066619873,0.2275688648223877,0.4874260425567627,0.26728177070617676,0.221635103225708,0.50048828125,0.2101728916168213,0.47638702392578125,0.2669949531555176,0.21662402153015137,0.5353100299835205,0.23710179328918457,16.228477954864502,0.24610018730163574,0.5155599117279053,0.5585048198699951,0.5151031017303467,,2.2704031467437744,0.527015209197998,0.25398993492126465,0.21420574188232422,0.26270627975463867,0.25342321395874023
1005,0.23973894119262695,0.2419736385345459,0.49898409843444824,0.4798920154571533,0.2356250286102295,0.4847412109375,0.24934625625610352,0.48712706565856934,0.21236515045166016,0.518975019454956,0.21567392349243164,0.24293303489685059,1.0967628955841064,0.22389507293701172,0.23002099990844727,0.5604231357574463,0.2335507869720459,0.5036008358001709,0.8679056167602539,0.23720312118530273,0.22164297103881836,0.23673582077026367,0.2476949691772461,0.45516109466552734,0.22185373306274414,0.2405529022216797,0.23373007774353027,0.24061989784240723,0.9265580177307129,0.23330092430114746,0.23546218872070312,0.8953399658203125,0.23001599311828613,0.795341968536377,0.5453939437866211,0.21737170219421387,0.8471617698669434,1.8139567375183105,16.118515968322754,0.25127673149108887,0.5428569316864014,1.091576099395752,0.5250842571258545,,1.0783686637878418,0.846688985824585,0.25240397453308105,0.24481201171875,0.22349309921264648,0.23522114753723145
1006,0.22415637969970703,0.23001408576965332,0.5121071338653564,0.4974498748779297,0.23586392402648926,0.49996376037597656,0.505709171295166,0.2119307518005371,0.21151995658874512,1.2279341220855713,0.21206998825073242,0.23938584327697754,0.4939389228820801,0.24512481689453125,0.23200392723083496,0.5667440891265869,0.23857402801513672,0.5033037662506104,0.5372791290283203,0.21695804595947266,0.4860808849334717,0.23633933067321777,0.21630072593688965,0.24773001670837402,0.24576616287231445,0.24848604202270508,0.24053382873535156,0.23238587379455566,0.5676400661468506,0.22471094131469727,0.21564292907714844,0.5492992401123047,0.24315500259399414,0.2199091911315918,0.7184381484985352,0.22088408470153809,0.529472827911377,0.26287317276000977,0.5189211368560791,0.22662615776062012,0.5623950958251953,0.517099142074585,0.5366981029510498,,0.5454449653625488,0.5163719654083252,0.5248599052429199,0.2508881092071533,0.232407808303833,0.23634815216064453
1007,0.22879672050476074,0.24193215370178223,0.5057711601257324,0.5404422283172607,0.24972796440124512,0.796065092086792,0.24747610092163086,0.24073004722595215,0.22692298889160156,1.2063541412353516,0.24329495429992676,0.21976995468139648,0.24730277061462402,0.22383999824523926,0.212723970413208,0.2523159980773926,0.2466259002685547,0.4992659091949463,0.5491890907287598,0.2160050868988037,0.5207481384277344,0.23028779029846191,0.5109069347381592,0.22171521186828613,0.2187638282775879,0.24120497703552246,0.22296786308288574,0.2401280403137207,0.9388241767883301,0.24799680709838867,0.21990609169006348,0.5190081596374512,0.23102807998657227,0.3275790214538574,0.23247981071472168,0.2556190490722656,0.2437272071838379,0.5167269706726074,12.202913045883179,0.2445991039276123,0.547576904296875,1.0434739589691162,0.5485661029815674,,0.5146067142486572,0.48830580711364746,0.5446920394897461,0.2900071144104004,0.21616888046264648,0.24493122100830078
1008,0.21652817726135254,0.24663186073303223,0.5297698974609375,0.5037140846252441,0.2376997470855713,1.0767550468444824,0.21087002754211426,0.819331169128418,0.2293701171875,0.5335421562194824,0.23961496353149414,0.24559903144836426,0.22064995765686035,0.24480795860290527,0.23595714569091797,2.328826904296875,0.23167800903320312,0.48591017723083496,0.518742561340332,0.22223901748657227,0.2342832088470459,0.5368430614471436,0.2643611431121826,0.23404502868652344,0.23760390281677246,0.2500889301300049,0.2158348560333252,0.24459004402160645,0.4827880859375,0.5041460990905762,0.21886897087097168,0.5166938304901123,0.25226306915283203,0.34021496772766113,0.26377105712890625,0.2160801887512207,0.505141019821167,0.5741066932678223,0.8492486476898193,0.2275550365447998,0.22287583351135254,0.584475040435791,0.4862349033355713,,1.1489450931549072,0.4227159023284912,0.24604129791259766,0.2429642677307129,0.24500775337219238,0.21076226234436035
1009,0.21880292892456055,0.23974394798278809,0.4998593330383301,0.49880218505859375,0.22663617134094238,0.49915385246276855,0.26042604446411133,0.551232099533081,0.23815679550170898,1.1351890563964844,0.2344532012939453,0.22144103050231934,0.219940185546875,0.2234649658203125,0.22397375106811523,0.5585711002349854,0.2131938934326172,0.4846980571746826,0.8927431106567383,0.21237802505493164,0.25813817977905273,0.4535398483276367,0.25093579292297363,0.20813488960266113,0.24630212783813477,0.22143912315368652,0.25403285026550293,0.23028111457824707,0.9284720420837402,0.2459101676940918,0.21326804161071777,0.5211708545684814,0.23805785179138184,0.2224271297454834,0.24798893928527832,0.2469792366027832,0.5149698257446289,0.5301041603088379,0.8730659484863281,0.23958992958068848,0.2803671360015869,2.85267972946167,0.5137369632720947,,2.7771949768066406,0.4839479923248291,0.5119068622589111,0.22969675064086914,0.23822784423828125,0.8722801208496094
1010,0.2200479507446289,0.2299337387084961,0.24851131439208984,0.47930121421813965,0.20934605598449707,0.21101713180541992,0.21173572540283203,0.8849468231201172,0.24199795722961426,1.5266001224517822,0.23843979835510254,0.24731898307800293,0.8367609977722168,0.21733808517456055,0.21137094497680664,0.5287048816680908,0.24124908447265625,0.6798107624053955,1.783994197845459,0.22919917106628418,0.24457311630249023,0.6431198120117188,0.2444140911102295,0.24955987930297852,0.2227330207824707,0.2126331329345703,0.23893117904663086,0.2171032428741455,0.5369629859924316,0.5649509429931641,0.25981903076171875,0.4992802143096924,0.22896790504455566,0.5014498233795166,0.8991789817810059,0.24425697326660156,0.9044609069824219,0.5694620609283447,16.52143692970276,0.22886991500854492,0.5335848331451416,3.6773200035095215,0.23018407821655273,,0.9874210357666016,0.4692521095275879,0.5421171188354492,0.24501705169677734,0.21686029434204102,0.5670599937438965
1011,0.21732211112976074,0.2277050018310547,0.5319240093231201,0.4743192195892334,0.21794390678405762,0.5474650859832764,0.6619741916656494,0.47008681297302246,0.23383402824401855,0.5321290493011475,0.22550201416015625,0.23713302612304688,0.5153789520263672,0.24552488327026367,0.21249723434448242,0.5314280986785889,0.23374676704406738,0.24375414848327637,0.5269522666931152,0.22567987442016602,0.45952510833740234,0.4875071048736572,0.2313227653503418,0.23938202857971191,0.24710297584533691,0.26488208770751953,0.22126221656799316,0.23934197425842285,0.2071971893310547,0.20804905891418457,0.23023200035095215,1.4930229187011719,0.21468067169189453,0.2269608974456787,0.5265469551086426,0.22741985321044922,0.2549629211425781,0.5887510776519775,12.399232864379883,0.23679900169372559,0.5906989574432373,0.9017069339752197,0.24063897132873535,,0.48241686820983887,0.4718010425567627,0.5095381736755371,0.26644396781921387,0.2178959846496582,0.19702506065368652
1012,0.23438596725463867,0.24002408981323242,0.22420787811279297,0.49613404273986816,0.23817801475524902,0.2241041660308838,0.4634058475494385,0.45467591285705566,0.23680996894836426,0.5484189987182617,0.22842192649841309,0.24566411972045898,0.4935140609741211,0.22356200218200684,0.21747875213623047,0.921807050704956,0.2556285858154297,0.22011113166809082,0.5487031936645508,0.2419140338897705,0.4980309009552002,0.7455191612243652,0.25363707542419434,0.24966192245483398,0.2500448226928711,0.21261382102966309,0.2191009521484375,0.2382040023803711,0.5288450717926025,0.8755099773406982,0.24085712432861328,0.8771967887878418,0.24040699005126953,0.23197698593139648,0.25066208839416504,0.2555558681488037,0.22432804107666016,0.563560962677002,16.464444875717163,0.22313904762268066,0.2552330493927002,0.5006556510925293,0.5190510749816895,,2.1797759532928467,0.4707298278808594,0.5240938663482666,0.2494959831237793,0.2216329574584961,0.47278404235839844
1013,0.21890997886657715,0.24706315994262695,0.49878597259521484,0.5090279579162598,0.2149510383605957,0.5087909698486328,0.2692229747772217,0.2396259307861328,0.21133971214294434,0.928534746170044,0.24204301834106445,0.2242879867553711,0.22521305084228516,0.24569964408874512,0.23685503005981445,0.5657930374145508,0.2264258861541748,0.2618398666381836,0.5256979465484619,0.2311711311340332,0.2760951519012451,0.500532865524292,0.5167350769042969,0.24552416801452637,0.2371349334716797,0.23463010787963867,0.2178816795349121,0.23973393440246582,0.5172710418701172,0.268186092376709,0.23535799980163574,0.8790349960327148,0.22026896476745605,0.21776509284973145,0.2728917598724365,0.22698307037353516,0.2607841491699219,1.8856730461120605,16.53267788887024,0.218292236328125,0.5801987648010254,0.46663999557495117,0.5379011631011963,,0.8372828960418701,0.5033750534057617,0.4974639415740967,0.22073125839233398,0.2403268814086914,0.48595595359802246
1014,0.21418285369873047,0.24022293090820312,0.5049684047698975,0.5021061897277832,0.24717020988464355,0.19806790351867676,0.6619679927825928,0.4706118106842041,0.24929571151733398,0.8906619548797607,0.23539996147155762,0.21910691261291504,0.2400059700012207,0.22377705574035645,0.2209458351135254,0.5083920955657959,0.2127218246459961,0.49732089042663574,1.4948170185089111,0.2391951084136963,0.22475600242614746,0.5065031051635742,0.22837591171264648,0.24849796295166016,0.24466609954833984,0.23561406135559082,0.23632407188415527,0.24573278427124023,0.851905107498169,0.5468010902404785,0.22330069541931152,0.5157897472381592,0.23652005195617676,0.22986388206481934,0.5454277992248535,0.23175311088562012,0.8918619155883789,0.8608510494232178,6.735241889953613,0.21757793426513672,0.5623338222503662,0.48493123054504395,0.2930910587310791,,1.0668938159942627,0.501981258392334,0.5515561103820801,0.24953389167785645,0.23294687271118164,0.4715151786804199
1015,0.24458599090576172,0.22750401496887207,0.2194838523864746,0.48987388610839844,0.22971296310424805,0.5026218891143799,0.8591470718383789,0.21338415145874023,0.22835707664489746,1.6284852027893066,0.23497390747070312,0.24328398704528809,0.21423006057739258,0.24449682235717773,0.2123560905456543,0.5654489994049072,0.22211885452270508,0.4924590587615967,3.373530149459839,0.25033116340637207,0.495851993560791,0.5350348949432373,0.21460509300231934,0.22416186332702637,0.2198929786682129,0.2346498966217041,0.2148139476776123,0.22347402572631836,0.5294201374053955,0.24615907669067383,0.235626220703125,0.536189079284668,0.23174762725830078,0.24162006378173828,0.5306451320648193,0.22251200675964355,0.2520630359649658,0.5457980632781982,14.415326118469238,0.23517894744873047,0.5498707294464111,0.4927501678466797,0.2644200325012207,,0.5144519805908203,0.25417232513427734,0.5270049571990967,0.24170207977294922,0.22745704650878906,0.23319292068481445
1016,0.23627424240112305,0.2435920238494873,0.48509788513183594,0.7938871383666992,0.2136220932006836,0.8548831939697266,0.23704814910888672,0.24084687232971191,0.21229982376098633,0.5156059265136719,0.2350022792816162,0.24149799346923828,0.26417994499206543,0.2178642749786377,0.2263200283050537,0.5441813468933105,0.2121410369873047,0.8097548484802246,16.45266103744507,0.21177124977111816,0.49683094024658203,0.4757118225097656,0.24131083488464355,0.21473908424377441,0.22345709800720215,0.24687719345092773,0.243117094039917,0.23977971076965332,0.513343095779419,0.2854468822479248,0.23467421531677246,0.5182352066040039,0.24959206581115723,0.24395489692687988,0.2476820945739746,0.23389625549316406,0.23885488510131836,0.3012521266937256,,0.2173290252685547,0.5484678745269775,0.48403215408325195,0.49361324310302734,,0.5613009929656982,0.49277710914611816,1.1851389408111572,0.2507030963897705,0.22216129302978516,0.8230838775634766
1017,0.24429893493652344,0.22913479804992676,0.5002057552337646,0.8258841037750244,0.22791004180908203,0.20987319946289062,0.2258901596069336,0.5339231491088867,0.23454785346984863,0.49388790130615234,0.25119519233703613,0.24216508865356445,0.24460101127624512,0.22185015678405762,0.21425414085388184,0.27507591247558594,0.2579977512359619,0.24201083183288574,3.937225103378296,0.22383594512939453,0.274874210357666,0.27085113525390625,0.26721692085266113,0.20888590812683105,0.24455595016479492,0.20760297775268555,0.2272181510925293,0.21642279624938965,0.5123867988586426,0.20723295211791992,0.20951604843139648,0.5127959251403809,0.21819686889648438,0.534857988357544,0.5615651607513428,0.2532498836517334,0.21561312675476074,0.2706151008605957,,0.21790480613708496,0.2569007873535156,0.5082550048828125,0.5439093112945557,,0.5291309356689453,0.24160480499267578,0.5462400913238525,0.22798705101013184,0.23920679092407227,0.5051839351654053
1018,0.2426598072052002,0.2328050136566162,0.2479720115661621,0.8277089595794678,0.2171938419342041,0.5028679370880127,0.4575841426849365,0.2126328945159912,0.23377299308776855,0.5004720687866211,0.23548316955566406,0.22595500946044922,0.22220206260681152,0.26282525062561035,0.22886300086975098,0.5448150634765625,0.2363729476928711,0.41100597381591797,0.23629498481750488,0.23593997955322266,0.22812581062316895,0.4992561340332031,0.23086905479431152,0.21977806091308594,0.24277877807617188,0.23466706275939941,0.2409989833831787,0.2537679672241211,0.5201749801635742,0.5299232006072998,0.24662494659423828,0.47435593605041504,0.23692703247070312,0.2455120086669922,0.49636411666870117,0.22841286659240723,0.24929118156433105,0.42217397689819336,,0.21165084838867188,0.5669348239898682,6.061352968215942,0.8556828498840332,,0.9304192066192627,0.24561381340026855,0.5162398815155029,0.24872899055480957,0.23889994621276855,0.47234392166137695
1019,0.22687220573425293,0.2188711166381836,0.5156760215759277,0.4900059700012207,0.22071290016174316,0.538236141204834,0.4968299865722656,0.2469007968902588,0.2528347969055176,6.438236951828003,0.21147394180297852,0.24373388290405273,0.44312405586242676,0.22248315811157227,0.2399888038635254,0.5113499164581299,0.23554420471191406,0.27191996574401855,2.1262059211730957,0.2275540828704834,0.46403002738952637,0.25350403785705566,0.23824000358581543,0.23564481735229492,0.2449488639831543,0.21053576469421387,0.2530090808868408,0.2273547649383545,0.5116450786590576,0.5155119895935059,0.23505496978759766,0.9384691715240479,0.21392607688903809,0.23719000816345215,0.565037727355957,0.24785685539245605,0.25841307640075684,0.5521030426025391,,0.22118806838989258,0.5531401634216309,1.1243159770965576,0.2452101707458496,,0.5333919525146484,0.4980888366699219,0.24447107315063477,0.24811100959777832,0.24316787719726562,0.47799015045166016
1020,0.23931288719177246,0.24213290214538574,0.6886429786682129,0.5343101024627686,0.22026419639587402,0.4751570224761963,0.24013996124267578,0.5074529647827148,0.22580313682556152,1.1901330947875977,0.23486113548278809,0.22385311126708984,0.22993206977844238,0.2633957862854004,0.24031782150268555,0.27787184715270996,0.23626017570495605,0.24184703826904297,16.616309881210327,0.22817015647888184,0.4967498779296875,0.5017452239990234,0.23431682586669922,0.2123878002166748,0.2523508071899414,0.23058295249938965,0.23348402976989746,0.2449817657470703,0.23416590690612793,0.49399828910827637,0.25235509872436523,0.8353490829467773,0.42014098167419434,0.47713208198547363,0.7394001483917236,0.24942731857299805,0.3675851821899414,0.5321781635284424,,0.25991177558898926,0.5781040191650391,0.8408799171447754,0.25296998023986816,,0.9410490989685059,0.21097397804260254,1.068924903869629,0.22047901153564453,0.24016523361206055,0.8776640892028809
1021,0.21454811096191406,0.23110675811767578,1.4005262851715088,0.46060800552368164,0.21402287483215332,0.2066953182220459,0.5307929515838623,0.4995157718658447,0.21249723434448242,0.5296821594238281,0.22629904747009277,0.25809192657470703,0.2670161724090576,0.2228710651397705,0.23228001594543457,0.21655035018920898,0.23222994804382324,0.22881102561950684,7.276537895202637,0.22575592994689941,0.26978182792663574,0.24809002876281738,0.2508091926574707,0.8475589752197266,0.24664902687072754,0.22604608535766602,0.22896265983581543,0.2224578857421875,0.517092227935791,0.5435512065887451,0.2294929027557373,0.5001981258392334,0.23040103912353516,0.22689318656921387,0.5292749404907227,0.2394568920135498,0.27973008155822754,0.2389519214630127,,0.23772525787353516,0.24036884307861328,0.24050092697143555,0.5011229515075684,,0.530419111251831,0.21993184089660645,0.5552530288696289,0.23157286643981934,0.22661089897155762,0.8607940673828125
1022,0.24434566497802734,0.23456597328186035,1.1167280673980713,0.49962496757507324,0.23616576194763184,0.2188429832458496,0.5054149627685547,0.2409038543701172,0.24277806282043457,0.5083589553833008,0.23404407501220703,0.2229769229888916,0.5369181632995605,0.2451319694519043,0.24212002754211426,1.217602252960205,0.24425911903381348,0.254396915435791,0.2083892822265625,0.24154090881347656,0.5146591663360596,0.2552611827850342,0.22731709480285645,0.2539541721343994,0.22957777976989746,0.22720003128051758,0.21362829208374023,0.24551701545715332,0.927048921585083,0.5507290363311768,0.23924803733825684,0.5181739330291748,0.23773527145385742,0.24623894691467285,0.26459598541259766,0.2378077507019043,0.5261318683624268,0.5793647766113281,,0.22070765495300293,0.5581190586090088,0.5654611587524414,0.48587679862976074,,2.308212995529175,0.5093669891357422,1.779839038848877,0.2544889450073242,0.21763992309570312,0.847999095916748
1023,0.2430872917175293,0.2539379596710205,0.26349401473999023,0.4824390411376953,0.24390387535095215,0.21509909629821777,0.5034329891204834,0.24990510940551758,0.23544096946716309,1.6225793361663818,0.21358084678649902,0.25063014030456543,0.24335002899169922,0.22555017471313477,0.23767590522766113,0.23374176025390625,0.21452903747558594,0.2507960796356201,7.550616979598999,0.2269890308380127,0.4900650978088379,0.25000905990600586,0.4958689212799072,0.2207019329071045,0.24445199966430664,0.211014986038208,0.22486186027526855,0.23943209648132324,0.5169270038604736,0.538985013961792,0.22965502738952637,1.142685890197754,0.21519112586975098,0.6788058280944824,0.5462100505828857,0.22818899154663086,0.5657789707183838,0.5446786880493164,,0.22266793251037598,0.5661628246307373,3.6120240688323975,1.1553289890289307,,0.9968268871307373,0.25774312019348145,0.5301141738891602,0.2651708126068115,0.24326086044311523,0.8625397682189941
1024,0.23280787467956543,0.2339479923248291,0.2809629440307617,1.752478837966919,0.21239304542541504,0.6555876731872559,0.4696168899536133,0.4600389003753662,0.24794483184814453,0.9286129474639893,0.22735118865966797,0.22165417671203613,0.20031023025512695,0.21747112274169922,0.22344613075256348,0.952246904373169,0.23946118354797363,0.487926721572876,3.7450201511383057,0.21183991432189941,0.5176210403442383,0.515822172164917,0.3491859436035156,0.22077202796936035,0.24395394325256348,0.20972800254821777,0.2495439052581787,0.21580791473388672,0.560999870300293,0.47217798233032227,0.21271896362304688,0.5158648490905762,0.3600890636444092,0.6034188270568848,0.24768996238708496,0.24517321586608887,0.5177309513092041,0.2195429801940918,,0.2135920524597168,0.2988319396972656,1.009680986404419,0.500298023223877,,2.9995110034942627,0.5236730575561523,0.9159669876098633,0.8929462432861328,0.24332094192504883,0.23888492584228516
1025,0.232025146484375,0.22716498374938965,0.4971282482147217,0.4754958152770996,0.23299622535705566,0.4978659152984619,0.46807408332824707,0.24145889282226562,0.23615169525146484,0.5352818965911865,0.24127793312072754,0.24678492546081543,0.4859120845794678,0.24133610725402832,0.21080303192138672,0.49936485290527344,0.23592591285705566,0.273190975189209,16.558440923690796,0.26315808296203613,0.4797489643096924,0.19753098487854004,0.5236008167266846,0.21774888038635254,0.221710205078125,0.21669864654541016,0.22647404670715332,0.24327993392944336,0.22550034523010254,0.5408308506011963,0.2569899559020996,0.5101761817932129,0.303663969039917,0.4755110740661621,0.2911078929901123,0.22220206260681152,0.256850004196167,0.24700069427490234,,0.22447705268859863,0.2538721561431885,1.157181978225708,0.48619604110717773,,0.5325102806091309,0.8663289546966553,0.5456089973449707,0.2531871795654297,0.24710798263549805,0.49144411087036133
1026,0.23906993865966797,0.2118227481842041,0.24254202842712402,0.5156691074371338,0.23812103271484375,0.19945192337036133,0.4705357551574707,0.5037319660186768,0.23395514488220215,1.3174912929534912,0.211716890335083,0.23747611045837402,0.2045459747314453,0.22606992721557617,0.23836207389831543,1.6482999324798584,0.23532700538635254,0.5201961994171143,16.541125297546387,0.2209947109222412,0.5032930374145508,0.23496699333190918,0.2134697437286377,0.20725607872009277,0.25449109077453613,0.2411210536956787,0.2166430950164795,0.2243177890777588,0.525994062423706,0.5281438827514648,0.21899104118347168,0.5088949203491211,0.4858129024505615,0.521263837814331,0.5272619724273682,0.24704813957214355,0.6308271884918213,0.28424811363220215,,0.22321319580078125,0.2390758991241455,1.059969186782837,0.499190092086792,,0.5487420558929443,0.8334071636199951,0.5317561626434326,0.24700403213500977,0.26988983154296875,0.21443390846252441
1027,0.2449657917022705,0.24422478675842285,0.23116397857666016,0.4623732566833496,0.25016331672668457,0.521284818649292,0.4954042434692383,1.0509560108184814,0.23328590393066406,1.2028870582580566,0.24683284759521484,0.2469792366027832,0.4825730323791504,0.24557113647460938,0.23317766189575195,0.24805593490600586,0.25133204460144043,0.2696089744567871,16.678813219070435,0.21526789665222168,0.5017518997192383,0.9221539497375488,0.4717228412628174,0.21198678016662598,0.24274206161499023,0.21185588836669922,0.21689796447753906,0.24372196197509766,0.5223278999328613,0.4979100227355957,0.2231299877166748,0.5014200210571289,0.2556307315826416,0.4916698932647705,0.267819881439209,0.269089937210083,0.2608330249786377,0.9251911640167236,,0.21294903755187988,0.24344205856323242,1.0271360874176025,0.5635793209075928,,0.5464961528778076,0.23666810989379883,0.9036779403686523,0.22384309768676758,0.2499091625213623,0.260601282119751
1028,0.23093700408935547,0.24122118949890137,0.26412200927734375,0.5156869888305664,0.23379111289978027,0.5331761837005615,0.2374131679534912,0.23783206939697266,0.21284794807434082,1.160973072052002,0.23877573013305664,0.22145938873291016,0.2058548927307129,0.22127008438110352,0.2533249855041504,0.8935141563415527,0.23350811004638672,0.5492708683013916,16.555015325546265,0.22250604629516602,0.2387838363647461,0.8258090019226074,0.5896167755126953,0.24110007286071777,0.23979902267456055,0.222243070602417,0.21999001502990723,0.24193906784057617,1.148592233657837,0.545356035232544,0.24611282348632812,0.5088021755218506,0.4936339855194092,0.4502289295196533,0.5257987976074219,0.24779796600341797,0.23675799369812012,0.5653738975524902,,0.2310779094696045,0.2552001476287842,1.3947019577026367,0.24773287773132324,,0.5005037784576416,0.4857499599456787,0.5235710144042969,0.5143160820007324,0.24415826797485352,0.47249889373779297
1029,0.21738100051879883,0.2120342254638672,0.5026168823242188,1.4607977867126465,0.2337169647216797,0.8594331741333008,0.21075105667114258,0.4985661506652832,0.25554728507995605,0.5359311103820801,0.23618006706237793,0.2200179100036621,0.24476885795593262,0.2187659740447998,0.2323009967803955,0.27579307556152344,0.23607397079467773,0.5469560623168945,14.465096950531006,0.21433305740356445,0.5164299011230469,1.4980883598327637,0.23923993110656738,0.22292304039001465,0.2329399585723877,0.22452211380004883,0.2343440055847168,0.2470080852508545,0.5154650211334229,0.23412203788757324,0.23418402671813965,0.5009667873382568,0.4188711643218994,0.8627970218658447,0.548253059387207,0.2221376895904541,0.24883675575256348,0.2849149703979492,,0.24059486389160156,0.22432613372802734,0.8641679286956787,0.5463128089904785,,1.6995658874511719,0.8021738529205322,0.5313239097595215,0.5192098617553711,0.22133874893188477,0.2342371940612793
1030,0.2447810173034668,0.22745394706726074,0.20350122451782227,0.5020451545715332,0.23438525199890137,0.8655431270599365,0.509465217590332,0.21398234367370605,0.22494101524353027,0.49645209312438965,0.23424673080444336,0.24585390090942383,0.24982285499572754,0.25897979736328125,0.23919010162353516,0.25455594062805176,0.21016383171081543,0.5080828666687012,16.598077058792114,0.23784184455871582,0.2671241760253906,0.2463548183441162,0.230072021484375,0.22133994102478027,0.22006821632385254,0.20979905128479004,0.21342897415161133,0.22168278694152832,0.5312480926513672,0.5016679763793945,0.24864792823791504,0.5094361305236816,0.21440482139587402,0.4859449863433838,0.5759942531585693,0.23225808143615723,0.2491152286529541,0.3678610324859619,,0.24579620361328125,0.5649089813232422,2.2537338733673096,0.885761022567749,,0.4816751480102539,0.6276469230651855,0.4917020797729492,0.22008085250854492,0.24489212036132812,0.8168468475341797
1031,0.2236931324005127,0.24231195449829102,0.26273417472839355,0.516599178314209,0.2130141258239746,1.6890082359313965,0.45583200454711914,0.490645170211792,0.2179548740386963,0.49900174140930176,0.23665976524353027,0.26438307762145996,0.7968339920043945,0.2001628875732422,0.23107481002807617,0.5601868629455566,0.239973783493042,0.519036054611206,16.470824003219604,0.21625089645385742,0.5004563331604004,0.5138838291168213,0.24010014533996582,0.22918391227722168,0.24301600456237793,0.24122190475463867,0.25478672981262207,0.21532988548278809,0.8984720706939697,0.5527670383453369,0.21150803565979004,0.5046472549438477,0.2334280014038086,0.5009360313415527,0.5546629428863525,0.24880313873291016,0.8028757572174072,0.2288661003112793,,0.24008822441101074,0.5287108421325684,1.950929880142212,0.24808192253112793,,0.9790792465209961,0.3807199001312256,0.6740059852600098,0.2475581169128418,0.22846317291259766,0.24321222305297852
1032,0.26382899284362793,0.2267460823059082,0.49545788764953613,1.1792821884155273,0.23677492141723633,1.0662667751312256,0.9295251369476318,0.21861505508422852,0.21809911727905273,0.49923086166381836,0.2503848075866699,0.22352075576782227,0.34745287895202637,0.4896693229675293,0.21078705787658691,0.8861019611358643,0.24995207786560059,0.5516269207000732,1.873002052307129,0.2404320240020752,0.21457505226135254,0.746729850769043,0.23821187019348145,0.22749805450439453,0.22421813011169434,0.2101428508758545,0.25258326530456543,0.22640323638916016,0.5434010028839111,0.5311388969421387,0.2336292266845703,0.5006372928619385,0.4535391330718994,0.4725649356842041,0.27051281929016113,0.2660658359527588,0.24781417846679688,0.23595190048217773,,0.21291375160217285,0.5759749412536621,1.616469144821167,0.25050806999206543,,0.8564221858978271,0.6748530864715576,0.5557851791381836,0.29302287101745605,0.2471177577972412,0.24422574043273926
1033,0.21887493133544922,0.2292182445526123,0.510890007019043,0.5091090202331543,0.2357492446899414,0.7080848217010498,0.46859169006347656,0.224776029586792,0.21935629844665527,1.2032272815704346,0.23436212539672852,0.2459697723388672,0.2426760196685791,0.21786093711853027,0.23676705360412598,0.5952291488647461,0.2289750576019287,0.5272397994995117,16.56894016265869,0.23545432090759277,0.4706602096557617,0.4821949005126953,0.25780582427978516,0.2077498435974121,0.2634999752044678,0.24132990837097168,0.2471480369567871,0.241990327835083,0.243988037109375,0.5036590099334717,0.23666000366210938,1.1455662250518799,0.4068028926849365,0.5020310878753662,0.24849796295166016,0.25225400924682617,0.5659072399139404,0.22031593322753906,,0.23046302795410156,0.2437267303466797,1.0998871326446533,0.5040287971496582,,0.9576840400695801,0.48052096366882324,0.5330719947814941,0.26975107192993164,0.253680944442749,0.24196720123291016
1034,0.21932697296142578,0.24025797843933105,0.5484297275543213,0.4671518802642822,0.22977685928344727,0.8623998165130615,0.265949010848999,0.24171209335327148,0.23250794410705566,0.5542912483215332,0.2122807502746582,0.2229151725769043,0.215620756149292,0.23743915557861328,0.23488402366638184,0.22109484672546387,0.24232101440429688,0.5505630970001221,0.07776808738708496,0.23531174659729004,0.2665059566497803,1.2328519821166992,0.24022793769836426,0.23777484893798828,0.2557659149169922,0.23749423027038574,0.2663910388946533,0.24237823486328125,0.48421192169189453,0.5178709030151367,0.23633909225463867,0.4984090328216553,0.22080183029174805,0.5023899078369141,0.26758599281311035,0.24912810325622559,0.23829388618469238,0.24731874465942383,,0.2328169345855713,0.2514510154724121,0.7716588973999023,0.5243809223175049,,0.5288777351379395,0.4393939971923828,0.500877857208252,0.24082303047180176,0.24553394317626953,0.2310810089111328
1035,0.24467897415161133,0.2376267910003662,0.517125129699707,0.45308709144592285,0.21323394775390625,0.5023720264434814,0.2492821216583252,0.25275492668151855,0.21232008934020996,0.9256629943847656,0.23675179481506348,0.24483299255371094,0.2556140422821045,0.24605488777160645,0.23830103874206543,0.2621922492980957,0.23508620262145996,0.5712399482727051,16.715277194976807,0.2537660598754883,0.49935293197631836,0.8768877983093262,0.47606706619262695,0.22785711288452148,0.2362077236175537,0.23486614227294922,0.25132083892822266,0.22854399681091309,0.5433578491210938,0.5227389335632324,0.25022411346435547,1.0877981185913086,0.22945785522460938,0.5139639377593994,0.5593419075012207,0.24910187721252441,0.23614001274108887,0.24826908111572266,,0.25847291946411133,0.5267462730407715,1.1855621337890625,0.5505490303039551,,0.5064399242401123,0.24121499061584473,0.5128319263458252,0.2338240146636963,0.22146201133728027,0.23630905151367188
1036,0.21779823303222656,0.22620201110839844,0.4825458526611328,0.49149084091186523,0.22099590301513672,0.8027932643890381,0.21692395210266113,0.2321338653564453,0.21954894065856934,0.5776150226593018,0.23589706420898438,0.23639488220214844,1.0989398956298828,0.20722389221191406,0.22858285903930664,0.5779318809509277,0.23645806312561035,0.5298840999603271,16.499003887176514,0.22135615348815918,0.5184180736541748,1.1984601020812988,0.2256019115447998,0.2322688102722168,0.2302560806274414,0.24671173095703125,0.25156402587890625,0.24026226997375488,0.500295877456665,0.4756011962890625,0.22742509841918945,0.4872887134552002,0.48756909370422363,0.22561192512512207,0.2515559196472168,0.22387099266052246,0.4842648506164551,0.5320899486541748,,0.223128080368042,0.5747561454772949,2.8532307147979736,0.5224530696868896,,1.1419801712036133,0.24568510055541992,0.8724539279937744,0.23123407363891602,0.2169041633605957,0.2168102264404297
1037,0.24062728881835938,0.24231338500976562,0.2216660976409912,11.499454975128174,0.23378920555114746,0.5189011096954346,0.2717561721801758,0.21370601654052734,0.23888373374938965,1.1810197830200195,0.24857187271118164,0.24949288368225098,0.19906210899353027,0.23775100708007812,0.23928189277648926,0.56437087059021,0.24795317649841309,0.250385046005249,11.523969173431396,0.21662211418151855,0.5042378902435303,0.22408390045166016,0.22267699241638184,0.22884106636047363,0.22168302536010742,0.20855402946472168,0.21793413162231445,0.2306990623474121,0.5191783905029297,0.5111968517303467,0.21480083465576172,0.8738722801208496,0.24311494827270508,0.515233039855957,0.28903698921203613,0.2378528118133545,0.25637388229370117,0.24065113067626953,,0.21727991104125977,0.4035000801086426,1.0990757942199707,0.5648360252380371,,0.5375900268554688,0.22678399085998535,1.1864278316497803,0.24551129341125488,0.2559971809387207,0.22582101821899414
1038,0.24576997756958008,0.24967193603515625,0.23921775817871094,0.49515414237976074,0.21724200248718262,1.1006908416748047,0.4879610538482666,0.23043203353881836,0.23330378532409668,3.537929058074951,0.2387988567352295,0.22173094749450684,0.24829316139221191,0.5051767826080322,0.25189709663391113,2.9164891242980957,0.21207499504089355,0.5347809791564941,2.808712959289551,0.21859526634216309,0.4903550148010254,0.8967039585113525,0.4666738510131836,0.5198779106140137,0.25978899002075195,0.23219084739685059,0.2525770664215088,0.24647188186645508,0.5664768218994141,0.4853179454803467,0.2182009220123291,0.5019888877868652,0.2613639831542969,0.2362661361694336,0.5634620189666748,0.2441849708557129,0.23440217971801758,0.40742921829223633,,0.217087984085083,0.2442169189453125,0.9440817832946777,0.5336320400238037,,0.5618751049041748,0.4660952091217041,0.9334728717803955,0.2494220733642578,0.2552978992462158,0.23787283897399902
1039,0.22208619117736816,0.23676490783691406,0.48444390296936035,0.4932892322540283,0.2167370319366455,1.0810480117797852,0.2668731212615967,0.2844960689544678,0.2531261444091797,0.5311360359191895,0.23177814483642578,0.24987411499023438,0.6500339508056641,0.2414569854736328,0.23566317558288574,0.27446603775024414,0.22843313217163086,0.4996659755706787,4.999478101730347,0.2432258129119873,0.46155500411987305,0.47698283195495605,0.530505895614624,0.2369709014892578,0.2589101791381836,0.20952105522155762,0.2646620273590088,0.21548199653625488,1.1212232112884521,0.262239933013916,0.2116231918334961,0.48421573638916016,0.23450493812561035,0.21954798698425293,0.6304121017456055,0.24918913841247559,0.515470027923584,0.23397493362426758,,0.21271705627441406,0.301440954208374,1.0094857215881348,0.5708322525024414,,4.069101095199585,0.5157978534698486,0.3781743049621582,0.29556918144226074,0.23023414611816406,0.2432091236114502
1040,0.24809718132019043,0.22040581703186035,0.26499509811401367,0.5469529628753662,0.2376091480255127,0.4912281036376953,0.2134721279144287,0.48746299743652344,0.23513221740722656,0.5156641006469727,0.23592495918273926,0.24525070190429688,0.23328709602355957,0.28684091567993164,0.20934510231018066,0.5459442138671875,0.21565604209899902,0.2569699287414551,,0.23836970329284668,0.46880412101745605,0.22112703323364258,0.8457000255584717,0.22902679443359375,0.23750686645507812,0.23782086372375488,0.25029706954956055,0.2421560287475586,0.2970747947692871,0.5640819072723389,0.2293539047241211,0.48714423179626465,0.2417750358581543,0.26805877685546875,0.5832901000976562,0.251039981842041,0.2708439826965332,0.5551662445068359,,0.238800048828125,0.5784649848937988,0.835524320602417,0.8801968097686768,,2.287567138671875,0.4790229797363281,0.5474629402160645,0.2973649501800537,0.23399090766906738,0.21987581253051758
1041,0.22037482261657715,0.21390390396118164,0.9087481498718262,0.5028669834136963,0.23899602890014648,0.5108957290649414,0.24555492401123047,0.23697304725646973,0.23532915115356445,1.1944129467010498,0.2136378288269043,0.24007415771484375,0.21460604667663574,0.23835015296936035,0.23595213890075684,0.5664200782775879,0.21950578689575195,0.5105960369110107,,0.218858003616333,0.4696218967437744,0.8740291595458984,0.25420188903808594,0.21396183967590332,0.22627878189086914,0.24852705001831055,0.25092005729675293,0.22446894645690918,0.517204999923706,0.3221089839935303,0.2267932891845703,0.5148518085479736,0.22684693336486816,0.5053620338439941,0.5721538066864014,0.2504251003265381,0.5782899856567383,0.3999800682067871,,0.24217605590820312,0.5454299449920654,1.1503620147705078,0.5471620559692383,,1.7263178825378418,0.467634916305542,1.1540741920471191,0.22046184539794922,0.23307490348815918,0.261185884475708
1042,0.23362326622009277,0.21935677528381348,0.22365903854370117,5.5651819705963135,0.25406789779663086,0.5259881019592285,0.458996057510376,0.25173020362854004,0.2260429859161377,0.5334417819976807,0.248521089553833,0.2458500862121582,0.3104581832885742,0.22968721389770508,0.23446011543273926,0.5472588539123535,0.2360827922821045,0.24935197830200195,,0.21769213676452637,0.20761585235595703,0.24336528778076172,0.4997670650482178,0.2327260971069336,0.24787521362304688,0.24553179740905762,0.2513260841369629,0.24564886093139648,0.5464670658111572,0.5323021411895752,0.21244478225708008,0.5024559497833252,0.48663997650146484,0.5148322582244873,0.5991761684417725,0.2650449275970459,0.5501151084899902,0.22128915786743164,,0.22938299179077148,0.5805177688598633,1.300961971282959,0.547619104385376,,0.5329163074493408,0.8141200542449951,2.181213140487671,0.25187087059020996,0.23270010948181152,0.8574838638305664
1043,0.23938608169555664,0.2366321086883545,0.5290679931640625,1.0963010787963867,0.22486567497253418,0.8917539119720459,0.4856748580932617,0.2326052188873291,0.21142292022705078,0.5457851886749268,0.23769879341125488,0.2225501537322998,0.21637868881225586,0.24022579193115234,0.25098490715026855,0.5473129749298096,0.2136392593383789,0.24632024765014648,,0.21884393692016602,0.46689891815185547,0.2597358226776123,0.475801944732666,0.4881560802459717,0.2643861770629883,0.21475791931152344,0.2479228973388672,0.24288606643676758,0.8951618671417236,0.509984016418457,0.23273420333862305,0.5023972988128662,0.7551710605621338,0.2338848114013672,0.25175023078918457,0.22401809692382812,0.24782490730285645,0.22904396057128906,,0.2409217357635498,0.24049997329711914,2.337236166000366,0.517751932144165,,0.9441430568695068,0.49007177352905273,0.7006220817565918,0.2512500286102295,0.23220109939575195,0.2432718276977539
1044,0.21851181983947754,0.21698594093322754,0.5008540153503418,0.8215899467468262,0.24261999130249023,0.4684720039367676,0.6587319374084473,0.2333672046661377,0.2311091423034668,1.6826789379119873,0.23135781288146973,0.2225489616394043,0.20290780067443848,0.2304239273071289,0.24009299278259277,0.5331101417541504,0.23239922523498535,0.21691608428955078,,0.21860933303833008,0.25049304962158203,1.3009910583496094,0.5253071784973145,0.21634793281555176,0.22065186500549316,0.22684073448181152,0.26332521438598633,0.24298906326293945,0.5337080955505371,0.22498607635498047,0.22850990295410156,0.5175752639770508,0.22220587730407715,0.5082719326019287,0.27698779106140137,0.22203803062438965,0.5509958267211914,0.2651350498199463,,0.23020410537719727,0.5862059593200684,2.3369498252868652,0.22413206100463867,,0.5460541248321533,0.49943113327026367,0.511958122253418,0.2527768611907959,0.24715805053710938,0.21985816955566406
1045,0.23876023292541504,0.22118401527404785,0.22276830673217773,1.1710071563720703,0.23415613174438477,0.5070948600769043,0.846315860748291,0.21251320838928223,0.2175431251525879,1.3976459503173828,0.23851609230041504,0.23978805541992188,0.24563813209533691,0.2822089195251465,0.22656583786010742,0.563007116317749,0.2147388458251953,0.5319778919219971,,0.23335003852844238,0.21152305603027344,0.24798798561096191,0.48424696922302246,0.22603297233581543,0.25087690353393555,0.21087312698364258,0.22345924377441406,0.2245168685913086,0.976686954498291,0.5243539810180664,0.24718785285949707,0.5164029598236084,0.21762299537658691,0.4578390121459961,0.25136280059814453,0.23298001289367676,0.5228490829467773,0.2920670509338379,,0.24077987670898438,0.24979496002197266,1.3581020832061768,0.23061585426330566,,1.4468028545379639,0.2362220287322998,1.215817928314209,0.2654552459716797,0.23502016067504883,0.21912384033203125
1046,0.22543001174926758,0.21688604354858398,0.7081232070922852,0.8592610359191895,0.2134559154510498,0.5184640884399414,0.2685260772705078,0.22951388359069824,0.2207479476928711,0.5313169956207275,0.23514199256896973,0.24134182929992676,0.23837900161743164,0.5042459964752197,0.2153019905090332,0.5446579456329346,0.225722074508667,0.5194098949432373,,0.21569323539733887,0.30359601974487305,0.4837520122528076,0.24578499794006348,0.229478120803833,0.24937915802001953,0.23389911651611328,0.24288415908813477,0.21715188026428223,0.5977888107299805,0.5216221809387207,0.21079397201538086,0.45659303665161133,0.21805095672607422,0.5113661289215088,0.5595142841339111,0.23382878303527832,0.2542610168457031,0.2742741107940674,,0.24326395988464355,0.22936487197875977,0.8321101665496826,0.5471377372741699,,0.5249018669128418,0.21181702613830566,1.18430495262146,0.34250783920288086,0.2494959831237793,0.24245929718017578
1047,0.26136088371276855,0.2161269187927246,0.2494492530822754,0.5028228759765625,0.2483811378479004,0.5355939865112305,0.5043749809265137,0.2168421745300293,0.21891570091247559,0.5016279220581055,0.25001072883605957,0.24270892143249512,0.23687005043029785,0.2328810691833496,0.2116258144378662,0.2561979293823242,0.22824907302856445,0.2643611431121826,,0.24579977989196777,0.4573819637298584,0.8651280403137207,0.26672887802124023,0.23203206062316895,0.2516019344329834,0.20891499519348145,0.23324990272521973,0.2429051399230957,0.5064389705657959,0.5249178409576416,0.21608996391296387,0.5050780773162842,0.2210068702697754,0.4804410934448242,0.5812561511993408,0.25121116638183594,0.54811692237854,0.5708770751953125,,0.2164289951324463,0.26374077796936035,3.065216064453125,0.4987211227416992,,2.1091792583465576,0.24945473670959473,0.5606038570404053,0.25336408615112305,0.2466440200805664,0.22729229927062988
1048,0.22208690643310547,0.22918701171875,0.5016739368438721,0.5345990657806396,0.23319602012634277,0.22528696060180664,0.4626162052154541,0.23463082313537598,0.21742796897888184,2.7974650859832764,0.22770309448242188,0.22464895248413086,0.21871280670166016,0.23813605308532715,0.2283928394317627,0.25909924507141113,0.21958589553833008,0.2859768867492676,,0.22304105758666992,0.2514650821685791,0.8177988529205322,0.23574495315551758,0.20700573921203613,0.2641119956970215,0.22548198699951172,0.2323620319366455,0.23908185958862305,0.547065019607544,0.5626940727233887,0.22364091873168945,0.5304701328277588,0.19732999801635742,0.5082459449768066,0.24750804901123047,0.23810887336730957,0.5383491516113281,0.2310488224029541,,0.2334439754486084,0.8747971057891846,1.5268688201904297,0.7884941101074219,,0.5974488258361816,0.4954559803009033,0.47342801094055176,0.2507927417755127,0.2576298713684082,0.2452220916748047
1049,0.21782517433166504,0.21557188034057617,0.5146951675415039,0.8455018997192383,0.23189401626586914,0.5295579433441162,0.8219339847564697,0.21776628494262695,0.23645305633544922,0.5332717895507812,0.21331095695495605,0.24726295471191406,1.0212531089782715,0.23837900161743164,0.22672605514526367,0.5439980030059814,0.21976399421691895,0.5293099880218506,,0.21631908416748047,0.4876689910888672,0.8302478790283203,0.251140832901001,0.21104121208190918,0.22171282768249512,0.24329710006713867,0.25386500358581543,0.24486327171325684,0.8925797939300537,0.5503849983215332,0.2445361614227295,0.520226240158081,0.4991030693054199,0.5165998935699463,0.26461005210876465,0.22588896751403809,0.5332510471343994,0.25351595878601074,,0.24065518379211426,0.5620930194854736,1.1538398265838623,0.5285470485687256,,0.9249560832977295,0.5047008991241455,1.192493200302124,0.24891281127929688,0.26187777519226074,0.22027206420898438
1050,0.24396800994873047,0.22558093070983887,0.905925989151001,7.842351913452148,0.24193811416625977,0.5319690704345703,0.44513893127441406,0.21834325790405273,0.2114567756652832,1.1117231845855713,0.24437403678894043,0.22199130058288574,0.509099006652832,0.24103093147277832,0.24105072021484375,0.5067436695098877,0.21991491317749023,0.25145602226257324,,0.23392081260681152,0.4764060974121094,0.8789730072021484,0.5174329280853271,0.23121404647827148,0.24770307540893555,0.23518586158752441,0.23637676239013672,0.22571182250976562,0.23846125602722168,0.5061969757080078,0.2471458911895752,0.5164389610290527,0.4817321300506592,0.5202128887176514,0.27262377738952637,0.2449052333831787,0.2323899269104004,0.23228788375854492,,0.22388505935668945,0.2621309757232666,1.039538860321045,1.1259357929229736,,2.4046099185943604,0.47274017333984375,1.1962270736694336,0.24866008758544922,0.23338580131530762,0.26206421852111816
1051,0.2190241813659668,0.2449951171875,0.5371439456939697,0.8310379981994629,0.23490595817565918,0.4722859859466553,0.4732189178466797,0.21860909461975098,0.2151789665222168,0.5274519920349121,0.22143793106079102,0.23564887046813965,0.23365283012390137,0.2448892593383789,0.23681116104125977,0.5750432014465332,0.21675324440002441,0.5687100887298584,,0.22080779075622559,0.5079672336578369,0.892167329788208,0.25052690505981445,0.24371790885925293,0.22146010398864746,0.2534339427947998,0.2280278205871582,0.24378585815429688,0.5457749366760254,0.5204501152038574,0.23674798011779785,0.48711585998535156,0.4701089859008789,0.4893677234649658,0.5800209045410156,0.2205350399017334,0.48475193977355957,0.5462923049926758,,0.26161909103393555,0.5603301525115967,2.228743076324463,0.5283958911895752,,2.6500821113586426,0.45470619201660156,0.5177299976348877,0.23801183700561523,0.23447585105895996,0.5008718967437744
1052,0.2372148036956787,0.22519874572753906,0.5496270656585693,0.49898600578308105,0.24580788612365723,0.4926581382751465,0.21488118171691895,0.21421384811401367,0.22844290733337402,0.5565550327301025,0.23638296127319336,0.2433462142944336,0.48284268379211426,0.5182418823242188,0.2346792221069336,0.5490682125091553,0.23702192306518555,0.5135998725891113,,0.24394583702087402,0.2181568145751953,0.8525409698486328,0.2513730525970459,0.22158503532409668,0.22054290771484375,0.23320889472961426,0.21662592887878418,0.22460508346557617,0.26715612411499023,0.5006909370422363,0.23484110832214355,0.48706889152526855,0.6858692169189453,0.4969911575317383,0.5636141300201416,0.2678840160369873,0.5284099578857422,0.2353527545928955,,0.2252810001373291,0.5496768951416016,1.1083660125732422,0.2668039798736572,,1.7921559810638428,0.23657798767089844,1.1789541244506836,0.48462629318237305,0.25264501571655273,0.21912693977355957
1053,0.2197859287261963,0.23047614097595215,0.5504119396209717,0.5022478103637695,0.2330319881439209,0.4998459815979004,0.29685091972351074,0.23189187049865723,0.2401888370513916,1.6117980480194092,0.21624207496643066,0.22426700592041016,0.2229921817779541,0.2385861873626709,0.24933290481567383,0.5335769653320312,0.21578502655029297,0.24970412254333496,,0.2160172462463379,0.46973609924316406,0.2444159984588623,1.1574616432189941,0.2194960117340088,0.26155900955200195,0.22766494750976562,0.23935699462890625,0.2575860023498535,0.89760422706604,0.2383899688720703,0.21298623085021973,0.49842095375061035,0.20147085189819336,0.512876033782959,0.5843958854675293,0.2447681427001953,0.5063378810882568,0.22316288948059082,,0.21553897857666016,0.2782149314880371,1.270995855331421,0.36851000785827637,,2.124859094619751,0.46967291831970215,0.5302929878234863,0.2246568202972412,0.26977109909057617,0.5006089210510254
1054,0.24699687957763672,0.2189939022064209,0.5473110675811768,2.7703559398651123,0.2128920555114746,0.500201940536499,0.4745490550994873,0.2171483039855957,0.24843287467956543,0.9494197368621826,0.21764588356018066,0.24599027633666992,0.7317609786987305,0.24627017974853516,0.2341458797454834,0.25626182556152344,0.24123907089233398,0.4871828556060791,,0.22195887565612793,0.25652623176574707,0.23993706703186035,0.21817684173583984,0.2309858798980713,0.26360106468200684,0.20935988426208496,0.23829102516174316,0.21675395965576172,0.509160041809082,0.5075387954711914,0.2357950210571289,0.5158581733703613,1.082045316696167,0.49641895294189453,0.25833916664123535,0.22775506973266602,0.6558549404144287,0.24298596382141113,,0.21482396125793457,0.2808818817138672,2.0125880241394043,0.5436978340148926,,1.191411018371582,0.4649801254272461,0.5559687614440918,0.27065491676330566,0.24808096885681152,0.22345805168151855
1055,0.22275185585021973,0.2129049301147461,0.6087491512298584,0.6195447444915771,0.24243998527526855,1.0815989971160889,0.6122870445251465,0.22415900230407715,0.2370152473449707,0.582617998123169,0.22041988372802734,0.22345280647277832,0.22283387184143066,0.25363993644714355,0.21202588081359863,0.2579929828643799,0.2246699333190918,0.501068115234375,,0.2343611717224121,0.22877287864685059,0.8419578075408936,0.4939088821411133,0.20915889739990234,0.23210597038269043,0.24385809898376465,0.21803784370422363,0.2267298698425293,0.4978630542755127,0.54575514793396,0.2518157958984375,0.5027892589569092,0.47539615631103516,0.5205049514770508,0.24626898765563965,0.24416184425354004,0.5286030769348145,0.249161958694458,,0.24482464790344238,0.5803048610687256,0.8144049644470215,0.5666770935058594,,1.5305111408233643,0.21825623512268066,0.5306830406188965,0.22891497611999512,0.2465667724609375,0.5161149501800537
1056,0.24003195762634277,0.2418360710144043,0.4676191806793213,8.632109642028809,0.23564624786376953,0.510612964630127,0.5057787895202637,0.5086879730224609,0.2333991527557373,2.1678500175476074,0.21415925025939941,0.25987672805786133,0.24759602546691895,0.25949716567993164,0.23504018783569336,0.5662157535552979,0.21608710289001465,0.5325479507446289,,0.2509791851043701,0.4698750972747803,0.26450109481811523,0.45903706550598145,0.22480106353759766,0.23145508766174316,0.2579531669616699,0.2485518455505371,0.2448291778564453,0.5622892379760742,0.5295307636260986,0.22522592544555664,0.5175161361694336,0.23977398872375488,0.5151970386505127,0.5805158615112305,0.250028133392334,0.5319609642028809,0.5848910808563232,,0.2475898265838623,0.26541590690612793,2.5084500312805176,0.5668110847473145,,0.5281240940093994,0.5230820178985596,0.5008189678192139,0.2610056400299072,0.2766079902648926,0.5010650157928467
1057,0.2457120418548584,0.22905492782592773,1.1842799186706543,16.62917995452881,0.25301504135131836,0.21193814277648926,0.22217607498168945,0.2515602111816406,0.2125239372253418,0.5803017616271973,0.2631549835205078,0.22422504425048828,0.2362990379333496,0.23616981506347656,0.23839211463928223,0.5288548469543457,0.23631882667541504,0.262803316116333,,0.25129008293151855,0.20753884315490723,0.8818397521972656,0.21271085739135742,0.2119131088256836,0.2383289337158203,0.2155590057373047,0.22260665893554688,0.22142481803894043,0.9752452373504639,0.536067008972168,0.24457192420959473,0.49402332305908203,0.4862940311431885,0.5184738636016846,0.5907447338104248,0.2655322551727295,0.5222418308258057,0.5532970428466797,,0.23801493644714355,0.6130437850952148,2.285630941390991,0.5272700786590576,,1.4593989849090576,0.25774097442626953,0.48220109939575195,0.24219870567321777,0.2503530979156494,0.5018918514251709
1058,0.21883106231689453,0.23049402236938477,0.4995300769805908,0.060675859451293945,0.23572182655334473,0.5267429351806641,0.24747681617736816,0.23360800743103027,0.2355787754058838,2.3116447925567627,0.21965789794921875,0.21909713745117188,0.2009720802307129,0.23563861846923828,0.2479097843170166,0.5521681308746338,0.2174818515777588,0.5167419910430908,,0.24935388565063477,0.5583748817443848,0.2818129062652588,0.23116207122802734,0.23318815231323242,0.24195408821105957,0.2341148853302002,0.2443561553955078,0.23706603050231934,0.5120871067047119,0.5098369121551514,0.23185205459594727,0.5047218799591064,0.4686279296875,0.5069272518157959,0.2703838348388672,0.22389698028564453,0.4809532165527344,0.23088312149047852,,0.22737884521484375,0.264786958694458,1.6104967594146729,0.5623397827148438,,1.5771057605743408,0.5938067436218262,0.5500071048736572,0.23859500885009766,0.2801187038421631,0.22004318237304688
1059,0.2385249137878418,0.22098207473754883,0.23686718940734863,13.270465850830078,0.22888779640197754,0.5730409622192383,0.45758891105651855,0.2122960090637207,0.25078773498535156,1.2498319149017334,0.21897006034851074,0.2435610294342041,0.48785877227783203,0.49637293815612793,0.23903417587280273,0.5491838455200195,0.21937203407287598,0.24374890327453613,,0.2468719482421875,0.20294713973999023,0.4231910705566406,1.1048061847686768,0.24153995513916016,0.22153711318969727,0.23212790489196777,0.23177289962768555,0.24294805526733398,1.1662302017211914,0.5413849353790283,0.23451614379882812,0.5191540718078613,0.4687917232513428,0.5434780120849609,0.5602469444274902,0.22278404235839844,0.23687124252319336,0.2387549877166748,,0.2413020133972168,0.9476149082183838,1.0814306735992432,0.5274488925933838,,2.0985429286956787,0.23435115814208984,0.4971599578857422,0.21935009956359863,0.27319812774658203,0.5031442642211914
1060,0.23044776916503906,0.21638202667236328,0.42093682289123535,16.363718032836914,0.23000884056091309,0.5479762554168701,0.4826490879058838,0.4905669689178467,0.2346038818359375,0.6213390827178955,0.21631526947021484,0.2221829891204834,0.24250102043151855,0.22732210159301758,0.2340087890625,0.565075159072876,0.2120497226715088,0.22987079620361328,,0.24107909202575684,0.23514866828918457,0.3238399028778076,0.222991943359375,0.23787999153137207,0.23358607292175293,0.22932720184326172,0.21738815307617188,0.2253739833831787,0.5176081657409668,0.478107213973999,0.25154709815979004,0.5738239288330078,0.46148204803466797,0.518012285232544,0.6028311252593994,0.22899198532104492,0.26146793365478516,0.23031091690063477,,0.23560285568237305,0.27607083320617676,1.6033101081848145,0.5335090160369873,,0.5015730857849121,0.8872637748718262,0.5278360843658447,0.21781206130981445,0.25550222396850586,0.23293304443359375
1061,0.24237775802612305,0.2229907512664795,0.4887430667877197,1.0526788234710693,0.22023987770080566,0.7224619388580322,0.4813041687011719,0.2507760524749756,0.23621034622192383,0.5485880374908447,0.2256157398223877,0.2638840675354004,0.20015311241149902,0.26020097732543945,0.22890591621398926,0.5713469982147217,0.22194576263427734,0.23406386375427246,,0.22220206260681152,0.23319005966186523,0.23624086380004883,0.5044379234313965,0.21673321723937988,0.24493193626403809,0.2240309715270996,0.24251008033752441,0.21890997886657715,0.9149739742279053,0.5485749244689941,0.21295166015625,0.5160379409790039,0.4252207279205322,0.501025915145874,0.5206878185272217,0.24489998817443848,0.5139799118041992,0.24808096885681152,,0.24309563636779785,0.47380614280700684,1.1662049293518066,0.5520720481872559,,0.5451750755310059,0.46198010444641113,1.1429009437561035,0.23319029808044434,0.2649228572845459,0.2483670711517334
1062,0.23806309700012207,0.2119297981262207,0.24224424362182617,2.751805067062378,0.25038671493530273,0.48853397369384766,0.5340631008148193,0.530731201171875,0.23767304420471191,0.9005067348480225,0.25386643409729004,0.24792170524597168,0.36594581604003906,0.22370290756225586,0.21222400665283203,0.5749819278717041,0.24800992012023926,0.5077059268951416,,0.23839282989501953,0.4627387523651123,0.8825507164001465,0.24326419830322266,0.20912885665893555,0.25100088119506836,0.21195411682128906,0.22412586212158203,0.23969674110412598,0.49890875816345215,0.37549710273742676,0.2348790168762207,0.5548279285430908,0.2032790184020996,0.501948356628418,0.24791693687438965,0.23897290229797363,0.2397289276123047,0.22333717346191406,,0.21445393562316895,0.5737171173095703,0.5651021003723145,0.5443971157073975,,1.1920239925384521,0.24105429649353027,0.5653328895568848,0.21862125396728516,0.2623870372772217,0.24928879737854004
1063,0.2473158836364746,0.2582888603210449,0.25174903869628906,10.356014728546143,0.23418211936950684,0.4845287799835205,0.48450398445129395,0.236572265625,0.23376989364624023,1.5241680145263672,0.21455597877502441,0.22438383102416992,0.22056794166564941,0.2437119483947754,0.2502460479736328,0.5558183193206787,0.2193467617034912,0.5533430576324463,,0.22669410705566406,0.4547998905181885,0.8534810543060303,0.21390080451965332,0.21343302726745605,0.27289676666259766,0.22841215133666992,0.21654915809631348,0.23961281776428223,1.213526964187622,0.5357608795166016,0.22545289993286133,0.49864816665649414,0.4677238464355469,0.8524990081787109,0.2656748294830322,0.2465076446533203,0.23118209838867188,0.6105427742004395,,0.23812198638916016,0.525183916091919,1.0904479026794434,0.525439977645874,,0.534747838973999,0.3816089630126953,1.1801080703735352,0.22035503387451172,0.2897331714630127,0.5061922073364258
1064,0.2485339641571045,0.23476123809814453,0.5149979591369629,1.120802879333496,0.23675894737243652,0.5087752342224121,0.2660670280456543,0.23585200309753418,0.2475416660308838,0.934345006942749,0.23806428909301758,0.24467802047729492,0.2442159652709961,1.1853840351104736,0.24212217330932617,0.5259461402893066,0.21554303169250488,0.5438909530639648,,0.24101495742797852,0.2508358955383301,0.8811991214752197,0.2376258373260498,0.22787213325500488,0.23991918563842773,0.21186590194702148,0.2343311309814453,0.2500770092010498,0.502763032913208,0.5474050045013428,0.21580910682678223,0.4866518974304199,0.6960198879241943,4.049384832382202,0.2919900417327881,0.25145602226257324,0.5385699272155762,0.23782110214233398,,0.23672771453857422,0.26279401779174805,1.0660741329193115,0.5638630390167236,,2.7814619541168213,0.21448111534118652,0.5559871196746826,0.24942803382873535,0.2766082286834717,0.4887430667877197
1065,0.2183821201324463,0.23639893531799316,0.4999358654022217,5.586843967437744,0.23314976692199707,0.5048441886901855,0.4913899898529053,0.234328031539917,0.2123420238494873,0.5556941032409668,0.22727608680725098,0.21962213516235352,0.1999068260192871,1.5402491092681885,0.23342013359069824,1.2581088542938232,0.2212679386138916,0.5127527713775635,,0.24853014945983887,0.45229601860046387,0.24587106704711914,0.21190285682678223,0.22570395469665527,0.22644400596618652,0.23232793807983398,0.21906423568725586,0.21872830390930176,0.5200929641723633,0.5503439903259277,0.23584890365600586,0.24468374252319336,0.23717021942138672,2.1240057945251465,0.5642998218536377,0.24834990501403809,0.26094508171081543,0.24071192741394043,,0.23711895942687988,0.550584077835083,0.8448288440704346,0.24771475791931152,,0.5013439655303955,0.26365089416503906,0.5045309066772461,0.22182917594909668,0.27132701873779297,0.23168087005615234
1066,0.21896076202392578,0.23598003387451172,0.5437431335449219,1.1748981475830078,0.2399599552154541,0.22256803512573242,0.4612429141998291,0.47991108894348145,0.23720383644104004,0.548724889755249,0.24422597885131836,0.23591113090515137,0.23691487312316895,0.2481672763824463,0.23775100708007812,0.5237782001495361,0.21695780754089355,0.5566120147705078,,0.23760199546813965,0.49904489517211914,0.2524840831756592,0.8246808052062988,0.2337050437927246,0.21998906135559082,0.25496983528137207,0.2370760440826416,0.24977397918701172,0.5484452247619629,0.5514118671417236,0.21775221824645996,0.5030672550201416,0.48432421684265137,0.9054436683654785,0.27510809898376465,0.22121882438659668,0.5270547866821289,0.2239062786102295,,0.2514481544494629,0.23867177963256836,1.034844160079956,0.5205600261688232,,0.9561972618103027,0.4985840320587158,0.2619438171386719,0.2348949909210205,0.2687852382659912,0.2641782760620117
1067,0.2598879337310791,0.23470115661621094,0.23035812377929688,2.7445688247680664,0.24624204635620117,0.4665379524230957,0.23171615600585938,0.23506808280944824,0.23514103889465332,0.5514180660247803,0.24200081825256348,0.24552702903747559,0.20437288284301758,0.25268006324768066,0.2352149486541748,1.2124619483947754,0.2288978099822998,0.239271879196167,,0.22753286361694336,0.4937920570373535,0.5628511905670166,0.43036913871765137,0.23883986473083496,0.2365889549255371,0.22336483001708984,0.21661710739135742,0.22117900848388672,0.9168713092803955,0.565767765045166,0.21815872192382812,0.5096850395202637,0.2113170623779297,0.9266719818115234,0.5756709575653076,0.2622978687286377,1.2147128582000732,0.25116801261901855,,0.22831487655639648,0.24692702293395996,1.1199009418487549,0.2378990650177002,,0.5078558921813965,0.2410869598388672,1.1881048679351807,0.2480182647705078,0.25389885902404785,0.4866178035736084
1068,0.22084403038024902,0.24981999397277832,0.29892516136169434,2.473896026611328,0.2286081314086914,0.2677481174468994,0.48894309997558594,0.2323310375213623,0.23662090301513672,0.5209610462188721,0.2389378547668457,0.22010016441345215,0.30825328826904297,0.23043584823608398,0.25145792961120605,1.2226500511169434,0.21370387077331543,0.6348459720611572,,0.21585488319396973,0.4656813144683838,0.24464988708496094,0.5458009243011475,0.2234799861907959,0.24989914894104004,0.20935487747192383,0.24068474769592285,0.233320951461792,0.5302762985229492,0.5675251483917236,0.2092761993408203,0.4862051010131836,0.24536895751953125,0.22812104225158691,0.5690648555755615,0.22374606132507324,0.5328571796417236,0.5483078956604004,,0.23165273666381836,0.5626118183135986,0.5477252006530762,0.5253047943115234,,1.1459598541259766,0.2180798053741455,0.5285019874572754,0.2672560214996338,0.28053784370422363,0.24965596199035645
1069,0.2191770076751709,0.2269151210784912,0.5332520008087158,2.7294328212738037,0.21245694160461426,0.22917985916137695,0.4894719123840332,0.24140429496765137,0.24865412712097168,0.8895959854125977,0.23613905906677246,0.24980616569519043,0.48672008514404297,0.9184050559997559,0.21038079261779785,0.5533099174499512,0.21473097801208496,0.2624340057373047,,0.24272775650024414,0.6012022495269775,0.28549814224243164,0.8606991767883301,0.21075105667114258,0.23842787742614746,0.21110296249389648,0.2451028823852539,0.22917485237121582,0.5498690605163574,0.523859977722168,0.2177891731262207,0.5328011512756348,0.22225093841552734,0.8586580753326416,0.24564099311828613,0.24713611602783203,0.9424111843109131,0.536344051361084,,0.2143857479095459,0.25328588485717773,0.5923080444335938,0.5512771606445312,,1.144347906112671,0.48081302642822266,0.9418289661407471,0.2519869804382324,0.26933908462524414,0.2584547996520996
1070,0.24609899520874023,0.21417713165283203,0.4879012107849121,1.4910991191864014,0.2155447006225586,0.4998939037322998,0.2398529052734375,0.25975608825683594,0.23676109313964844,0.5526831150054932,0.2316148281097412,0.24867630004882812,0.5062038898468018,0.2500159740447998,0.2128591537475586,0.5422787666320801,0.22362017631530762,0.25995683670043945,,0.24250388145446777,0.5083310604095459,0.24317121505737305,0.4893331527709961,0.21308493614196777,0.22364187240600586,0.21544194221496582,0.23831796646118164,0.22075700759887695,0.5673649311065674,0.5254051685333252,0.2356579303741455,0.5065820217132568,0.47591614723205566,1.0701370239257812,0.5549478530883789,0.2503089904785156,0.530357837677002,0.24959421157836914,,0.24714088439941406,0.2469468116760254,0.5559618473052979,1.1653292179107666,,0.9309091567993164,0.23067688941955566,0.5680789947509766,0.2518179416656494,0.2752208709716797,0.22259998321533203
1071,0.22396636009216309,0.24283289909362793,0.4842689037322998,0.9787399768829346,0.21707606315612793,0.20253610610961914,0.4429802894592285,0.4919898509979248,0.23367786407470703,1.5300779342651367,0.2159276008605957,0.23946785926818848,1.0494129657745361,0.23025298118591309,0.21514582633972168,0.5803251266479492,0.2449638843536377,0.23668813705444336,,0.24140691757202148,0.26455092430114746,0.247053861618042,0.2673616409301758,0.225294828414917,0.24796605110168457,0.23988604545593262,0.23756694793701172,0.2477560043334961,0.31526613235473633,0.49295997619628906,0.21533489227294922,0.5242199897766113,0.22600483894348145,1.5068280696868896,0.5668537616729736,0.24945306777954102,0.702347993850708,0.23009300231933594,,0.23553109169006348,0.5561411380767822,0.5773618221282959,0.5820469856262207,,1.271484136581421,0.5339992046356201,0.5276391506195068,0.24832701683044434,0.25684213638305664,0.48845601081848145
1072,0.2571730613708496,0.22609210014343262,0.22684907913208008,3.7065160274505615,0.24817824363708496,0.5340406894683838,0.23609089851379395,0.24009203910827637,0.21248888969421387,5.071130752563477,0.2518126964569092,0.2422800064086914,0.23705697059631348,0.4385960102081299,0.22506999969482422,0.558107852935791,0.23908686637878418,0.2596108913421631,,0.22859597206115723,0.48569822311401367,0.5412089824676514,0.22874808311462402,0.22792673110961914,0.2490978240966797,0.21743321418762207,0.22406387329101562,0.22127699851989746,0.5331072807312012,0.2342519760131836,0.23027491569519043,0.4760551452636719,0.2444758415222168,0.2811319828033447,0.24946188926696777,0.24027490615844727,0.5296657085418701,0.2232189178466797,,0.2157599925994873,0.2630457878112793,1.7090659141540527,0.8535799980163574,,0.529731035232544,0.47801804542541504,0.5458612442016602,0.24118876457214355,0.3010396957397461,0.22340893745422363
1073,0.21878814697265625,0.2333378791809082,0.5136330127716064,1.1328630447387695,0.23358511924743652,0.5494790077209473,0.22461700439453125,0.2642498016357422,0.2324984073638916,0.8829958438873291,0.23290395736694336,0.22121214866638184,0.48159098625183105,0.547914981842041,0.23017001152038574,0.5683770179748535,0.219160795211792,0.2382338047027588,,0.24921798706054688,0.46662116050720215,0.23647403717041016,0.5141470432281494,0.21618890762329102,0.259688138961792,0.21593904495239258,0.2370901107788086,0.26155805587768555,0.2548410892486572,0.515394926071167,0.23907208442687988,0.5165467262268066,0.20721793174743652,0.8820910453796387,0.27060484886169434,0.2348780632019043,0.5181541442871094,0.2540581226348877,,0.21970105171203613,0.2631947994232178,1.4750900268554688,0.8668918609619141,,0.5019557476043701,0.5298306941986084,0.8968081474304199,0.22603917121887207,0.2571530342102051,0.3611891269683838
1074,0.22762012481689453,0.21267199516296387,0.5441029071807861,3.6634011268615723,0.23649978637695312,0.4697260856628418,0.25580573081970215,0.8572700023651123,0.2568371295928955,0.5145471096038818,0.2385399341583252,0.22314190864562988,0.24232697486877441,0.23346686363220215,0.2239396572113037,2.163802146911621,0.2177140712738037,0.8796069622039795,,0.24217915534973145,0.4858438968658447,0.21247506141662598,0.2466869354248047,0.253587007522583,0.22289419174194336,0.23298311233520508,0.23206686973571777,0.22432518005371094,0.5438621044158936,0.5406889915466309,0.2343442440032959,0.5149111747741699,0.2502479553222656,1.2048001289367676,0.2576110363006592,0.22131609916687012,0.5333168506622314,0.27956604957580566,,0.2207038402557373,0.2383561134338379,1.3177399635314941,0.5274529457092285,,1.8714239597320557,0.4984259605407715,0.5280900001525879,0.2527601718902588,0.2632913589477539,0.23896288871765137
1075,0.2441239356994629,0.22660088539123535,0.5322680473327637,0.8408849239349365,0.22764801979064941,0.4871339797973633,0.5020802021026611,0.2353672981262207,0.23104524612426758,0.8493540287017822,0.2295241355895996,0.24538707733154297,0.48535609245300293,0.5589427947998047,0.21459722518920898,0.5482118129730225,0.22414898872375488,0.23538708686828613,,0.2374417781829834,0.29427504539489746,1.1798241138458252,0.22325825691223145,0.23450493812561035,0.22653508186340332,0.23136377334594727,0.24158811569213867,0.24070382118225098,0.23359394073486328,0.4998180866241455,0.24795103073120117,0.5316939353942871,0.22878003120422363,0.852442741394043,0.2597339153289795,0.2328178882598877,0.5608570575714111,0.25198912620544434,,0.24298691749572754,0.26610422134399414,2.1568901538848877,0.553292989730835,,0.4954679012298584,0.23669910430908203,0.4814639091491699,0.266510009765625,0.2733790874481201,0.23154211044311523
1076,0.22286415100097656,0.23949909210205078,0.48952507972717285,0.807960033416748,0.21208500862121582,0.2195451259613037,0.5165979862213135,0.21240711212158203,0.24167871475219727,0.5159668922424316,0.24106097221374512,0.237562894821167,0.4539341926574707,0.24088597297668457,0.21782302856445312,0.5490639209747314,0.2375490665435791,0.2455580234527588,,0.2529010772705078,0.29623985290527344,0.49700093269348145,0.21364402770996094,0.21096491813659668,0.24281811714172363,0.22669601440429688,0.22656679153442383,0.21813011169433594,0.5104250907897949,0.54298996925354,0.21404099464416504,0.5171520709991455,0.5193958282470703,0.846858024597168,0.5592000484466553,0.23414111137390137,0.9183580875396729,0.23360800743103027,,0.22957801818847656,0.28095221519470215,1.40391206741333,0.5464730262756348,,0.5731329917907715,0.4987611770629883,0.49476194381713867,0.5006148815155029,0.2579209804534912,0.8698468208312988
1077,0.26116204261779785,0.21138525009155273,0.5191731452941895,0.8093986511230469,0.253140926361084,0.2900872230529785,0.5058391094207764,0.2505970001220703,0.22055411338806152,2.1145429611206055,0.24200105667114258,0.24479007720947266,0.4693000316619873,0.8879072666168213,0.21042299270629883,0.530128002166748,0.23844099044799805,0.25654029846191406,,0.2517368793487549,0.22308897972106934,0.4994630813598633,0.365131139755249,0.2204277515411377,0.22568774223327637,0.23672890663146973,0.23485374450683594,0.2244858741760254,0.8759579658508301,0.8576908111572266,0.237929105758667,0.4988741874694824,0.47843384742736816,1.485191822052002,0.29007816314697266,0.25042104721069336,0.5281038284301758,0.5294439792633057,,0.2270030975341797,0.2658092975616455,2.092744827270508,0.8836796283721924,,0.5343048572540283,0.22480106353759766,2.8052279949188232,0.22547674179077148,0.2947702407836914,0.5035691261291504
1078,0.22298312187194824,0.255033016204834,0.502295970916748,1.5165328979492188,0.24050688743591309,1.0769290924072266,0.21546101570129395,0.47364282608032227,0.22247791290283203,0.5674717426300049,0.21363425254821777,0.22395586967468262,0.21817278861999512,0.2481222152709961,0.23094701766967773,1.2005729675292969,0.21788287162780762,0.24306702613830566,,0.24699807167053223,0.48787403106689453,0.5061190128326416,0.1980578899383545,0.23751401901245117,0.2633647918701172,0.2342360019683838,0.2426590919494629,0.26328492164611816,1.156205177307129,0.2434999942779541,0.2288980484008789,0.5197238922119141,0.21949291229248047,1.134031057357788,0.5909848213195801,0.23523902893066406,0.5312991142272949,0.2389512062072754,,0.2190999984741211,0.2634310722351074,2.0134270191192627,0.2370607852935791,,1.1305439472198486,0.45354390144348145,0.5376558303833008,0.23840618133544922,0.5395960807800293,0.5179457664489746
1079,0.2180347442626953,0.2304551601409912,0.5528731346130371,0.8600060939788818,0.2345108985900879,1.748626708984375,0.4911353588104248,0.32520508766174316,0.2567009925842285,2.2425649166107178,0.23858880996704102,0.24569988250732422,0.21963167190551758,0.2505478858947754,0.2280738353729248,0.23784589767456055,0.2165992259979248,0.25452685356140137,,0.22361278533935547,0.46393394470214844,0.49255919456481934,0.8289830684661865,0.23816394805908203,0.25256991386413574,0.2454087734222412,0.24255990982055664,0.22116804122924805,0.2090470790863037,0.5082838535308838,0.2389240264892578,0.4717721939086914,0.2026979923248291,1.2105839252471924,0.2742629051208496,0.22825407981872559,0.5010249614715576,0.24561429023742676,,0.2171478271484375,0.26638007164001465,1.076564073562622,0.888390064239502,,7.048706769943237,0.4843299388885498,0.5277531147003174,0.2168130874633789,0.26038098335266113,0.5448999404907227
1080,0.21927690505981445,0.24109506607055664,0.7671277523040771,3.394753932952881,0.23681306838989258,0.5196259021759033,0.5093450546264648,1.1336650848388672,0.21453213691711426,0.5490469932556152,0.2386491298675537,0.22146821022033691,0.21630001068115234,0.520557165145874,0.2411348819732666,0.5485329627990723,0.21776795387268066,0.24100708961486816,,0.25519394874572754,0.5126941204071045,0.2086489200592041,0.46355605125427246,0.22670602798461914,0.23944592475891113,0.21880507469177246,0.24573016166687012,0.24778103828430176,0.2632269859313965,0.5253639221191406,0.25118589401245117,0.5184838771820068,0.477154016494751,0.5183742046356201,0.2521960735321045,0.23598217964172363,1.2231338024139404,0.2227318286895752,,0.22027301788330078,0.25798511505126953,0.5348918437957764,0.49906396865844727,,14.54482388496399,0.5023958683013916,1.576319932937622,0.22476816177368164,0.2883310317993164,0.22213506698608398
1081,0.2432260513305664,0.22864174842834473,0.25301361083984375,4.35706901550293,0.233536958694458,1.1286778450012207,0.4884378910064697,0.4838449954986572,0.22601580619812012,1.6352341175079346,0.23124408721923828,0.2665219306945801,0.23978090286254883,0.2546231746673584,0.2351973056793213,0.564337968826294,0.2210228443145752,0.556769847869873,,0.22876381874084473,0.49083614349365234,0.4993710517883301,0.45493388175964355,0.23915481567382812,0.22378802299499512,0.23127198219299316,0.2191298007965088,0.22179889678955078,0.23970270156860352,1.5841898918151855,0.23499512672424316,0.5322761535644531,0.8419551849365234,0.8932769298553467,0.2725188732147217,0.22207188606262207,0.495161771774292,0.34537315368652344,,0.2346789836883545,0.2612721920013428,2.9036877155303955,0.5193920135498047,,18.153269052505493,0.5094358921051025,0.5379531383514404,0.2521212100982666,0.5744788646697998,0.22754311561584473
1082,0.24104022979736328,0.23881769180297852,0.5032439231872559,1.437370777130127,0.24512100219726562,0.5043199062347412,0.5650248527526855,0.21416616439819336,0.21360087394714355,1.6126861572265625,0.2542428970336914,0.24948501586914062,0.48502397537231445,0.23080801963806152,0.23597168922424316,0.5810708999633789,0.22825002670288086,0.5167140960693359,,0.2312469482421875,0.45244312286376953,0.8864781856536865,0.21848607063293457,0.2357029914855957,0.22326922416687012,0.2301170825958252,0.24904489517211914,0.23567700386047363,0.46740007400512695,0.20967984199523926,0.22630906105041504,0.5154640674591064,0.5175716876983643,0.8495082855224609,0.566464900970459,0.2492539882659912,0.5444231033325195,0.5769650936126709,,0.2208859920501709,0.23316693305969238,0.6039140224456787,0.48976683616638184,,0.6037068367004395,0.5248110294342041,0.5323171615600586,0.24928784370422363,0.9401371479034424,0.22849297523498535
1083,0.2453138828277588,0.24886703491210938,0.28571200370788574,0.8168158531188965,0.21256804466247559,0.4745011329650879,0.4976680278778076,0.2183399200439453,0.21873188018798828,0.5660629272460938,0.23132801055908203,0.22123289108276367,0.603632926940918,0.25951123237609863,0.24811887741088867,0.5802478790283203,0.2175920009613037,0.4992220401763916,,0.2182788848876953,0.4718160629272461,0.2448139190673828,0.2203519344329834,2.3969998359680176,0.2649359703063965,0.20961308479309082,0.2530539035797119,0.23445391654968262,0.22415423393249512,0.5199332237243652,0.21281003952026367,0.7798311710357666,0.24801874160766602,0.2516937255859375,0.24764275550842285,0.2336580753326416,0.9142601490020752,0.29933810234069824,,0.23454594612121582,0.2635636329650879,1.1571359634399414,0.552980899810791,,0.5283670425415039,0.2548410892486572,0.533207893371582,0.2836930751800537,0.5372762680053711,0.31376218795776367
1084,0.22312378883361816,0.2297379970550537,1.2728228569030762,1.8268072605133057,0.23678088188171387,0.5035560131072998,0.5239729881286621,0.252147912979126,0.24294185638427734,0.5842030048370361,0.2380678653717041,0.24675297737121582,0.22183704376220703,0.23183417320251465,0.20920920372009277,0.5615212917327881,0.21946215629577637,0.5164659023284912,,0.24539995193481445,0.4850459098815918,2.4537692070007324,0.21557307243347168,0.8993809223175049,0.25688815116882324,0.22804522514343262,0.267564058303833,0.24027013778686523,0.22873902320861816,0.5445561408996582,0.24474501609802246,0.4960508346557617,0.5293776988983154,1.5606400966644287,0.5734908580780029,0.22926092147827148,1.5516259670257568,0.23049211502075195,,0.21421408653259277,0.2334592342376709,2.660262107849121,0.5330193042755127,,4.363924980163574,0.22835016250610352,2.9961752891540527,0.2503318786621094,0.45386505126953125,0.4963493347167969
1085,0.2464580535888672,0.21581220626831055,0.265178918838501,2.7322118282318115,0.2382519245147705,1.1083710193634033,0.5293071269989014,0.21769475936889648,0.23837590217590332,2.3510332107543945,0.21614599227905273,0.22223377227783203,0.24754786491394043,0.5308101177215576,0.2339017391204834,0.5258688926696777,0.21935272216796875,0.26633596420288086,,0.23715925216674805,0.2414999008178711,0.524465799331665,0.22312068939208984,0.8680310249328613,0.2359757423400879,0.21833300590515137,0.24970483779907227,0.2229170799255371,0.5527188777923584,0.5523021221160889,0.25206494331359863,0.5098931789398193,0.2402513027191162,0.8468499183654785,0.385084867477417,0.24120187759399414,0.7766647338867188,0.24096393585205078,,0.24283313751220703,0.26227521896362305,0.6273548603057861,0.5378580093383789,,5.698494911193848,0.4038369655609131,0.36655402183532715,0.24883198738098145,0.27167606353759766,0.5143082141876221
1086,0.2215571403503418,0.23885631561279297,0.5678870677947998,1.7699482440948486,0.23643803596496582,0.6227090358734131,0.4822978973388672,0.2155752182006836,0.22955989837646484,0.9146709442138672,0.2212200164794922,0.25985193252563477,0.34499406814575195,0.8492767810821533,0.2396249771118164,0.5520741939544678,0.21803498268127441,0.518143892288208,,0.2175312042236328,0.4753868579864502,0.47765135765075684,0.27132582664489746,0.21982789039611816,0.22783994674682617,0.23078298568725586,0.2539548873901367,0.2467801570892334,1.150679111480713,0.502432107925415,0.2247180938720703,0.9029560089111328,0.5083458423614502,0.544837236404419,0.2693769931793213,0.2273693084716797,0.5460860729217529,0.23977994918823242,,0.24245882034301758,0.5307772159576416,3.6295180320739746,0.4913961887359619,,1.1995041370391846,0.48198819160461426,0.5622601509094238,0.22147607803344727,0.2662229537963867,0.5427570343017578
1087,0.25900888442993164,0.23550796508789062,0.5000288486480713,0.8466200828552246,0.2503852844238281,0.22185397148132324,0.23441839218139648,0.23524093627929688,0.21152734756469727,3.95007586479187,0.23176097869873047,0.22408485412597656,0.24511003494262695,0.7987771034240723,0.23734378814697266,1.2060580253601074,0.2321617603302002,0.538459300994873,,0.24779701232910156,0.4996769428253174,0.5353488922119141,0.4795351028442383,0.2133471965789795,0.24756717681884766,0.23278403282165527,0.24626803398132324,0.22294998168945312,0.23259902000427246,0.5093100070953369,0.2432560920715332,0.5402181148529053,0.4973301887512207,0.9139149188995361,0.2482929229736328,0.2500419616699219,0.5278472900390625,0.22443699836730957,,0.24366521835327148,0.24408674240112305,1.0713181495666504,0.5143229961395264,,0.5598831176757812,0.501478910446167,0.5208749771118164,0.24644899368286133,0.27139830589294434,0.44022417068481445
1088,0.21764016151428223,0.24974989891052246,0.22115802764892578,1.1450092792510986,0.23528122901916504,0.2303929328918457,0.5187277793884277,0.4743800163269043,0.24272990226745605,4.99757981300354,0.2193291187286377,0.22201085090637207,0.2324380874633789,0.2391068935394287,0.25069212913513184,0.5787358283996582,0.2175140380859375,0.5388140678405762,,0.22387290000915527,0.46799588203430176,0.5492639541625977,0.4956848621368408,0.23372817039489746,0.2603268623352051,0.24071621894836426,0.2386157512664795,0.2635788917541504,0.25164318084716797,0.5185379981994629,0.23538923263549805,0.4810340404510498,0.49677395820617676,0.8872811794281006,0.6081809997558594,0.22195219993591309,0.9378879070281982,0.24019670486450195,,0.22918176651000977,0.23815107345581055,0.6351187229156494,0.5783958435058594,,0.5309829711914062,0.5247979164123535,1.1783668994903564,0.253248929977417,0.2707939147949219,0.2566041946411133
1089,0.23008203506469727,0.23603487014770508,0.2607390880584717,1.8094658851623535,0.23567819595336914,0.4719359874725342,0.5201258659362793,0.2122359275817871,0.2506520748138428,0.9310719966888428,0.22045421600341797,0.2454698085784912,0.5185079574584961,0.2502400875091553,0.23594903945922852,2.1672987937927246,0.21342015266418457,0.5641710758209229,,0.23434710502624512,0.45422792434692383,0.5294570922851562,0.4608728885650635,0.21079778671264648,0.22336101531982422,0.21860194206237793,0.23630690574645996,0.22018098831176758,0.2331221103668213,0.23390698432922363,0.22956609725952148,0.5130279064178467,0.5014839172363281,4.513207197189331,0.24947786331176758,0.235029935836792,0.5471799373626709,0.2286231517791748,,0.24027705192565918,0.25449228286743164,2.3971149921417236,0.37066102027893066,,11.514699935913086,0.5019559860229492,0.9337949752807617,0.28499627113342285,0.32223987579345703,0.2391669750213623
1090,0.24132919311523438,0.23677992820739746,0.4869351387023926,3.918379068374634,0.21118593215942383,0.49552202224731445,0.48914003372192383,0.5283317565917969,0.2365729808807373,1.9782812595367432,0.2177567481994629,0.250640869140625,0.25037288665771484,0.2489919662475586,0.2350139617919922,0.25708913803100586,0.22258400917053223,0.2664971351623535,,0.23743677139282227,0.300494909286499,0.5383720397949219,0.23981904983520508,0.5136499404907227,0.22345805168151855,0.21032285690307617,0.23396897315979004,0.21819782257080078,1.1459629535675049,0.4953179359436035,0.23242783546447754,0.4994080066680908,0.2793300151824951,0.8620331287384033,0.6195368766784668,0.2296600341796875,0.530656099319458,0.2588672637939453,,0.22852087020874023,0.26851892471313477,1.8234291076660156,0.22764301300048828,,1.1199228763580322,0.223006010055542,0.5342340469360352,0.2641310691833496,0.26787304878234863,0.531879186630249
1091,0.22270894050598145,0.22576594352722168,0.5608377456665039,3.7618041038513184,0.23208880424499512,0.4846227169036865,0.5330448150634766,0.22339987754821777,0.2360379695892334,0.580406904220581,0.24468088150024414,0.2658529281616211,0.8011500835418701,0.234619140625,0.20919418334960938,0.2371530532836914,0.24728608131408691,0.5166289806365967,,0.22797393798828125,0.3355679512023926,0.5024802684783936,0.49678802490234375,0.2319800853729248,0.24619507789611816,0.23270010948181152,0.23784208297729492,0.24614191055297852,0.5209360122680664,0.5297141075134277,0.23582005500793457,0.5108809471130371,0.20522403717041016,0.8815209865570068,0.5747668743133545,0.24253320693969727,0.9326720237731934,0.2946949005126953,,0.2324991226196289,0.5982568264007568,1.2871038913726807,0.5021071434020996,,0.5488460063934326,0.5014529228210449,0.5454769134521484,0.23707199096679688,0.24930191040039062,0.23172497749328613
1092,0.2630457878112793,0.21306395530700684,0.23089003562927246,0.8374300003051758,0.25611019134521484,0.24104690551757812,0.8091168403625488,0.2160329818725586,0.23430228233337402,0.9366359710693359,0.24593210220336914,0.25154590606689453,0.43413615226745605,0.23781609535217285,0.22571396827697754,0.5665349960327148,0.23757505416870117,0.5224597454071045,,0.24710893630981445,0.25215792655944824,0.48641109466552734,0.4937562942504883,0.2366950511932373,0.2522759437561035,0.2208869457244873,0.23561596870422363,0.22208499908447266,0.23851704597473145,0.5360960960388184,0.2273731231689453,0.49248790740966797,0.26035308837890625,0.9149420261383057,0.9774007797241211,0.2702341079711914,0.533782958984375,0.2348461151123047,,0.2391068935394287,0.2693901062011719,6.381029844284058,0.536829948425293,,0.909013032913208,0.25607967376708984,0.5317771434783936,0.29618287086486816,0.2624788284301758,0.5522880554199219
1093,0.2232801914215088,0.2587399482727051,0.25339603424072266,1.1250009536743164,0.22928380966186523,0.48679518699645996,0.5212931632995605,0.48614001274108887,0.233900785446167,1.2786052227020264,0.21526813507080078,0.2493438720703125,1.430811882019043,0.26514101028442383,0.23492813110351562,1.1993741989135742,0.21543002128601074,0.5197868347167969,,0.22031617164611816,0.5184249877929688,0.5467939376831055,0.4658019542694092,0.24450087547302246,0.2643852233886719,0.21904706954956055,0.2230520248413086,0.26433730125427246,1.6460809707641602,0.5452549457550049,0.24529600143432617,0.5004181861877441,0.23417115211486816,0.9275670051574707,0.5937728881835938,0.25126099586486816,0.5335879325866699,0.2562229633331299,,0.22519421577453613,0.2514638900756836,3.262228012084961,0.49729204177856445,,5.283740997314453,0.2078390121459961,0.30989503860473633,0.8827650547027588,0.25846338272094727,0.5342469215393066
1094,0.23979878425598145,0.23485302925109863,1.0904860496520996,3.32159686088562,0.24058008193969727,0.2591421604156494,0.23267817497253418,0.4725828170776367,0.22857904434204102,2.702455759048462,0.24114298820495605,0.24788212776184082,0.5039522647857666,0.3459181785583496,0.22298979759216309,0.5829827785491943,0.2237551212310791,0.24038410186767578,,0.21713924407958984,0.20811772346496582,0.2547447681427002,0.48697376251220703,0.25290703773498535,0.2545650005340576,0.21362709999084473,0.2660081386566162,0.22123384475708008,0.25928330421447754,0.21032977104187012,0.22099685668945312,0.5124528408050537,0.48824214935302734,0.5507211685180664,0.5418798923492432,0.24645495414733887,0.49729275703430176,0.22832489013671875,,0.2457890510559082,0.5363967418670654,0.5281500816345215,0.89628005027771,,1.1484689712524414,0.48915886878967285,0.5421350002288818,0.24614787101745605,0.2691762447357178,0.24645781517028809
1095,0.2205040454864502,0.22987794876098633,0.5027172565460205,1.5110783576965332,0.23416495323181152,0.5013971328735352,0.24940991401672363,0.22958898544311523,0.23147010803222656,0.9590630531311035,0.22170090675354004,0.22353696823120117,0.24016785621643066,0.5513460636138916,0.2103748321533203,0.5592319965362549,0.24176526069641113,0.2553231716156006,,0.23376893997192383,0.2361621856689453,0.24330425262451172,0.4823489189147949,0.23485112190246582,0.2360401153564453,0.2415471076965332,0.24810099601745605,0.24740290641784668,0.2344958782196045,0.4876859188079834,0.23700618743896484,0.521028995513916,0.4968709945678711,1.552239179611206,0.6015892028808594,0.24808120727539062,0.5268778800964355,0.2570018768310547,,0.22394776344299316,0.36443281173706055,2.776855945587158,0.5064489841461182,,8.286945104598999,0.8612899780273438,1.159087896347046,0.25313568115234375,0.2821218967437744,0.25939321517944336
1096,0.22423696517944336,0.24280524253845215,0.4949760437011719,7.214389085769653,0.23609590530395508,0.20167779922485352,1.2998199462890625,0.24120378494262695,0.23814892768859863,0.6010208129882812,0.21761298179626465,0.2723572254180908,0.5370891094207764,0.8714859485626221,0.228834867477417,0.5582151412963867,0.21157121658325195,0.24356889724731445,,0.2188112735748291,0.47129297256469727,0.5017130374908447,0.23339176177978516,0.21454691886901855,0.2218611240386963,0.26397085189819336,0.2230820655822754,0.22059917449951172,0.2341938018798828,0.24977421760559082,0.24442410469055176,0.5399730205535889,0.2503669261932373,0.8939709663391113,0.5516059398651123,0.2241220474243164,0.5324540138244629,0.2576580047607422,,0.26113295555114746,0.26691508293151855,0.22348713874816895,0.516577959060669,,18.09640908241272,0.7300989627838135,1.1860580444335938,0.24839091300964355,0.2567861080169678,0.22356295585632324
1097,0.26197099685668945,0.2300419807434082,1.1027019023895264,0.8615460395812988,0.24311494827270508,1.0709538459777832,0.2407689094543457,0.19794106483459473,0.2383430004119873,2.9963347911834717,0.23409104347229004,0.24654507637023926,0.4964919090270996,0.26271510124206543,0.24187803268432617,0.5525631904602051,0.23750901222229004,0.24922418594360352,,0.21685194969177246,0.5158116817474365,0.5332691669464111,0.2165369987487793,0.20987391471862793,0.2330179214477539,0.22279787063598633,0.24219107627868652,0.2368760108947754,0.20511579513549805,0.24880003929138184,0.2149038314819336,0.4988718032836914,0.5035841464996338,0.8988528251647949,0.575721025466919,0.2677650451660156,0.5405819416046143,0.24094605445861816,,0.2487800121307373,0.23721098899841309,1.0611190795898438,0.21027565002441406,,0.9477870464324951,0.5168421268463135,0.546457052230835,0.22200489044189453,0.2634010314941406,0.2257978916168213
1098,0.2231738567352295,0.24598240852355957,0.25188302993774414,1.0371649265289307,0.2115488052368164,0.2618408203125,0.4670138359069824,0.25473880767822266,0.2342848777770996,2.969444751739502,0.24220800399780273,0.24974679946899414,0.4852631092071533,1.2395789623260498,0.24265313148498535,0.5248723030090332,0.2275991439819336,0.2416698932647705,,0.24208998680114746,0.5228171348571777,0.5070679187774658,0.5001301765441895,0.22886085510253906,0.2609992027282715,0.21034598350524902,0.22954916954040527,0.2362687587738037,0.5220820903778076,0.5481910705566406,0.21974492073059082,0.4933969974517822,0.24597501754760742,2.065037965774536,0.2332019805908203,0.24901628494262695,2.9278693199157715,0.24833393096923828,,0.21854114532470703,0.2606010437011719,1.109604835510254,0.5526719093322754,,2.8340258598327637,0.4105536937713623,0.2383742332458496,0.26451897621154785,0.2531311511993408,0.2662379741668701
1099,0.24547719955444336,0.21143484115600586,0.48387622833251953,13.45069694519043,0.21393585205078125,0.23604917526245117,1.0477941036224365,0.5021648406982422,0.24851298332214355,1.5757079124450684,0.23082900047302246,0.24924993515014648,0.5061042308807373,0.8500649929046631,0.21148991584777832,0.5657558441162109,0.24163293838500977,0.2368180751800537,,0.23297500610351562,1.003856897354126,0.502932071685791,0.24817895889282227,0.2372441291809082,0.25067806243896484,0.21171092987060547,0.24760174751281738,0.24234890937805176,1.197857141494751,1.075078010559082,0.24164915084838867,0.5191690921783447,0.22080612182617188,0.49564409255981445,0.6237499713897705,0.25220608711242676,1.1958787441253662,0.22859477996826172,,0.2208387851715088,0.5845539569854736,2.5732407569885254,0.5515680313110352,,2.661843776702881,0.5017349720001221,0.5404610633850098,0.2526097297668457,0.29657816886901855,0.2486879825592041
1100,0.22526192665100098,0.2423570156097412,0.6763820648193359,5.842796087265015,0.2212510108947754,0.4695243835449219,0.5754480361938477,0.5174520015716553,0.2387399673461914,2.253812789916992,0.21731925010681152,0.2513158321380615,0.2171168327331543,0.25998401641845703,0.24130702018737793,0.25067710876464844,0.2341299057006836,0.252575159072876,,0.25455808639526367,0.21255183219909668,0.4211750030517578,0.5423579216003418,0.25016331672668457,0.24991798400878906,0.22327685356140137,0.2441720962524414,0.2464449405670166,0.2535722255706787,0.5471289157867432,0.23878908157348633,0.516657829284668,0.23296403884887695,3.817040205001831,0.2526512145996094,0.24628686904907227,0.7792162895202637,0.27213621139526367,,0.2477099895477295,0.9691598415374756,3.0186150074005127,0.2706301212310791,,1.4879868030548096,0.4789259433746338,2.6017720699310303,0.24887609481811523,0.2584192752838135,0.5449490547180176
1101,0.2377779483795166,0.23699188232421875,0.5689690113067627,1.4916479587554932,0.21821069717407227,0.2494039535522461,0.5043978691101074,0.5041611194610596,0.22611784934997559,2.9150288105010986,0.24053287506103516,0.2599811553955078,0.7603681087493896,0.2610280513763428,0.2365279197692871,0.5754389762878418,0.24123382568359375,0.3025341033935547,,0.22429108619689941,0.5116958618164062,0.2523670196533203,0.8858349323272705,0.24207401275634766,0.2614901065826416,0.2358226776123047,0.22152304649353027,0.231644868850708,0.47113490104675293,0.5673987865447998,0.25270700454711914,0.48946094512939453,0.5289900302886963,1.5790657997131348,0.2844200134277344,0.26030802726745605,0.558743953704834,0.2585263252258301,,0.24474716186523438,0.27268075942993164,2.3940200805664062,0.5272321701049805,,1.8918097019195557,0.48410511016845703,0.5913369655609131,0.2959728240966797,0.29140591621398926,0.22486186027526855
1102,0.23659396171569824,0.2334432601928711,0.249528169631958,1.7936339378356934,0.22054100036621094,1.0825459957122803,0.47304797172546387,0.5030651092529297,0.21273088455200195,0.5918631553649902,0.24229693412780762,0.2270793914794922,0.24330902099609375,0.2594470977783203,0.22797918319702148,1.1985280513763428,0.2378709316253662,0.2649550437927246,,0.24642372131347656,0.20135879516601562,0.5019240379333496,0.7991700172424316,0.49509310722351074,0.24677300453186035,0.24496889114379883,0.24853825569152832,0.22868919372558594,0.23198699951171875,0.540783166885376,0.21156978607177734,0.5080549716949463,0.29793596267700195,0.8586997985839844,0.5982367992401123,0.24514293670654297,1.3764660358428955,0.25882887840270996,,0.2278437614440918,0.23916316032409668,3.3171191215515137,3.931236982345581,,10.352682113647461,0.25019216537475586,0.5228991508483887,0.22391390800476074,0.2731161117553711,0.25190091133117676
1103,0.22468304634094238,0.25210118293762207,0.5016460418701172,1.4948689937591553,0.2295398712158203,0.5042469501495361,0.47737717628479004,0.494981050491333,0.24254393577575684,1.4708878993988037,0.24443697929382324,0.23439478874206543,0.2585420608520508,0.9530730247497559,0.22832179069519043,0.9511191844940186,0.21517086029052734,0.23514127731323242,,0.22204113006591797,0.23517513275146484,0.48809313774108887,0.4958069324493408,0.2359471321105957,0.24102306365966797,0.23480916023254395,0.2172410488128662,0.2637755870819092,0.24517512321472168,0.49790072441101074,0.22691988945007324,0.5154967308044434,0.48673319816589355,1.2114229202270508,0.26320886611938477,0.21944284439086914,0.5181789398193359,0.26709914207458496,,0.24527311325073242,0.26048898696899414,1.5606789588928223,0.5285351276397705,,2.7238540649414062,0.452333927154541,0.5500600337982178,0.25809311866760254,0.25822997093200684,0.24753117561340332
1104,0.2361447811126709,0.2349081039428711,0.5458688735961914,0.8128700256347656,0.2309861183166504,0.48942112922668457,0.22258591651916504,0.22213411331176758,0.24445509910583496,3.843524932861328,0.22164702415466309,0.2416369915008545,0.8486130237579346,0.6490659713745117,0.2322559356689453,0.5518391132354736,0.2131810188293457,0.590566873550415,,0.21549367904663086,0.23412585258483887,0.5426888465881348,0.22664237022399902,0.22613024711608887,0.2265009880065918,0.23154592514038086,0.26409912109375,0.24788498878479004,0.22627472877502441,0.539182186126709,0.23308610916137695,0.8088738918304443,0.2909839153289795,1.5929710865020752,0.25021839141845703,0.2381579875946045,2.117342948913574,0.27863097190856934,,0.22417998313903809,0.2676260471343994,1.026015043258667,0.5482861995697021,,3.0510568618774414,0.8191308975219727,1.9971718788146973,0.2238938808441162,0.2980988025665283,0.5065758228302002
1105,0.22557735443115234,0.23561596870422363,0.5161612033843994,5.533082008361816,0.20882606506347656,1.1806581020355225,0.4924018383026123,0.4732851982116699,0.2433457374572754,1.9354979991912842,0.2470862865447998,0.26136183738708496,0.5166959762573242,0.2705810070037842,0.23268485069274902,1.2088508605957031,0.2178339958190918,0.5167877674102783,,0.2610607147216797,0.5111019611358643,0.5164158344268799,1.1655747890472412,0.21101713180541992,0.24433493614196777,0.20892810821533203,0.22109007835388184,0.2185981273651123,0.9901840686798096,0.5172488689422607,0.22904419898986816,0.5440940856933594,0.48975396156311035,1.8548898696899414,0.7544939517974854,0.2422940731048584,0.9273700714111328,0.2564530372619629,,0.21853399276733398,0.253154993057251,1.100511074066162,0.5546629428863525,,6.973839044570923,0.49771690368652344,0.47995805740356445,0.21756196022033691,0.2705209255218506,0.533282995223999
1106,0.24834513664245605,0.21100997924804688,0.47716474533081055,0.8625528812408447,0.23102498054504395,0.5023109912872314,0.4911987781524658,0.21754002571105957,0.23059606552124023,0.5634169578552246,0.2252352237701416,0.2632410526275635,0.49030303955078125,0.24968910217285156,0.21137690544128418,0.5354821681976318,0.22096991539001465,0.2449352741241455,,0.2241649627685547,0.23404502868652344,0.2243640422821045,0.48451995849609375,0.21306228637695312,0.2611839771270752,0.2540102005004883,0.21776390075683594,0.2513880729675293,0.24863624572753906,0.5131292343139648,0.24405503273010254,0.8340671062469482,0.28459596633911133,1.8269460201263428,0.5983428955078125,0.25183796882629395,0.8858733177185059,0.23013710975646973,,0.24747610092163086,0.25737500190734863,1.0514161586761475,0.5325760841369629,,1.4856691360473633,0.827765941619873,0.5456240177154541,0.3128960132598877,0.24519085884094238,0.5306439399719238
1107,0.2644658088684082,0.2156982421875,0.8829939365386963,10.373118162155151,0.21295785903930664,0.567223072052002,0.49024510383605957,0.4849731922149658,0.2399730682373047,0.8843348026275635,0.24813318252563477,0.24533414840698242,0.5158071517944336,0.595463752746582,0.23000693321228027,0.5863742828369141,0.23105311393737793,0.23357295989990234,,0.24879002571105957,0.24257373809814453,0.5278432369232178,0.5036077499389648,0.2432241439819336,0.2336571216583252,0.23834800720214844,0.24808788299560547,0.22055602073669434,0.2257227897644043,1.1799259185791016,0.22960734367370605,0.5483441352844238,0.24927091598510742,1.5993890762329102,0.23331499099731445,0.2692139148712158,0.5329320430755615,0.22786188125610352,,0.24798917770385742,0.3058171272277832,1.7151870727539062,0.8948650360107422,,8.574784994125366,0.24187803268432617,1.1822519302368164,0.2955629825592041,0.2662620544433594,0.25025486946105957
1108,0.24915504455566406,0.25954103469848633,0.48924994468688965,9.70256781578064,0.23866605758666992,0.2484569549560547,0.49437880516052246,0.22682523727416992,0.2240462303161621,0.5304088592529297,0.22111797332763672,0.2539510726928711,0.48053669929504395,0.27205610275268555,0.22939205169677734,0.5719029903411865,0.2236340045928955,0.5935113430023193,,0.21953511238098145,0.44621706008911133,0.5195610523223877,0.5175769329071045,0.2415790557861328,0.24664998054504395,0.22476601600646973,0.22642302513122559,0.26207900047302246,0.22918915748596191,0.5303680896759033,0.24146199226379395,0.5473039150238037,0.2469949722290039,0.8696529865264893,1.0052599906921387,0.25026512145996094,0.5467731952667236,0.2771461009979248,,0.24978208541870117,0.8630051612854004,2.79298996925354,0.5241968631744385,,1.5155551433563232,0.5151088237762451,0.2793388366699219,0.5183820724487305,0.2830231189727783,0.24213004112243652
1109,0.22337889671325684,0.228654146194458,0.5089709758758545,16.54854416847229,0.21564507484436035,0.4721870422363281,0.4784390926361084,0.4850778579711914,0.22829484939575195,1.2333729267120361,0.23998379707336426,0.24187684059143066,0.48286008834838867,0.25795412063598633,0.22507810592651367,0.5351486206054688,0.24462008476257324,0.5603258609771729,,0.24649906158447266,0.23695707321166992,0.5034596920013428,0.5168209075927734,0.2369091510772705,0.24384093284606934,0.21795201301574707,0.2568690776824951,0.22511696815490723,0.9173660278320312,0.5543239116668701,0.22674298286437988,0.5353190898895264,0.47772693634033203,2.949242115020752,0.26815319061279297,0.2467191219329834,0.5245308876037598,0.2428131103515625,,0.22228789329528809,0.26799893379211426,1.042128324508667,0.2256612777709961,,9.528480052947998,0.521240234375,0.49066805839538574,0.2528567314147949,0.5805480480194092,0.2771890163421631
1110,0.22177886962890625,0.24282097816467285,1.126250982284546,16.61880612373352,0.22313594818115234,0.9833509922027588,0.25105905532836914,0.5134472846984863,0.2425839900970459,2.6030797958374023,0.22590208053588867,0.22558021545410156,0.5033400058746338,0.2579481601715088,0.21179485321044922,0.5668599605560303,0.23327898979187012,0.5662777423858643,,0.24611401557922363,0.46579504013061523,0.893125057220459,0.25858283042907715,0.23593711853027344,0.22471189498901367,0.2158830165863037,0.22688794136047363,0.2422502040863037,0.9566190242767334,0.25411200523376465,0.25487303733825684,0.5154280662536621,0.27884912490844727,1.2143192291259766,0.5805301666259766,0.224318265914917,0.5054352283477783,0.27483391761779785,,0.2473011016845703,0.26633310317993164,1.3148410320281982,0.4810597896575928,,11.78851580619812,0.46889591217041016,0.5086421966552734,0.25220775604248047,0.2615528106689453,0.5027163028717041
1111,0.23734307289123535,0.22876310348510742,0.5037150382995605,5.928059101104736,0.21674489974975586,0.4873499870300293,0.21360087394714355,0.5045008659362793,0.2398381233215332,0.5769960880279541,0.2465991973876953,0.2457892894744873,0.5037879943847656,0.23642301559448242,0.21902680397033691,0.2678079605102539,0.21343684196472168,0.5647909641265869,,0.23691797256469727,0.24240493774414062,0.5019209384918213,0.23366689682006836,0.22553133964538574,0.23400092124938965,0.2676832675933838,0.21965312957763672,0.22443103790283203,0.38856029510498047,0.501215934753418,0.23538708686828613,0.4740438461303711,0.25182008743286133,1.2653119564056396,0.2502872943878174,0.2431778907775879,0.26428699493408203,0.23729205131530762,,0.2380049228668213,0.2505960464477539,6.709851980209351,0.24873876571655273,,15.701345920562744,0.23740887641906738,1.1662142276763916,0.3164496421813965,0.3123328685760498,0.22861528396606445
1112,0.25046586990356445,0.23770809173583984,0.23904991149902344,1.237781047821045,0.20944595336914062,1.8535239696502686,0.5095338821411133,0.2360842227935791,0.2223222255706787,1.3302173614501953,0.2363121509552002,0.23273015022277832,0.529700756072998,0.23528599739074707,0.2299787998199463,0.5549240112304688,0.2504279613494873,0.5427391529083252,,0.2157747745513916,0.5075478553771973,0.4061727523803711,0.5104477405548096,0.22699379920959473,0.2494049072265625,0.22380590438842773,0.23962116241455078,0.218109130859375,0.2504851818084717,2.138546943664551,0.2179579734802246,0.5285778045654297,0.23375391960144043,0.5407958030700684,0.2751128673553467,0.2718169689178467,0.5345890522003174,0.2605020999908447,,0.24558281898498535,0.5452959537506104,1.975003957748413,0.23855280876159668,,7.008647918701172,0.8489317893981934,0.4985978603363037,0.248521089553833,0.3298530578613281,0.2271881103515625
1113,0.23038387298583984,0.24727916717529297,0.24480795860290527,6.510509014129639,0.2325267791748047,0.4698200225830078,0.4878520965576172,1.1362509727478027,0.21762704849243164,0.8333160877227783,0.24262714385986328,0.23430991172790527,0.5337920188903809,0.25810718536376953,0.24287629127502441,0.5070929527282715,0.23532390594482422,0.23945927619934082,,0.22565126419067383,0.2264881134033203,0.25577807426452637,0.2560849189758301,0.2118821144104004,0.264894962310791,0.2127399444580078,0.22463202476501465,0.26103901863098145,0.536268949508667,0.5345709323883057,0.22028183937072754,0.530768871307373,0.28263020515441895,1.9094078540802002,0.25824785232543945,0.2521500587463379,0.24608111381530762,0.27726173400878906,,0.21900105476379395,0.2544691562652588,0.920482873916626,0.2326221466064453,,18.08104920387268,0.48567700386047363,0.9687550067901611,0.2749519348144531,0.296673059463501,0.22915983200073242
1114,0.23680710792541504,0.2118828296661377,0.5153968334197998,4.0154969692230225,0.21915984153747559,1.0632848739624023,1.4300198554992676,0.21953606605529785,0.23359298706054688,0.531264066696167,0.22910690307617188,0.23212099075317383,0.5364389419555664,0.23875999450683594,0.21213269233703613,0.5322990417480469,0.22902989387512207,0.26621508598327637,,0.24709296226501465,0.4905741214752197,0.5121097564697266,0.2052478790283203,0.22374701499938965,0.25704097747802734,0.24161314964294434,0.26720213890075684,0.24894118309020996,0.5507278442382812,1.9127089977264404,0.24845099449157715,0.5058910846710205,0.24915289878845215,1.1963787078857422,0.5731189250946045,0.24366092681884766,1.4004199504852295,0.2425379753112793,,0.2541050910949707,0.2661261558532715,2.0228309631347656,0.47548604011535645,,0.1504523754119873,0.5087568759918213,1.4970550537109375,0.22438788414001465,0.26001691818237305,0.5472240447998047
1115,0.2289888858795166,0.24018192291259766,1.0706398487091064,1.8082916736602783,0.22498011589050293,1.2508370876312256,0.22888684272766113,0.47430992126464844,0.22082090377807617,0.5392489433288574,0.21663999557495117,0.23891091346740723,1.7427730560302734,0.2567119598388672,0.24104714393615723,0.5599832534790039,0.24126625061035156,0.2949690818786621,,0.23826313018798828,0.2314140796661377,0.24039316177368164,0.22136592864990234,0.2157909870147705,0.23739910125732422,0.22519207000732422,0.2530531883239746,0.22485804557800293,0.22728514671325684,0.9365410804748535,0.23857522010803223,0.48476266860961914,0.28244996070861816,1.1985809803009033,0.5627419948577881,0.25624585151672363,0.5481059551239014,0.27213191986083984,,0.24285602569580078,0.24123191833496094,2.4448928833007812,0.2598142623901367,,5.551275968551636,0.3105940818786621,0.6775119304656982,0.31439900398254395,0.2783350944519043,0.2655029296875
1116,0.24211406707763672,0.23586797714233398,0.5008869171142578,0.8032269477844238,0.238631010055542,1.051551103591919,0.46085691452026367,0.48845696449279785,0.2138831615447998,0.8909761905670166,0.24156594276428223,0.24235081672668457,1.1703510284423828,0.2560276985168457,0.22958898544311523,0.5520870685577393,0.22946405410766602,0.5660631656646729,,0.24482989311218262,0.48438596725463867,0.4729170799255371,0.5166141986846924,0.21982407569885254,0.23018217086791992,0.2310500144958496,0.25002598762512207,0.2459273338317871,0.2220630645751953,0.22661781311035156,0.24552392959594727,0.4854609966278076,0.5167679786682129,0.5492498874664307,0.583625078201294,0.24695396423339844,0.5293347835540771,0.23090267181396484,,0.24051403999328613,0.2730379104614258,1.000187873840332,0.49777674674987793,,17.73066210746765,0.4978959560394287,1.1178040504455566,0.28284215927124023,0.2818489074707031,0.5307679176330566
1117,0.23946714401245117,0.23524093627929688,0.5184850692749023,0.8182868957519531,0.23791289329528809,0.21909189224243164,0.5230860710144043,0.215407133102417,0.2429201602935791,4.264940977096558,0.2414839267730713,0.22666597366333008,0.49977707862854004,0.23801898956298828,0.21205615997314453,1.2108631134033203,0.2558262348175049,0.26592302322387695,,0.22415804862976074,0.27321505546569824,0.5266947746276855,0.23804426193237305,0.22659802436828613,0.22998714447021484,0.22896599769592285,0.24786782264709473,0.22277593612670898,1.14727783203125,0.5027859210968018,0.224135160446167,0.48547887802124023,0.5213589668273926,1.1997509002685547,0.5816807746887207,0.2631978988647461,1.5350677967071533,0.24309611320495605,,0.2473893165588379,0.24515891075134277,2.4866859912872314,1.1924452781677246,,2.0166330337524414,0.5076711177825928,5.951123952865601,0.24788188934326172,0.33364105224609375,0.25375795364379883
1118,0.2507641315460205,0.2523379325866699,0.2718982696533203,3.5252280235290527,0.24925804138183594,0.4883389472961426,0.2224290370941162,0.2284688949584961,0.22676897048950195,1.8179240226745605,0.24192166328430176,0.23137617111206055,0.8450000286102295,0.26010990142822266,0.2495591640472412,1.200934886932373,0.23297595977783203,0.5495080947875977,,0.24623489379882812,0.4885251522064209,0.2404019832611084,0.23923516273498535,0.25350308418273926,0.24210882186889648,0.24291300773620605,0.22528886795043945,0.26288509368896484,0.23425889015197754,0.544553279876709,0.2416849136352539,0.5006442070007324,0.5137810707092285,1.193199872970581,0.2458939552307129,0.22591209411621094,2.8418240547180176,0.2516319751739502,,0.22192907333374023,0.24795317649841309,2.597255229949951,0.8982181549072266,,8.681933164596558,0.49976491928100586,0.5452749729156494,0.2677621841430664,0.2836799621582031,0.24777889251708984
1119,0.2243189811706543,0.2281968593597412,0.2664220333099365,9.708016157150269,0.2285780906677246,0.8577361106872559,0.5029420852661133,0.32489585876464844,0.23013520240783691,1.166435718536377,0.23513579368591309,0.2376558780670166,0.5192089080810547,0.21892714500427246,0.23523306846618652,0.5500080585479736,0.21537208557128906,0.5568630695343018,,0.2181718349456787,0.22398114204406738,0.5132858753204346,0.4718480110168457,0.21100807189941406,0.23508572578430176,0.22144007682800293,0.2520010471343994,0.22121286392211914,0.23389101028442383,0.5443398952484131,0.21758675575256348,0.47950124740600586,0.5496792793273926,2.3016600608825684,0.5883569717407227,0.2510099411010742,0.5484707355499268,0.2562520503997803,,0.24575185775756836,0.24439191818237305,3.3460400104522705,0.525825023651123,,0.9214508533477783,0.5086019039154053,1.152287244796753,0.28115200996398926,0.3253672122955322,0.26560187339782715
1120,0.24350595474243164,0.24100995063781738,0.497528076171875,0.8206038475036621,0.21016192436218262,0.8160200119018555,0.23434901237487793,0.7972040176391602,0.21804594993591309,4.830135107040405,0.23102807998657227,0.22931504249572754,0.5146141052246094,0.9607880115509033,0.2309708595275879,3.3206000328063965,0.23055100440979004,0.48951005935668945,,0.23418593406677246,0.27553892135620117,0.5337560176849365,0.5445699691772461,0.22155499458312988,0.23733997344970703,0.21003317832946777,0.23309993743896484,0.2199859619140625,0.2598898410797119,0.9349262714385986,0.24088501930236816,0.4695138931274414,0.22435402870178223,0.9299149513244629,0.5804851055145264,0.248244047164917,0.5327539443969727,0.25191807746887207,,0.21910691261291504,0.2529919147491455,1.025937795639038,0.5145480632781982,,0.5517401695251465,0.4819951057434082,0.5656750202178955,0.26447510719299316,0.29810404777526855,0.22778606414794922
1121,0.2501847743988037,0.21304583549499512,0.5033481121063232,0.8517320156097412,0.21245193481445312,1.094162940979004,0.5013608932495117,0.23292803764343262,0.22054696083068848,5.527543783187866,0.23310589790344238,0.26144886016845703,0.5054628849029541,0.2194960117340088,0.21181488037109375,0.5754940509796143,0.23929500579833984,0.9346117973327637,,0.2202162742614746,0.46737098693847656,0.5002560615539551,0.5002579689025879,0.2309887409210205,0.25833821296691895,0.23001694679260254,0.24161911010742188,0.2431490421295166,0.2479698657989502,0.5497400760650635,0.24514317512512207,0.8033022880554199,0.4997141361236572,1.596653938293457,0.24889588356018066,0.2512390613555908,11.797431230545044,0.23290491104125977,,0.2627980709075928,0.8260190486907959,1.5417490005493164,0.5126562118530273,,0.8705358505249023,0.5227200984954834,0.9197969436645508,0.24867630004882812,0.28118205070495605,0.2365398406982422
1122,0.23854517936706543,0.22698068618774414,1.0017127990722656,16.67544913291931,0.23241806030273438,0.45406007766723633,0.4816477298736572,0.4537229537963867,0.21789789199829102,4.966166019439697,0.23272490501403809,0.24987268447875977,0.4911959171295166,0.5921468734741211,0.23918390274047852,0.5642380714416504,0.2530691623687744,0.2595980167388916,,0.24428701400756836,0.21924614906311035,0.4946610927581787,0.510012149810791,0.23366332054138184,0.24873709678649902,0.22730779647827148,0.24919390678405762,0.25118207931518555,0.24531269073486328,0.5490908622741699,0.22565984725952148,0.529541015625,0.4037771224975586,0.9381289482116699,0.27504467964172363,0.26642823219299316,1.1835429668426514,0.24950122833251953,,0.2277519702911377,0.2691028118133545,1.6056029796600342,0.5456418991088867,,2.750872850418091,0.46724510192871094,1.1780760288238525,0.22594594955444336,0.2848942279815674,0.21565532684326172
1123,0.24474596977233887,0.2573378086090088,0.5054700374603271,,0.25006103515625,0.5029702186584473,0.441925048828125,0.2512190341949463,0.2145078182220459,4.256286859512329,0.23233675956726074,0.24590206146240234,0.47705507278442383,0.2664930820465088,0.2460920810699463,0.5223422050476074,0.22835111618041992,0.5849227905273438,,0.5449221134185791,0.24815607070922852,0.5278868675231934,0.49344301223754883,0.5087800025939941,0.2555201053619385,0.25089502334594727,0.22135400772094727,0.23930597305297852,0.22635984420776367,0.26726603507995605,0.24520182609558105,0.8592541217803955,0.26753997802734375,0.9380397796630859,0.5804758071899414,0.24836182594299316,0.5227220058441162,0.23027896881103516,,0.2452092170715332,0.26731014251708984,0.5382909774780273,0.5337951183319092,,0.56007981300354,0.4862508773803711,0.576409101486206,0.251737117767334,0.25282907485961914,0.5179269313812256
1124,0.22240614891052246,0.23546791076660156,1.1011629104614258,,0.2368459701538086,0.33869314193725586,0.23702716827392578,0.21767973899841309,0.230820894241333,1.2755889892578125,0.2420179843902588,0.2272510528564453,0.5043351650238037,0.2598237991333008,0.24120521545410156,1.2541680335998535,0.24140310287475586,0.5642452239990234,,0.2835991382598877,0.47022294998168945,0.25313782691955566,0.5338618755340576,0.23572015762329102,0.23168110847473145,0.2504141330718994,0.26473498344421387,0.24248886108398438,0.2623600959777832,0.5347442626953125,0.2203221321105957,0.9612417221069336,0.5362212657928467,1.5900599956512451,0.2539548873901367,0.24825382232666016,0.5761270523071289,0.3473470211029053,,0.2500178813934326,0.5450842380523682,1.2755730152130127,0.5484938621520996,,3.2523000240325928,0.47017502784729004,0.5463700294494629,0.24663209915161133,0.25194215774536133,0.23079514503479004
1125,0.24609088897705078,0.238633394241333,2.275787115097046,,0.23647308349609375,0.27150678634643555,0.21793675422668457,0.46871089935302734,0.22299528121948242,0.8996329307556152,0.22640490531921387,0.24838805198669434,0.5041317939758301,0.2371819019317627,0.22925972938537598,0.5084009170532227,0.22896790504455566,0.2679622173309326,,0.2654550075531006,0.4540371894836426,0.5317208766937256,0.47141289710998535,0.8618628978729248,0.22671198844909668,0.25063204765319824,0.2388172149658203,0.23080015182495117,0.5386447906494141,0.5306711196899414,0.23371219635009766,0.5297341346740723,0.515160083770752,0.882256031036377,0.24754714965820312,0.22491192817687988,1.2035799026489258,0.23055195808410645,,0.22229290008544922,0.25397825241088867,1.297408103942871,0.4980201721191406,,0.6634600162506104,0.47457098960876465,0.5176708698272705,0.25195789337158203,0.2803311347961426,0.6249518394470215
1126,0.22423291206359863,0.22689294815063477,0.5287728309631348,,0.23268795013427734,0.8927321434020996,0.21105694770812988,0.4852626323699951,0.23342394828796387,15.281635046005249,0.2446737289428711,0.26628708839416504,0.47027087211608887,0.27108311653137207,0.2396068572998047,0.5438559055328369,0.21422410011291504,0.2580080032348633,,0.23563599586486816,0.5008969306945801,0.496995210647583,0.5255322456359863,0.23941397666931152,0.23136115074157715,0.23549890518188477,0.22090768814086914,0.2393050193786621,0.25146007537841797,1.2307310104370117,0.2173469066619873,0.4757370948791504,0.5024948120117188,0.5461199283599854,0.583864688873291,0.2525827884674072,4.0140790939331055,0.3103811740875244,,0.2620222568511963,0.28778696060180664,1.0688378810882568,0.49849510192871094,,1.2681620121002197,0.5390229225158691,1.1701927185058594,0.26749420166015625,0.2697632312774658,0.518286943435669
1127,0.26360034942626953,0.2409830093383789,1.103567123413086,,0.21027898788452148,0.5085511207580566,0.5055592060089111,0.21474409103393555,0.21814894676208496,2.1522209644317627,0.2393507957458496,0.24973583221435547,0.45291709899902344,0.22535014152526855,0.23324012756347656,0.5915219783782959,0.2530982494354248,0.2674589157104492,,0.2457420825958252,0.21837115287780762,0.5160691738128662,0.5001428127288818,0.22241997718811035,0.23309803009033203,0.20995092391967773,0.24175071716308594,0.21587300300598145,0.2335679531097412,0.253032922744751,0.21279025077819824,0.5151422023773193,0.5053198337554932,0.5028371810913086,0.252547025680542,0.2643547058105469,0.5298299789428711,0.23248887062072754,,0.22172784805297852,0.26270008087158203,4.303739786148071,0.5558149814605713,,0.6088168621063232,0.4550330638885498,0.5458040237426758,0.2505300045013428,0.2553677558898926,0.26587915420532227
1128,0.24564909934997559,0.24256587028503418,0.5024850368499756,,0.25090909004211426,0.488933801651001,0.23511695861816406,0.4534001350402832,0.21718907356262207,17.0663640499115,0.24526596069335938,0.250842809677124,1.0973730087280273,0.23615527153015137,0.2283179759979248,0.5415208339691162,0.23696112632751465,0.22523975372314453,,0.24406814575195312,0.21489787101745605,0.5053970813751221,0.5224809646606445,0.8357720375061035,0.24779796600341797,0.2154550552368164,0.21829605102539062,0.23521018028259277,0.5496249198913574,0.5630190372467041,0.21768593788146973,0.534268856048584,0.9248082637786865,1.1347699165344238,0.2783668041229248,0.2500789165496826,0.5444622039794922,0.23558974266052246,,0.2189180850982666,0.26016902923583984,2.1864449977874756,0.47664570808410645,,11.233920097351074,0.5303049087524414,1.197680950164795,0.24525690078735352,0.2278130054473877,0.22672319412231445
1129,0.2307109832763672,0.21309113502502441,0.5310711860656738,,0.23651480674743652,0.6287381649017334,0.23705506324768066,0.48592400550842285,0.2344980239868164,5.499022006988525,0.21831583976745605,0.25077176094055176,1.3958079814910889,0.2417910099029541,0.24249696731567383,0.549116849899292,0.2374401092529297,0.2570829391479492,,0.5019819736480713,0.4650301933288574,0.5459620952606201,0.4765281677246094,0.23025107383728027,0.23851490020751953,0.21779489517211914,0.27281785011291504,0.2174820899963379,0.5371599197387695,0.5196788311004639,0.21828985214233398,0.4858090877532959,0.5303440093994141,0.8709149360656738,0.5789968967437744,0.24791812896728516,0.5827291011810303,0.24828314781188965,,0.24635601043701172,0.24052882194519043,1.5544562339782715,0.9107420444488525,,18.30796504020691,0.25725507736206055,0.24729490280151367,0.22556614875793457,0.2768099308013916,0.2437269687652588
1130,0.2330319881439209,0.23963594436645508,0.25306081771850586,,0.23712897300720215,0.4859459400177002,0.5006401538848877,0.21658110618591309,0.2174220085144043,18.10108780860901,0.2180321216583252,0.2506589889526367,0.46649718284606934,0.26726460456848145,0.21452999114990234,0.5245199203491211,0.22709298133850098,0.5820939540863037,,0.2629129886627197,0.5124039649963379,0.24923014640808105,0.24201703071594238,0.2299346923828125,0.22860383987426758,0.2205638885498047,0.24852895736694336,0.21762514114379883,1.1525459289550781,1.0842459201812744,0.23551392555236816,0.5168828964233398,0.49933791160583496,1.6237101554870605,0.25016212463378906,0.25002098083496094,0.5639762878417969,0.2330009937286377,,0.2512779235839844,0.9009253978729248,1.7571289539337158,0.26961684226989746,,18.517550706863403,0.49840807914733887,0.5620718002319336,0.28357672691345215,0.2331540584564209,0.25521421432495117
1131,0.2322700023651123,0.23673105239868164,0.4793720245361328,,0.23516392707824707,0.50052809715271,0.48757100105285645,0.4702262878417969,0.21486306190490723,13.357470035552979,0.24607300758361816,0.2627830505371094,0.4900970458984375,0.27943992614746094,0.22406983375549316,0.5557730197906494,0.24504518508911133,0.5639820098876953,,0.21044111251831055,0.5010631084442139,0.5348711013793945,0.532958984375,0.21141505241394043,0.23641681671142578,0.23788905143737793,0.250413179397583,0.2193470001220703,0.20738697052001953,1.2423698902130127,0.21623611450195312,0.8454239368438721,0.5567119121551514,0.544870138168335,0.28012800216674805,0.24953603744506836,0.5323708057403564,0.23255705833435059,,0.2641892433166504,0.26581621170043945,2.007517099380493,0.5480999946594238,,,0.49721693992614746,0.2257981300354004,0.234421968460083,0.23577499389648438,0.26496195793151855
1132,0.23742008209228516,0.23607420921325684,0.515862226486206,,0.23618793487548828,0.8584280014038086,0.4992361068725586,0.6836559772491455,0.2160329818725586,3.078768730163574,0.23913002014160156,0.22904515266418457,0.49675869941711426,0.2643911838531494,0.21406006813049316,0.5479211807250977,0.26221609115600586,0.5642838478088379,,0.2152860164642334,0.3037269115447998,0.2762339115142822,0.48454785346984863,0.21352505683898926,0.2249431610107422,0.21640992164611816,0.23804688453674316,0.21764492988586426,0.9451158046722412,0.22688579559326172,0.22062206268310547,0.4877171516418457,0.5211350917816162,2.9092578887939453,0.26020312309265137,0.2596762180328369,0.5698819160461426,0.22817206382751465,,0.22206377983093262,0.2683379650115967,2.0253841876983643,1.1642200946807861,,,0.8652019500732422,0.5639159679412842,0.2666816711425781,0.25062108039855957,0.646207332611084
1133,0.23601794242858887,0.2503621578216553,0.2528090476989746,,0.2508816719055176,0.49558091163635254,0.656512975692749,0.4843761920928955,0.22017574310302734,5.958939075469971,0.24687719345092773,0.24012088775634766,1.1237449645996094,0.26319003105163574,0.23525500297546387,0.5794820785522461,0.22492527961730957,0.569936990737915,,0.2579009532928467,0.22048211097717285,0.5047032833099365,1.145618200302124,0.22232604026794434,0.2456209659576416,0.2180500030517578,0.2170848846435547,0.23650288581848145,1.1491739749908447,0.4995551109313965,0.24299073219299316,0.7769069671630859,0.5480959415435791,1.1833648681640625,0.5669240951538086,0.2283310890197754,0.5404651165008545,0.2496800422668457,,0.2454378604888916,0.2475450038909912,1.420212984085083,0.5485541820526123,,,0.5298850536346436,0.24176907539367676,0.2613539695739746,0.22967982292175293,0.26918721199035645
1134,0.23099803924560547,0.23395299911499023,0.2908041477203369,,0.22681903839111328,0.5625910758972168,0.5151422023773193,0.45537805557250977,0.23503994941711426,6.279850006103516,0.22098207473754883,0.22955083847045898,0.5086791515350342,0.23704791069030762,0.22040605545043945,0.5436580181121826,0.2186899185180664,0.5044417381286621,,0.5497491359710693,1.3613529205322266,0.22738289833068848,0.5004549026489258,0.2157890796661377,0.23578596115112305,0.21698212623596191,0.251572847366333,0.2428276538848877,1.1639750003814697,0.9279427528381348,0.21401190757751465,0.505612850189209,0.26866626739501953,0.5170061588287354,0.2742290496826172,0.25511670112609863,0.5473217964172363,0.24661612510681152,,0.22438716888427734,0.24720311164855957,1.2576467990875244,0.5071759223937988,,,1.0875887870788574,1.1182758808135986,0.2514350414276123,0.2749917507171631,0.23799681663513184
1135,0.24188780784606934,0.22989702224731445,0.22647595405578613,,0.21258091926574707,0.5010771751403809,0.2869071960449219,0.2192237377166748,0.21674013137817383,9.530391216278076,0.24642109870910645,0.23999691009521484,1.0478758811950684,0.24833083152770996,0.21655797958374023,0.2780749797821045,0.239793062210083,0.5452091693878174,,0.2432079315185547,0.4688591957092285,0.23613405227661133,0.5196149349212646,0.2390458583831787,0.2297039031982422,0.2118079662322998,0.2341632843017578,0.2166121006011963,0.22559404373168945,0.5065569877624512,0.24361109733581543,0.523198127746582,0.24956607818603516,3.2508652210235596,0.2785921096801758,0.24806594848632812,0.5329432487487793,0.23253583908081055,,0.21881890296936035,0.24758100509643555,1.0126972198486328,0.5261480808258057,,,0.5330202579498291,1.581265926361084,0.25084590911865234,0.22308802604675293,0.2306499481201172
1136,0.22378993034362793,0.2131972312927246,0.8982419967651367,,0.21374893188476562,0.4752991199493408,0.5954732894897461,0.4554102420806885,0.21718883514404297,13.781293869018555,0.22382402420043945,0.2707102298736572,0.469684362411499,0.2798120975494385,0.2126319408416748,0.49526190757751465,0.23403382301330566,0.5144100189208984,,0.24707269668579102,0.4558751583099365,0.2396678924560547,0.5031518936157227,0.4878661632537842,0.2399141788482666,0.23372817039489746,0.242264986038208,0.23020696640014648,0.35887694358825684,0.24145793914794922,0.2366771697998047,0.5296671390533447,0.5203671455383301,1.2366459369659424,0.27901697158813477,0.2495579719543457,0.5504350662231445,0.2872748374938965,,0.2606780529022217,0.2697641849517822,3.9103970527648926,0.5125930309295654,,,0.525087833404541,0.5321760177612305,0.24527597427368164,0.24889421463012695,0.23268413543701172
1137,0.261218786239624,0.2442789077758789,0.2844510078430176,,0.22472405433654785,0.5265588760375977,0.23363304138183594,0.8412847518920898,0.2251880168914795,17.321754932403564,0.2313830852508545,0.2507970333099365,0.46732401847839355,0.2668039798736572,0.21624398231506348,0.5892047882080078,0.2519669532775879,0.2577362060546875,,0.22686409950256348,1.092261791229248,0.5017800331115723,0.49127888679504395,0.2509791851043701,0.25978994369506836,0.21715497970581055,0.2214360237121582,0.23836803436279297,0.4558591842651367,0.2714109420776367,0.23978805541992188,0.5026431083679199,0.2259976863861084,1.0997791290283203,0.2671322822570801,0.2667121887207031,0.530440092086792,0.24868297576904297,,0.2479870319366455,0.25974392890930176,4.0582568645477295,0.5427737236022949,,,0.5207679271697998,1.1314458847045898,0.5254480838775635,0.22766804695129395,0.2395918369293213
1138,0.22319912910461426,0.24031591415405273,0.5054810047149658,,0.2571089267730713,0.22855234146118164,1.059919834136963,1.091261863708496,0.21313905715942383,7.260608911514282,0.24451780319213867,0.24479889869689941,0.5299699306488037,0.583380937576294,0.2333970069885254,0.5515351295471191,0.23664093017578125,0.33572816848754883,,0.232163667678833,0.7908737659454346,0.22522497177124023,0.26595377922058105,0.21031808853149414,0.2565896511077881,0.2219071388244629,0.24948501586914062,0.2559218406677246,0.9362828731536865,0.25051188468933105,0.2362828254699707,0.7076082229614258,0.4989049434661865,0.5339930057525635,0.596423864364624,0.24906086921691895,3.255807876586914,0.25020909309387207,,0.22507977485656738,0.6898789405822754,4.788066864013672,1.545600175857544,,,0.4855349063873291,0.5455710887908936,0.2512640953063965,0.23213410377502441,0.28464508056640625
1139,0.217695951461792,0.24280095100402832,0.5143439769744873,,0.23516392707824707,0.8717179298400879,0.48307108879089355,0.241347074508667,0.25614070892333984,3.0622589588165283,0.22331595420837402,0.22383427619934082,0.4752178192138672,0.2811768054962158,0.22243118286132812,0.5278618335723877,0.22987103462219238,0.3637669086456299,,0.24843811988830566,0.4645509719848633,0.525627851486206,0.2506568431854248,0.2375500202178955,0.25025320053100586,0.2146468162536621,0.2593231201171875,0.2207341194152832,1.325801134109497,0.5310559272766113,0.22878217697143555,0.5021369457244873,0.9213352203369141,1.2186291217803955,0.2674539089202881,0.24130892753601074,1.5974979400634766,0.26912403106689453,,0.2443850040435791,0.23998427391052246,1.4563302993774414,1.1099131107330322,,,0.5034871101379395,0.22110891342163086,0.25193095207214355,0.25406908988952637,0.48702287673950195
1140,0.24579787254333496,0.23512673377990723,1.2568058967590332,,0.23396825790405273,0.20654797554016113,0.25649094581604004,0.5079641342163086,0.23537158966064453,17.666381120681763,0.24506807327270508,0.25192999839782715,0.515571117401123,0.26258182525634766,0.21666622161865234,0.5532360076904297,0.22983503341674805,0.2681548595428467,,0.5286340713500977,0.4938371181488037,0.2916569709777832,0.5172820091247559,0.22843098640441895,0.22573208808898926,0.22997021675109863,0.22142410278320312,0.24795293807983398,0.8993237018585205,0.927649974822998,0.2569010257720947,1.2633750438690186,0.2512178421020508,1.1758477687835693,0.5415627956390381,0.2257099151611328,0.9578342437744141,0.22840285301208496,,0.22420692443847656,0.2557377815246582,1.622978687286377,0.5282301902770996,,,0.5006139278411865,1.1900429725646973,0.26546287536621094,0.22925114631652832,0.4993159770965576
1141,0.22387218475341797,0.23355388641357422,0.483532190322876,,0.22852110862731934,0.8435320854187012,0.22874188423156738,0.4833352565765381,0.23574018478393555,1.3645501136779785,0.22677302360534668,0.2673299312591553,0.5010931491851807,0.26607394218444824,0.2222299575805664,0.5653109550476074,0.2142930030822754,0.26698875427246094,,0.21199417114257812,0.24491214752197266,0.4817631244659424,0.5305519104003906,0.22031116485595703,0.25231480598449707,0.2497711181640625,0.22054290771484375,0.24294400215148926,0.5330440998077393,0.5496571063995361,0.22795414924621582,0.6424720287322998,0.25157999992370605,1.788536787033081,0.5744829177856445,0.25348782539367676,0.5214970111846924,0.2546699047088623,,0.2588207721710205,0.5435991287231445,2.226879358291626,0.4991910457611084,,,0.5178399085998535,1.1672861576080322,0.2665262222290039,0.2489159107208252,0.22955894470214844
1142,0.2642090320587158,0.23493194580078125,0.4860548973083496,,0.21145415306091309,0.8137569427490234,0.47426319122314453,0.23139667510986328,0.2319169044494629,17.27675700187683,0.2550930976867676,0.25286388397216797,0.5016419887542725,0.2729959487915039,0.21406984329223633,0.2604248523712158,0.25853586196899414,0.6997807025909424,,0.21866297721862793,0.24637484550476074,0.5370221138000488,0.5450959205627441,0.23026084899902344,0.24296116828918457,0.2108922004699707,0.25055408477783203,0.21819114685058594,1.1960909366607666,0.5176000595092773,0.216141939163208,0.5071077346801758,0.2662389278411865,1.2208523750305176,0.5775408744812012,0.26452016830444336,0.9609708786010742,0.2384800910949707,,0.22292399406433105,0.24824190139770508,0.9677197933197021,0.546893835067749,,,0.2634580135345459,0.51904296875,0.24918889999389648,0.23232507705688477,0.43439388275146484
1143,0.24965882301330566,0.22891020774841309,0.2646186351776123,,0.229111909866333,0.4885439872741699,0.4691929817199707,0.4858722686767578,0.23993587493896484,17.946689128875732,0.23281121253967285,0.24904108047485352,0.5160019397735596,0.395031213760376,0.23005175590515137,0.5831220149993896,0.23896121978759766,0.5706210136413574,,0.21759700775146484,0.49103307723999023,0.5385880470275879,0.5029211044311523,0.5166599750518799,0.24591469764709473,0.23911499977111816,0.2529642581939697,0.24747085571289062,0.8989629745483398,0.8549480438232422,0.23670411109924316,0.5006721019744873,0.5165119171142578,0.9686381816864014,0.5989587306976318,0.2548060417175293,0.5512027740478516,0.2502307891845703,,0.21863985061645508,0.2500159740447998,3.1367077827453613,0.5424349308013916,,,0.5029101371765137,0.5120229721069336,0.2502248287200928,0.25957512855529785,0.599276065826416
1144,0.22010326385498047,0.22771120071411133,0.504993200302124,,0.22812104225158691,0.8563170433044434,0.23680424690246582,0.24315500259399414,0.24814486503601074,11.66046690940857,0.21526789665222168,0.24532508850097656,0.5160939693450928,0.25886011123657227,0.21222805976867676,0.22099924087524414,0.22305893898010254,0.5071780681610107,,0.2663919925689697,0.5244531631469727,0.4819912910461426,0.20477795600891113,0.23245692253112793,0.2354271411895752,0.22298192977905273,0.26887989044189453,0.24344396591186523,1.17989182472229,1.1302158832550049,0.2381150722503662,0.5044131278991699,0.5059158802032471,0.4994680881500244,0.5636579990386963,0.24533510208129883,5.312903881072998,0.24381017684936523,,0.2459571361541748,0.24521803855895996,6.260613918304443,0.5124280452728271,,,0.4979817867279053,0.5615289211273193,0.2240138053894043,0.27289438247680664,0.25103092193603516
1145,0.2441420555114746,0.2170548439025879,0.24628281593322754,,0.23932099342346191,0.503911018371582,0.21488189697265625,1.1102721691131592,0.22749781608581543,18.21720814704895,0.24143099784851074,0.22669315338134766,0.48740720748901367,1.02044677734375,0.23282599449157715,0.5802791118621826,0.21626996994018555,0.5193963050842285,,0.26160407066345215,0.4539151191711426,0.27292895317077637,0.49790382385253906,0.2233271598815918,0.23180484771728516,0.2191019058227539,0.24871420860290527,0.21991777420043945,0.5841751098632812,5.844205856323242,0.2417891025543213,0.5318610668182373,0.4927990436553955,2.398469924926758,0.2512338161468506,0.25558900833129883,0.23865413665771484,0.23912501335144043,,0.22199010848999023,0.2638518810272217,2.5689351558685303,0.2308790683746338,,,0.4870109558105469,0.5336549282073975,0.24125003814697266,0.2604939937591553,0.48992419242858887
1146,0.22119593620300293,0.21935796737670898,0.5493907928466797,,0.2425379753112793,0.22421789169311523,0.482698917388916,0.46863627433776855,0.2141270637512207,,0.22786998748779297,0.2515871524810791,0.5214600563049316,0.2645900249481201,0.23791289329528809,0.5492379665374756,0.21887898445129395,0.26918506622314453,,0.22729802131652832,1.0864720344543457,0.5362439155578613,0.8556809425354004,0.20994091033935547,0.2358379364013672,0.23501920700073242,0.25145602226257324,0.24720001220703125,0.25184202194213867,1.4400408267974854,0.24335885047912598,0.48796606063842773,0.5121328830718994,0.5142807960510254,0.5644207000732422,0.23952889442443848,0.5579080581665039,0.3077049255371094,,0.2659320831298828,0.2456068992614746,2.2645912170410156,0.5074617862701416,,,0.4850301742553711,0.550055980682373,0.22729873657226562,0.25444674491882324,0.4662508964538574
1147,0.23867511749267578,0.21977710723876953,1.131730079650879,,0.2741508483886719,0.501237154006958,0.23012828826904297,0.8078429698944092,0.24328398704528809,,0.2540898323059082,0.22637605667114258,0.24509429931640625,0.265977144241333,0.2353651523590088,1.8932890892028809,0.2337350845336914,0.32527899742126465,,0.5519628524780273,0.5042750835418701,0.4999277591705322,0.23934102058410645,0.21923470497131348,0.22635316848754883,0.21627283096313477,0.22473859786987305,0.22342300415039062,0.254443883895874,1.1539270877838135,0.2234818935394287,0.5267219543457031,0.2492661476135254,2.0106611251831055,0.6041731834411621,0.24076414108276367,0.5292270183563232,0.22960901260375977,,0.24625682830810547,1.0513169765472412,1.5488309860229492,0.6828670501708984,,,0.6911280155181885,0.5475306510925293,0.5277249813079834,0.28684306144714355,0.517096996307373
1148,0.2384650707244873,0.23284506797790527,1.107511043548584,,0.2580831050872803,1.1154348850250244,0.4765810966491699,0.4899723529815674,0.23100686073303223,,0.23115086555480957,0.22574806213378906,0.4718451499938965,0.2755880355834961,0.2418818473815918,0.5403261184692383,0.21563482284545898,0.2626349925994873,,0.31078100204467773,0.5076768398284912,0.5138123035430908,0.4926440715789795,0.21842622756958008,0.28139495849609375,0.22513413429260254,0.2243058681488037,0.26048994064331055,0.49921107292175293,0.5119009017944336,0.23535490036010742,0.49115991592407227,0.5119621753692627,1.4721837043762207,0.5595989227294922,0.22876405715942383,0.5404660701751709,0.23580479621887207,,0.22544384002685547,0.25877904891967773,1.0944609642028809,0.5269806385040283,,,0.48353099822998047,0.519550085067749,0.26938796043395996,0.2641792297363281,0.2579636573791504
1149,0.23845195770263672,0.22237896919250488,0.5395481586456299,,0.24816083908081055,0.4921391010284424,1.0901050567626953,0.5036900043487549,0.25284695625305176,,0.23969197273254395,0.2445828914642334,0.5096859931945801,0.2655761241912842,0.21706223487854004,0.5928778648376465,0.2481069564819336,0.5031948089599609,,0.5479717254638672,0.5096662044525146,0.5455851554870605,1.0473270416259766,0.23291277885437012,0.22826790809631348,0.21092987060546875,0.24834585189819336,0.21883821487426758,0.2626988887786865,1.3165581226348877,0.21622514724731445,0.49904513359069824,0.5368859767913818,0.9252560138702393,0.2649509906768799,0.23464083671569824,0.5747301578521729,0.24670004844665527,,0.242048978805542,0.46971607208251953,6.079190015792847,0.5293362140655518,,,0.5005149841308594,0.528195858001709,0.26421570777893066,0.2741281986236572,0.27286410331726074
1150,0.2276012897491455,0.21507024765014648,0.5027201175689697,,0.24494695663452148,0.4965329170227051,0.23859310150146484,0.4862329959869385,0.2377488613128662,,0.22916197776794434,0.25272130966186523,0.5008442401885986,0.25815773010253906,0.21361303329467773,0.2382500171661377,0.22072291374206543,0.2529022693634033,,0.24181103706359863,0.5259418487548828,0.2362220287322998,0.4539651870727539,0.2352309226989746,0.23847508430480957,0.2421739101409912,0.23411893844604492,0.24964404106140137,0.2606949806213379,1.1136629581451416,0.2604358196258545,0.5016598701477051,1.1363072395324707,0.9512739181518555,0.2518949508666992,0.23400282859802246,0.5037229061126709,0.23306965827941895,,0.21935796737670898,0.27059197425842285,3.0027992725372314,1.0839669704437256,,,0.4788379669189453,0.5280871391296387,0.5168349742889404,0.251950740814209,0.23794889450073242
1151,0.24307799339294434,0.21293163299560547,0.25316596031188965,,0.24375081062316895,1.1471939086914062,2.0552141666412354,0.23839378356933594,0.228010892868042,,0.2168571949005127,0.25838589668273926,0.4894111156463623,1.1453220844268799,0.24491429328918457,0.9409511089324951,0.21865391731262207,0.7204349040985107,,0.22709989547729492,0.5335280895233154,0.5462641716003418,0.48728108406066895,0.23478460311889648,0.22913098335266113,0.25159788131713867,0.24312925338745117,0.22159194946289062,0.5059738159179688,0.5323338508605957,0.2189340591430664,0.5327727794647217,0.257983922958374,0.9296059608459473,0.5773711204528809,0.23194503784179688,0.9612038135528564,0.23335909843444824,,0.2651188373565674,0.25434398651123047,2.7721028327941895,0.5461077690124512,,,0.486530065536499,0.5486822128295898,0.5061471462249756,0.26491808891296387,0.23699498176574707
1152,0.24108219146728516,0.21592187881469727,0.503058910369873,,0.24690580368041992,0.48363590240478516,0.46495795249938965,0.2306668758392334,0.23469901084899902,,0.2540290355682373,0.23021793365478516,0.5047369003295898,1.0093870162963867,0.22652268409729004,0.5851221084594727,0.2666919231414795,0.244581937789917,,0.55364990234375,0.5015110969543457,0.23439311981201172,0.22687196731567383,0.20948505401611328,0.23385190963745117,0.2441091537475586,0.2527601718902588,0.24916410446166992,0.5367112159729004,0.5208141803741455,0.21970415115356445,0.5172998905181885,0.5072572231292725,0.856071949005127,0.5807349681854248,0.24932003021240234,0.9322328567504883,0.332751989364624,,0.22488880157470703,0.2697439193725586,2.2778117656707764,2.5565590858459473,,,0.4852428436279297,1.5393929481506348,0.2360219955444336,0.24611186981201172,0.5574090480804443
1153,0.23775315284729004,0.23801898956298828,1.0807979106903076,,0.2929267883300781,0.5005080699920654,0.4647531509399414,0.5143320560455322,0.21462297439575195,,0.23059606552124023,0.23713397979736328,0.5148570537567139,1.2561440467834473,0.25920891761779785,0.5337419509887695,0.2478771209716797,0.266510009765625,,0.23318076133728027,0.5093727111816406,0.5119585990905762,0.2168560028076172,0.2522013187408447,0.24980902671813965,0.24255990982055664,0.24987292289733887,0.2653660774230957,0.5367739200592041,0.9477713108062744,0.2443389892578125,0.48885107040405273,0.3759806156158447,1.2677509784698486,0.6147661209106445,0.23397493362426758,0.9158778190612793,0.22928905487060547,,0.24547886848449707,0.27937912940979004,7.149451971054077,0.966515064239502,,,0.4825589656829834,0.5619893074035645,0.2644062042236328,0.25794386863708496,0.5088667869567871
1154,0.22043490409851074,0.21230506896972656,0.5012679100036621,,0.2302720546722412,1.112412929534912,0.5096859931945801,0.4842660427093506,0.25420618057250977,,0.24827003479003906,0.22390198707580566,0.5165579319000244,0.25373291969299316,0.22434592247009277,0.5451409816741943,0.25084900856018066,0.27401280403137207,,0.25300002098083496,0.46459007263183594,0.5111088752746582,0.2305290699005127,0.2264869213104248,0.23198294639587402,0.23549103736877441,0.25878190994262695,0.2224576473236084,0.5239648818969727,1.2264771461486816,0.23583602905273438,1.5045440196990967,0.5066506862640381,1.2551980018615723,0.5826141834259033,0.22905802726745605,3.953622817993164,0.23453712463378906,,0.22315597534179688,0.2664501667022705,2.9879672527313232,0.5052800178527832,,,0.5014510154724121,0.5165390968322754,0.2359180450439453,0.25588417053222656,0.5154707431793213
1155,0.22893285751342773,0.23056793212890625,0.8688499927520752,,0.21520280838012695,0.4882497787475586,0.5058209896087646,0.48423194885253906,0.23467516899108887,,0.2438499927520752,0.2257239818572998,0.5188431739807129,0.24266600608825684,0.2158961296081543,0.5702240467071533,0.22238397598266602,0.542168140411377,,0.5318038463592529,0.8886029720306396,0.5468297004699707,0.5137810707092285,0.22092199325561523,0.2267141342163086,0.23429083824157715,0.2186591625213623,0.2458798885345459,0.6273751258850098,0.2538340091705322,0.24586868286132812,0.9211080074310303,0.5067939758300781,1.249100923538208,0.5791099071502686,0.24264311790466309,0.5830411911010742,0.5315489768981934,,0.24768996238708496,0.25443005561828613,3.2819011211395264,0.23520112037658691,,,0.5009422302246094,0.5329380035400391,0.2666146755218506,0.2606008052825928,0.2343919277191162
1156,0.24262094497680664,0.2368168830871582,0.4996218681335449,,0.20867395401000977,1.0975968837738037,1.0897629261016846,0.23620200157165527,0.23731398582458496,,0.23034191131591797,0.2605760097503662,0.5013060569763184,0.6054649353027344,0.2183380126953125,0.5738589763641357,0.2508981227874756,0.25669217109680176,,0.2951018810272217,0.46652817726135254,0.5339500904083252,0.3124542236328125,0.21329689025878906,0.22735309600830078,0.24597692489624023,0.22873711585998535,0.21857190132141113,0.48370885848999023,1.1383342742919922,0.21544599533081055,0.49779415130615234,0.25587916374206543,0.5600681304931641,0.5905590057373047,0.2318861484527588,0.9632682800292969,0.26736903190612793,,0.23639297485351562,0.2445240020751953,2.5977022647857666,0.4965848922729492,,,0.5171589851379395,0.5673739910125732,0.25066304206848145,0.24358892440795898,0.23417305946350098
1157,0.24020695686340332,0.23133206367492676,0.5073678493499756,,0.21148419380187988,0.513171911239624,0.49177098274230957,0.4651918411254883,0.22668910026550293,,0.2542140483856201,0.2509651184082031,0.49675416946411133,0.2637979984283447,0.21798920631408691,0.9495220184326172,0.26517605781555176,0.36274194717407227,,0.5230541229248047,0.5012516975402832,0.2694840431213379,0.5485248565673828,0.2335681915283203,0.24613213539123535,0.21251296997070312,0.24276518821716309,0.2197880744934082,0.4827609062194824,0.49665021896362305,0.23824000358581543,0.635491132736206,0.2707209587097168,1.539273977279663,0.24962687492370605,0.2499220371246338,0.948889970779419,0.2972898483276367,,0.21810698509216309,0.26267504692077637,3.4957640171051025,0.5586709976196289,,,0.4713900089263916,1.1849400997161865,0.22345209121704102,0.23955321311950684,0.24833226203918457
1158,0.24547696113586426,0.21202683448791504,0.46250009536743164,,0.23157668113708496,0.5133810043334961,0.4838747978210449,0.49997591972351074,0.2433490753173828,,0.2252519130706787,0.24606084823608398,0.5098099708557129,0.24504780769348145,0.24332594871520996,0.2420191764831543,0.25121212005615234,0.9193110466003418,,0.23527073860168457,0.23114991188049316,0.2682487964630127,0.27081298828125,0.2491457462310791,0.26848506927490234,0.23996496200561523,0.22241806983947754,0.26076793670654297,1.1595921516418457,0.5119481086730957,0.22775912284851074,0.5569782257080078,0.5331790447235107,1.5638959407806396,0.2733180522918701,0.23368501663208008,0.9921920299530029,0.5611028671264648,,0.24553799629211426,0.2851741313934326,2.89974308013916,0.9072887897491455,,,0.5220160484313965,1.1690690517425537,0.23581385612487793,0.2446141242980957,0.23361778259277344
1159,0.2233119010925293,0.2374558448791504,0.53460693359375,,0.22353100776672363,1.090973138809204,0.48819923400878906,0.49806690216064453,0.2466280460357666,,0.21616196632385254,0.22847700119018555,0.5234289169311523,0.5655629634857178,0.21970725059509277,0.5450100898742676,0.2505979537963867,0.5595111846923828,,0.21486282348632812,0.5218870639801025,0.5473451614379883,0.6089308261871338,0.39530301094055176,0.25018906593322754,0.23554515838623047,0.2667059898376465,0.2517082691192627,0.24309086799621582,0.8749110698699951,0.24255084991455078,0.22335410118103027,0.2522730827331543,0.9090101718902588,0.6136550903320312,0.26079702377319336,0.9211828708648682,0.2483961582183838,,0.24918198585510254,0.2562539577484131,1.598586082458496,0.5611157417297363,,,0.5302441120147705,0.5117871761322021,0.24805784225463867,0.24356818199157715,0.5201799869537354
1160,0.24323201179504395,0.31577587127685547,0.5028278827667236,,0.21417498588562012,0.5175249576568604,0.237746000289917,0.49838900566101074,0.2160789966583252,,0.2423701286315918,0.23813509941101074,0.5379190444946289,0.26543474197387695,0.24638104438781738,0.5601189136505127,0.25078511238098145,0.26744794845581055,,0.5561351776123047,0.527972936630249,0.5638668537139893,1.1208529472351074,0.2130601406097412,0.24846482276916504,0.2344808578491211,0.25006103515625,0.22069191932678223,1.1710212230682373,1.5542259216308594,0.23800015449523926,1.2697579860687256,0.2959139347076416,0.891456127166748,0.29878687858581543,0.23856306076049805,0.9440371990203857,0.2370281219482422,,0.2258470058441162,0.271960973739624,3.2423369884490967,1.2420909404754639,,,0.4997541904449463,0.5104877948760986,0.5444731712341309,0.2455449104309082,0.27968502044677734
1161,0.22125697135925293,0.23609113693237305,0.5004081726074219,,0.22154998779296875,0.24860119819641113,0.24328303337097168,0.5013940334320068,0.22791600227355957,,0.2233259677886963,0.23958802223205566,0.5373280048370361,0.26908397674560547,0.2292780876159668,1.190554141998291,0.2495870590209961,0.2612569332122803,,0.2960081100463867,0.4791722297668457,0.4963359832763672,0.5537652969360352,0.21025896072387695,0.2385730743408203,0.2500650882720947,0.250593900680542,0.24789118766784668,0.5332601070404053,0.26012110710144043,0.24798083305358887,0.5165309906005859,0.5494499206542969,0.5742380619049072,0.26018190383911133,0.2558262348175049,0.9649779796600342,0.24885892868041992,,0.2588372230529785,0.2655789852142334,9.975405216217041,1.0856361389160156,,,0.5162267684936523,0.529548168182373,0.22683095932006836,0.24994206428527832,0.26059389114379883
1162,0.23931217193603516,0.23351287841796875,0.5016510486602783,,0.22035694122314453,0.8478999137878418,0.548893928527832,0.4558372497558594,0.21912813186645508,,0.23384809494018555,0.22621989250183105,0.5140337944030762,0.24477386474609375,0.24362707138061523,0.25789499282836914,0.2617001533508301,0.22849702835083008,,0.2284080982208252,0.506777286529541,0.49766969680786133,0.5586869716644287,0.22847795486450195,0.22675681114196777,0.23703312873840332,0.2255260944366455,0.24860739707946777,0.9137239456176758,0.32029104232788086,0.22356104850769043,0.4712541103363037,0.24770712852478027,0.8879649639129639,0.5723137855529785,0.24758028984069824,0.2540149688720703,0.2473769187927246,,0.2260117530822754,0.24848008155822754,0.21833300590515137,0.9239926338195801,,,0.5207958221435547,0.5441362857818604,0.49654412269592285,0.24946904182434082,0.261030912399292
1163,0.24517297744750977,0.23509931564331055,1.128688097000122,,0.23162484169006348,1.1171150207519531,0.5160801410675049,0.2628309726715088,0.2481369972229004,,0.24777603149414062,0.2395479679107666,0.49047088623046875,0.2666900157928467,0.23993301391601562,1.1696288585662842,0.2234790325164795,0.27885890007019043,,0.26450490951538086,0.7219550609588623,0.3118467330932617,0.5176780223846436,0.21546006202697754,0.24450302124023438,0.23352503776550293,0.2395012378692627,0.24054574966430664,0.5149896144866943,3.5812289714813232,0.23374176025390625,0.5018019676208496,0.4985489845275879,0.9210038185119629,0.555866003036499,0.2430729866027832,0.9288182258605957,0.5837030410766602,,0.24273896217346191,0.24342608451843262,4.642483949661255,0.530440092086792,,,0.501101016998291,0.6152610778808594,0.9111301898956299,0.2475600242614746,0.5319168567657471
1164,0.22268009185791016,0.5192148685455322,0.5370831489562988,,0.21055889129638672,0.7485339641571045,0.47152113914489746,0.22287893295288086,0.23958277702331543,,0.2224886417388916,0.23170733451843262,0.527437686920166,0.24802184104919434,0.2405548095703125,1.1964519023895264,0.25171422958374023,0.2738001346588135,,0.2176060676574707,0.4743659496307373,0.5165519714355469,0.5207111835479736,0.8011860847473145,0.24448513984680176,0.21179628372192383,0.2381591796875,0.21879220008850098,0.2282249927520752,0.2594139575958252,0.21628713607788086,0.8478052616119385,0.4970240592956543,1.2636432647705078,0.630119800567627,0.2532327175140381,0.9617791175842285,0.6727969646453857,,0.21964597702026367,0.24474596977233887,2.5059258937835693,0.28461599349975586,,,0.5092430114746094,0.5334360599517822,0.5057570934295654,0.23429107666015625,0.5793390274047852
1165,0.2440052032470703,0.23752808570861816,0.49352312088012695,,0.21312904357910156,0.5178539752960205,1.0769767761230469,0.5386338233947754,0.2448279857635498,,0.24431991577148438,0.2340548038482666,0.53765869140625,0.9408280849456787,0.21694207191467285,0.5960571765899658,0.25246214866638184,0.5423569679260254,,1.2165911197662354,0.5266258716583252,0.7697792053222656,0.5147490501403809,0.2124767303466797,0.2533590793609619,0.23402905464172363,0.2450389862060547,0.2389087677001953,0.2609751224517822,1.5851731300354004,0.26021599769592285,0.5293169021606445,0.9079670906066895,0.5366990566253662,0.27912306785583496,0.25060415267944336,0.23874878883361816,0.549882173538208,,0.2521247863769531,0.24872708320617676,1.0088350772857666,0.4936800003051758,,,0.5052447319030762,0.5487370491027832,0.22386503219604492,0.23767399787902832,0.24116301536560059
1166,0.22443389892578125,0.22284388542175293,1.092820167541504,,0.2342238426208496,0.5006141662597656,0.4614419937133789,0.48493099212646484,0.2247309684753418,,0.2150280475616455,0.24786686897277832,0.2733790874481201,0.3168678283691406,0.2208118438720703,0.5493218898773193,0.24788713455200195,0.2611520290374756,,0.223099946975708,0.4723532199859619,0.54823899269104,0.4844951629638672,0.2183670997619629,0.24963998794555664,0.2539529800415039,0.22585296630859375,0.23053979873657227,0.2890281677246094,0.8599808216094971,0.22089076042175293,0.5162050724029541,0.5628190040588379,0.85323166847229,0.5958521366119385,0.2450559139251709,0.5593719482421875,0.533825159072876,,0.2661020755767822,0.24570703506469727,0.8614892959594727,1.2197880744934082,,,0.4838259220123291,1.1828219890594482,0.5397739410400391,0.2314138412475586,0.2574746608734131
1167,0.25984811782836914,0.7719039916992188,0.49865198135375977,,0.2352139949798584,0.5162842273712158,0.4553987979888916,0.24059319496154785,0.2357311248779297,,0.24310803413391113,0.23623180389404297,0.5337541103363037,0.3122079372406006,0.21653985977172852,1.1846437454223633,0.2685990333557129,0.5543296337127686,,0.2298121452331543,1.0912249088287354,0.896752119064331,0.5174999237060547,0.4723951816558838,0.2485191822052002,0.23414897918701172,0.24725818634033203,0.2430741786956787,0.5129427909851074,5.419696807861328,0.2180778980255127,2.862342119216919,0.49820971488952637,2.5230729579925537,0.28258395195007324,0.27142906188964844,0.9242880344390869,0.2862250804901123,,0.24866628646850586,0.26399707794189453,13.994527339935303,1.129276990890503,,,0.49991297721862793,0.5479128360748291,0.5031890869140625,0.23090314865112305,0.24695110321044922
1168,0.24779415130615234,0.2388780117034912,1.0041399002075195,,0.25134897232055664,0.22540283203125,0.48594212532043457,0.24572086334228516,0.21631407737731934,,0.2461869716644287,0.23056483268737793,0.5312550067901611,0.29778289794921875,0.23427677154541016,1.1945159435272217,0.24698710441589355,0.24643397331237793,,0.2484738826751709,0.47370100021362305,0.4971039295196533,0.5028011798858643,0.5222711563110352,0.26308298110961914,0.22795796394348145,0.25087785720825195,0.23920512199401855,0.25188398361206055,0.6913888454437256,0.25095295906066895,0.5095601081848145,0.5171568393707275,0.5509910583496094,0.5786209106445312,0.240447998046875,0.9118697643280029,0.26134204864501953,,0.22326874732971191,0.23087692260742188,10.63266897201538,2.142727851867676,,,0.4697120189666748,1.134376049041748,1.5716521739959717,0.7604160308837891,0.2552046775817871
1169,0.2256309986114502,0.2429060935974121,0.5000789165496826,,0.23601293563842773,0.5025947093963623,0.6647229194641113,0.21595287322998047,0.25807905197143555,,0.21956801414489746,0.22615289688110352,0.5010712146759033,0.2625710964202881,0.22340106964111328,0.25713181495666504,0.24945306777954102,0.5696268081665039,,0.24445676803588867,2.3626208305358887,0.2452852725982666,0.5047712326049805,0.24530386924743652,0.22748112678527832,0.2496812343597412,0.2582709789276123,0.24316000938415527,0.28377485275268555,0.5165369510650635,0.21948528289794922,1.106114149093628,0.515549898147583,0.8540470600128174,0.5614099502563477,0.22869491577148438,13.677503824234009,0.5690362453460693,,0.24566411972045898,0.26219701766967773,2.885789155960083,1.3931069374084473,,,0.4841878414154053,1.1434950828552246,0.5148439407348633,0.5084760189056396,0.5091440677642822
1170,0.2510557174682617,0.5077111721038818,1.0973920822143555,,0.2347712516784668,0.49992895126342773,0.5073120594024658,0.2444016933441162,0.22319412231445312,,0.21805596351623535,0.22833800315856934,0.4876728057861328,0.6193809509277344,0.24208903312683105,0.5358700752258301,0.22457122802734375,0.26162099838256836,,0.5170319080352783,0.5156011581420898,0.5477850437164307,0.5006179809570312,0.6409947872161865,0.2469649314880371,0.24806594848632812,0.22583508491516113,0.22644782066345215,0.5288236141204834,0.47253990173339844,0.2508881092071533,0.5185089111328125,0.4813821315765381,0.5313758850097656,0.5791189670562744,0.2563340663909912,6.84852409362793,0.28450822830200195,,0.2508659362792969,0.2411818504333496,7.900896072387695,0.9610748291015625,,,0.4996299743652344,0.5051829814910889,0.2376539707183838,0.8648478984832764,0.25489377975463867
1171,0.24890995025634766,0.8622939586639404,0.49756479263305664,,0.21081805229187012,0.5489590167999268,1.1121890544891357,0.22294282913208008,0.24564909934997559,,0.24740982055664062,0.2601311206817627,0.5431661605834961,0.8083548545837402,0.23717594146728516,1.1970489025115967,0.2506449222564697,0.9327549934387207,,0.29815006256103516,2.0639150142669678,1.185180902481079,1.4998109340667725,0.4996500015258789,0.24930024147033691,0.25842785835266113,0.24821090698242188,0.22065019607543945,0.5400559902191162,2.2657411098480225,0.2177731990814209,0.5005028247833252,0.3757638931274414,0.5473401546478271,0.5724380016326904,0.23609685897827148,0.5664288997650146,0.29703497886657715,,0.2373640537261963,0.2625439167022705,3.7795603275299072,0.3104989528656006,,,0.484173059463501,0.5454390048980713,0.5185320377349854,0.5184900760650635,0.5308659076690674
1172,0.2685410976409912,0.22915410995483398,0.5462939739227295,,0.22924089431762695,0.4865710735321045,0.8603901863098145,0.25922417640686035,0.22606301307678223,,0.2425367832183838,0.25371694564819336,0.5045650005340576,0.6118760108947754,0.21244597434997559,1.6229851245880127,0.26553988456726074,0.26819419860839844,,0.251284122467041,0.5287039279937744,0.2735328674316406,0.6035928726196289,0.4598731994628906,0.2554619312286377,0.22223520278930664,0.2214820384979248,0.24091482162475586,1.0850486755371094,0.25177693367004395,0.23900389671325684,0.8530900478363037,0.5154571533203125,0.5319602489471436,0.23719406127929688,0.24980688095092773,1.2483620643615723,0.4972059726715088,,0.22019720077514648,0.2510032653808594,3.9373412132263184,0.23796772956848145,,,0.48454976081848145,0.5494050979614258,0.5043818950653076,0.22588300704956055,0.24583911895751953
1173,0.24932003021240234,0.4916868209838867,1.0985260009765625,,0.2545950412750244,1.123718023300171,0.5187618732452393,0.484112024307251,0.2463841438293457,,0.2320709228515625,0.2438819408416748,0.5197861194610596,0.26712894439697266,0.24601221084594727,1.6289098262786865,0.2527148723602295,0.542186975479126,,0.24876713752746582,1.1781110763549805,1.1261069774627686,0.803088903427124,0.5141472816467285,0.26140904426574707,0.21680569648742676,0.2515120506286621,0.2393949031829834,0.24965405464172363,3.2446160316467285,0.22456598281860352,0.8736810684204102,0.5468740463256836,0.5821540355682373,0.6071591377258301,0.26428890228271484,0.7563199996948242,0.592195987701416,,0.24306893348693848,0.24408197402954102,9.877230882644653,0.2419109344482422,,,0.8251137733459473,1.1611180305480957,0.5487580299377441,0.8485138416290283,0.23845887184143066
1174,0.2501678466796875,0.24863195419311523,0.27083706855773926,,0.23731303215026855,1.1284499168395996,0.489224910736084,0.2589147090911865,0.23855829238891602,,0.21673011779785156,0.2275090217590332,0.5106089115142822,0.253018856048584,0.2424299716949463,1.220466136932373,0.24974799156188965,0.2518310546875,,0.6006462574005127,0.47635936737060547,1.1937010288238525,0.6721329689025879,0.2318248748779297,0.25176310539245605,0.22144722938537598,0.2686331272125244,0.24429893493652344,1.1977078914642334,1.1815626621246338,0.24608206748962402,0.8704531192779541,0.5210690498352051,0.9341952800750732,0.6060271263122559,0.23611807823181152,1.704057216644287,0.23727989196777344,,0.2226848602294922,0.25066399574279785,8.11582899093628,0.25654077529907227,,,0.27303290367126465,1.5717790126800537,0.2521169185638428,0.535844087600708,0.5912430286407471
1175,0.24677515029907227,0.22876596450805664,0.5134890079498291,,0.23441791534423828,0.47998595237731934,1.19073486328125,0.24181604385375977,0.21536922454833984,,0.24375700950622559,0.23319196701049805,0.5037331581115723,0.9804747104644775,0.21832489967346191,2.2803268432617188,0.2464919090270996,0.5312471389770508,,0.5324440002441406,0.5054900646209717,0.254993200302124,0.5128500461578369,1.1388318538665771,0.24783110618591309,0.21917390823364258,0.24494528770446777,0.2223498821258545,0.2527351379394531,1.8167798519134521,0.240325927734375,0.5134279727935791,0.5337917804718018,0.5503852367401123,0.5748066902160645,0.2573692798614502,0.5361447334289551,0.2620887756347656,,0.25049304962158203,0.24428606033325195,6.237491130828857,0.5284223556518555,,,0.2589840888977051,0.5424478054046631,0.22271203994750977,0.5355708599090576,0.5298280715942383
1176,0.22542524337768555,0.21166014671325684,0.28075289726257324,,0.23647308349609375,0.8727941513061523,0.5004758834838867,0.6900572776794434,0.2427380084991455,,0.22154688835144043,0.23934006690979004,0.5073111057281494,0.2527930736541748,0.2286679744720459,0.963994026184082,0.24889087677001953,0.2643589973449707,,0.2621297836303711,0.49828100204467773,0.5014340877532959,0.49738597869873047,0.20209097862243652,0.24477481842041016,0.23212790489196777,0.24192380905151367,0.24582505226135254,0.26654911041259766,0.40088987350463867,0.24642419815063477,0.5023961067199707,0.9333288669586182,0.9241559505462646,0.609943151473999,0.23442411422729492,0.9623589515686035,0.5716269016265869,,0.2638099193572998,0.2487030029296875,12.127860069274902,1.199843168258667,,,0.23930907249450684,1.162142038345337,0.23157906532287598,0.2528059482574463,0.681088924407959
1177,0.26599693298339844,0.24400997161865234,0.49369192123413086,,0.23510408401489258,0.5098569393157959,0.5064489841461182,0.45505499839782715,0.22846508026123047,,0.2645230293273926,0.23520398139953613,0.5138230323791504,0.29214000701904297,0.24113225936889648,0.9392180442810059,0.26596808433532715,0.26166796684265137,,0.22294282913208008,0.4828610420227051,0.5442183017730713,0.5131468772888184,0.48959898948669434,0.22904706001281738,0.2268977165222168,0.22487616539001465,0.22278308868408203,0.5149760246276855,0.910027027130127,0.22565102577209473,0.5017738342285156,0.5330629348754883,0.5332341194152832,0.25214123725891113,0.2826409339904785,1.2319517135620117,0.5315539836883545,,0.2506990432739258,0.28217220306396484,3.0168981552124023,0.514829158782959,,,0.48595213890075684,0.8542170524597168,0.5356972217559814,0.24650216102600098,0.5525000095367432
1178,0.25287604331970215,0.2242889404296875,0.5463659763336182,,0.2510371208190918,0.5008530616760254,0.49637508392333984,0.4902799129486084,0.24258828163146973,,0.22220492362976074,0.23479199409484863,0.5145611763000488,0.25163698196411133,0.23873114585876465,0.5524280071258545,0.2254781723022461,0.5412349700927734,,0.5166671276092529,0.4677140712738037,0.5344541072845459,0.4817979335784912,0.5012936592102051,0.27049899101257324,0.23437094688415527,0.25290703773498535,0.26033902168273926,0.57977294921875,0.48228025436401367,0.21634721755981445,0.8604719638824463,0.5341119766235352,0.5492410659790039,0.28090476989746094,0.2626769542694092,0.9837617874145508,0.5845508575439453,,0.24932479858398438,0.2440509796142578,5.926601886749268,1.1960408687591553,,,0.25029492378234863,0.5657291412353516,0.2636399269104004,0.2509891986846924,0.9215872287750244
1179,0.2486410140991211,0.23248505592346191,1.534148931503296,,0.21267104148864746,0.4978959560394287,0.5217971801757812,0.7183430194854736,0.2454369068145752,,0.24606013298034668,0.23029303550720215,0.498870849609375,0.26871609687805176,0.21715712547302246,0.525550127029419,0.2506861686706543,0.5610389709472656,,0.2600569725036621,0.46723294258117676,0.5082747936248779,0.24340033531188965,0.29158973693847656,0.25115108489990234,0.21474194526672363,0.2562999725341797,0.22205686569213867,1.1353669166564941,0.24995207786560059,0.24023199081420898,1.5591228008270264,0.5476901531219482,0.5356721878051758,0.5628550052642822,0.23952388763427734,0.5625569820404053,0.32744598388671875,,0.22205805778503418,0.2696821689605713,0.8472719192504883,0.5056991577148438,,,0.2664210796356201,0.5323688983917236,0.2659759521484375,0.26336193084716797,0.2779390811920166
1180,0.250546932220459,0.45427799224853516,0.4797971248626709,,0.23081016540527344,0.8728578090667725,0.4717118740081787,0.4846830368041992,0.23940706253051758,,0.2273411750793457,0.23566079139709473,0.5034031867980957,0.26318907737731934,0.21510910987854004,1.5716791152954102,0.24953699111938477,0.5368211269378662,,0.21873998641967773,0.53013014793396,0.5303609371185303,0.5008928775787354,0.2581210136413574,0.2442476749420166,0.22929906845092773,0.24743986129760742,0.24971890449523926,0.513887882232666,0.2484591007232666,0.2389380931854248,0.21931004524230957,0.5509891510009766,0.5190021991729736,0.5880937576293945,0.25801587104797363,13.523581981658936,0.5806100368499756,,0.24763011932373047,0.25888586044311523,16.593963146209717,0.8556699752807617,,,0.5036988258361816,0.5350649356842041,0.25640201568603516,0.224196195602417,0.5342080593109131
1181,0.23993396759033203,0.2214188575744629,1.2054078578948975,,0.2303910255432129,0.888059139251709,0.45592212677001953,0.5231008529663086,0.22509002685546875,,0.21437382698059082,0.24672889709472656,0.504141092300415,0.24587583541870117,0.2424619197845459,0.43033885955810547,0.24154305458068848,0.25344085693359375,,0.25377988815307617,1.0671627521514893,0.9753220081329346,0.6431329250335693,0.5068800449371338,0.2600569725036621,0.26557493209838867,0.2519040107727051,0.2522428035736084,0.22433209419250488,0.2485218048095703,0.2487778663635254,0.8456540107727051,0.549401044845581,0.5254950523376465,0.5926828384399414,0.23777413368225098,1.6298880577087402,0.23090887069702148,,0.23946118354797363,0.2696201801300049,15.321892261505127,0.8935348987579346,,,0.5269248485565186,0.5291991233825684,0.23543000221252441,0.24242901802062988,0.47791218757629395
1182,0.25101804733276367,0.21100997924804688,0.2326951026916504,,0.21724319458007812,0.8988759517669678,1.591318130493164,0.49606990814208984,0.2184441089630127,,0.2564363479614258,0.23908400535583496,0.5142719745635986,0.24587607383728027,0.23864984512329102,1.2543811798095703,0.2521820068359375,0.5584633350372314,,0.24898695945739746,1.0742928981781006,1.1534459590911865,0.5155718326568604,0.5194780826568604,0.26306891441345215,0.2151789665222168,0.25054383277893066,0.24878597259521484,0.602529764175415,0.25015902519226074,0.22112011909484863,0.5579659938812256,0.5482838153839111,0.533811092376709,0.2640700340270996,0.2726297378540039,0.5847358703613281,0.23362493515014648,,0.24003386497497559,0.24945807456970215,5.9504852294921875,0.22893190383911133,,,0.4747600555419922,0.5434560775756836,0.24443483352661133,0.4252040386199951,0.24158692359924316
1183,0.22420001029968262,0.23173117637634277,1.131047010421753,,0.23785710334777832,0.25132012367248535,0.29056215286254883,0.29743003845214844,0.24349427223205566,,0.22717618942260742,0.2244119644165039,0.4891691207885742,0.2732558250427246,0.24537110328674316,0.5348799228668213,0.22603106498718262,0.5562670230865479,,0.266495943069458,0.5197029113769531,0.4857368469238281,0.5003550052642822,0.5452218055725098,0.27486228942871094,0.22156000137329102,0.2461850643157959,0.23862195014953613,0.51863694190979,0.481630802154541,0.24793505668640137,1.194139003753662,0.48872971534729004,0.5169651508331299,0.2588691711425781,0.23995304107666016,1.6270201206207275,0.3470499515533447,,0.22835588455200195,0.24823307991027832,4.2840352058410645,0.4945547580718994,,,0.5198168754577637,0.5353138446807861,0.2387073040008545,0.21113276481628418,0.24251198768615723
1184,0.22923707962036133,0.2200160026550293,0.9147398471832275,,0.21620583534240723,0.49625110626220703,0.47470998764038086,0.24506306648254395,0.2350149154663086,,0.2438678741455078,0.2548489570617676,0.5012111663818359,0.2614481449127197,0.2405719757080078,0.565946102142334,0.23701691627502441,0.25828123092651367,,0.5636179447174072,6.758189916610718,0.2596719264984131,0.5207486152648926,0.2248692512512207,0.23733782768249512,0.21589398384094238,0.23962688446044922,0.2463088035583496,0.5347120761871338,0.4833710193634033,0.222153902053833,0.5017349720001221,0.4934227466583252,0.5694150924682617,0.289168119430542,0.23253297805786133,0.761145830154419,0.2341759204864502,,0.24679899215698242,0.2841000556945801,16.876286029815674,0.5166110992431641,,,0.49854373931884766,0.532616138458252,0.24013614654541016,0.7986950874328613,0.29042720794677734
1185,0.23870110511779785,0.22368907928466797,0.2326650619506836,,0.21929693222045898,0.4769930839538574,0.5091261863708496,0.24884724617004395,0.22092103958129883,,0.22288894653320312,0.25124621391296387,0.5050702095031738,0.28089189529418945,0.2216477394104004,0.5794682502746582,0.21956276893615723,0.529486894607544,,0.3019099235534668,0.4751129150390625,0.22594571113586426,0.5413351058959961,0.23228693008422852,0.25820302963256836,0.22176694869995117,0.2306520938873291,0.2971811294555664,0.5269620418548584,0.5553340911865234,0.2586801052093506,1.4802558422088623,0.5115060806274414,0.577003002166748,0.27216315269470215,0.2560710906982422,1.1721529960632324,0.33095622062683105,,0.24962091445922852,0.24187707901000977,12.871886730194092,0.9101381301879883,,,0.5321178436279297,0.5636022090911865,0.22896099090576172,0.24920296669006348,0.5169899463653564
1186,0.2302689552307129,0.2599470615386963,0.5107159614562988,,0.2101283073425293,0.5244138240814209,0.4611241817474365,0.7057909965515137,0.24711132049560547,,0.21859097480773926,0.2652750015258789,0.471843957901001,0.26148319244384766,0.21967816352844238,0.5489239692687988,0.23867487907409668,0.26407599449157715,,0.26194000244140625,0.5084669589996338,0.23569011688232422,0.24325203895568848,0.24424099922180176,0.2539072036743164,0.22935891151428223,0.2559528350830078,0.21907997131347656,0.24611926078796387,0.22977805137634277,0.21902894973754883,0.3919668197631836,0.5075118541717529,0.2763369083404541,0.542841911315918,0.23661422729492188,1.6274659633636475,0.24869370460510254,,0.2629587650299072,1.0110900402069092,,0.25910305976867676,,,0.5158748626708984,0.5469100475311279,0.2322087287902832,0.22305512428283691,0.25441408157348633
1187,0.25312209129333496,0.22774410247802734,0.246751070022583,,0.2166290283203125,0.22268915176391602,0.5207080841064453,0.22674107551574707,0.22182297706604004,,0.23207497596740723,0.24980974197387695,0.5265848636627197,0.2646820545196533,0.21677780151367188,0.2700371742248535,0.24522900581359863,0.25887227058410645,,0.2248549461364746,0.9054701328277588,0.23001790046691895,0.4984111785888672,0.49938297271728516,0.2338411808013916,0.24132299423217773,0.24884700775146484,0.22281813621520996,0.48328185081481934,0.5191171169281006,0.2513558864593506,0.2328028678894043,0.5208160877227783,0.5241851806640625,0.2724769115447998,0.2816920280456543,1.1393370628356934,0.25720787048339844,,0.22403979301452637,0.2433488368988037,,0.49991703033447266,,,0.48472094535827637,0.5469231605529785,0.24858403205871582,0.24425888061523438,0.5066628456115723
1188,0.22786879539489746,0.2404630184173584,0.5022530555725098,,0.2375500202178955,1.7604060173034668,1.0809459686279297,0.24724078178405762,0.2477118968963623,,0.21554112434387207,0.2500622272491455,0.5008268356323242,0.2529270648956299,0.26017117500305176,1.2588019371032715,0.2370600700378418,0.2528109550476074,,0.2346038818359375,0.5060300827026367,0.5460910797119141,1.1308708190917969,0.8046629428863525,0.24982881546020508,0.23689913749694824,0.2516148090362549,0.25493788719177246,0.22598814964294434,0.2848818302154541,0.2529928684234619,0.8815722465515137,0.5113518238067627,0.5076191425323486,0.6314079761505127,0.259537935256958,1.5934090614318848,0.2922239303588867,,0.2470998764038086,0.2513258457183838,,0.21420526504516602,,,0.5359599590301514,0.5309350490570068,0.24840497970581055,0.2533409595489502,0.5226161479949951
1189,0.24288392066955566,0.23306798934936523,0.5466189384460449,,0.21753692626953125,0.5028948783874512,0.5272929668426514,0.2495720386505127,0.2639632225036621,,0.24907612800598145,0.24767398834228516,0.5153610706329346,0.24648022651672363,0.22046279907226562,0.9676778316497803,0.23469901084899902,0.2523021697998047,,0.21914196014404297,1.1144487857818604,0.6734378337860107,0.4968452453613281,0.23689508438110352,0.2313239574432373,0.23619723320007324,0.26450109481811523,0.23926305770874023,0.48090195655822754,0.531609296798706,0.251446008682251,0.5005240440368652,0.5519938468933105,0.5230851173400879,0.28110599517822266,0.24375104904174805,1.6302108764648438,1.7515368461608887,,0.22240471839904785,0.25146007537841797,,0.8967180252075195,,,0.5055990219116211,0.5205988883972168,0.5323731899261475,0.24955177307128906,0.5312528610229492
1190,0.22371721267700195,0.2109980583190918,1.133453130722046,,0.21817803382873535,0.23781299591064453,0.45368099212646484,0.48311495780944824,0.22243809700012207,,0.220628023147583,0.22428488731384277,0.5029768943786621,0.29242897033691406,0.21860790252685547,0.5573499202728271,0.22822093963623047,0.5335440635681152,,0.23399019241333008,0.5003819465637207,0.543982744216919,0.5457119941711426,0.23381590843200684,0.23492002487182617,0.22817683219909668,0.24243402481079102,0.22596096992492676,0.2689399719238281,0.8605048656463623,0.2638719081878662,0.5311071872711182,0.5584020614624023,0.5436351299285889,0.5617640018463135,0.2516188621520996,1.6563019752502441,0.31012988090515137,,0.2471451759338379,0.27504515647888184,,0.9730379581451416,,,0.5454349517822266,0.24260878562927246,2.0434980392456055,0.24607276916503906,0.5144016742706299
1191,0.23543214797973633,0.2516469955444336,0.9107069969177246,,0.2270958423614502,0.8751990795135498,0.5219767093658447,0.549508810043335,0.25145697593688965,,0.2190098762512207,0.2530088424682617,0.5028390884399414,0.25384998321533203,0.21460294723510742,1.606846809387207,0.24358201026916504,0.2864551544189453,,0.25664377212524414,1.1158638000488281,0.49777698516845703,1.127035140991211,0.23636126518249512,0.22935032844543457,0.25681209564208984,0.2282721996307373,0.2470548152923584,0.4955120086669922,0.25519704818725586,0.2229747772216797,0.2256760597229004,0.5155158042907715,0.5590872764587402,0.6174600124359131,0.23579978942871094,0.9183089733123779,0.2961390018463135,,0.26712918281555176,0.270068883895874,,0.5442121028900146,,,0.49639892578125,6.894676923751831,0.2682039737701416,0.22275614738464355,0.9115309715270996
1192,0.263761043548584,0.23401689529418945,0.9291887283325195,,0.23621487617492676,0.21017074584960938,0.5224058628082275,0.4722309112548828,0.2501649856567383,,0.26342082023620605,0.24807190895080566,0.5138089656829834,0.26219987869262695,0.2205350399017334,0.5008330345153809,0.23510003089904785,0.27263307571411133,,0.22209906578063965,0.9905869960784912,0.5294618606567383,0.5142660140991211,0.2201690673828125,0.25692296028137207,0.22740983963012695,0.21835613250732422,0.24852204322814941,0.500373125076294,0.5002739429473877,0.24242877960205078,0.5143370628356934,0.5090241432189941,0.5309581756591797,0.2739288806915283,0.2462940216064453,0.9438540935516357,0.25185203552246094,,0.25208306312561035,0.2698187828063965,,0.8923649787902832,,,0.5387921333312988,0.5434780120849609,1.2631709575653076,0.24056577682495117,0.551347017288208
1193,0.24964094161987305,0.2399580478668213,0.5375568866729736,,0.2486121654510498,0.5481526851654053,0.47687816619873047,0.5060372352600098,0.2507970333099365,,0.2239851951599121,0.24628496170043945,1.1367759704589844,0.2709159851074219,0.2359611988067627,0.5406279563903809,0.22057104110717773,0.5740170478820801,,0.24979114532470703,0.49851012229919434,1.182380199432373,0.516901969909668,0.5173549652099609,0.26630187034606934,0.21353387832641602,0.2432858943939209,0.2357630729675293,1.033592700958252,0.47777509689331055,0.21721482276916504,0.8728268146514893,0.5237202644348145,0.5023849010467529,0.5825061798095703,0.23648619651794434,0.9170479774475098,0.5910401344299316,,0.24407219886779785,0.2753632068634033,,0.4990983009338379,,,0.4856557846069336,1.192322015762329,0.5670080184936523,0.8593909740447998,0.5184741020202637
1194,0.25151896476745605,0.2346501350402832,0.8469851016998291,,0.2248678207397461,0.5238988399505615,0.23122096061706543,0.2405989170074463,0.26701903343200684,,0.24541997909545898,0.2529311180114746,0.4837303161621094,0.2560889720916748,0.21340274810791016,0.5598819255828857,0.24596190452575684,0.5429270267486572,,0.249755859375,0.9425251483917236,0.24260878562927246,0.5348489284515381,0.4684898853302002,0.2532768249511719,0.22197294235229492,0.23968505859375,0.21984601020812988,1.3544669151306152,0.8764731884002686,0.2266390323638916,0.8580160140991211,0.2256641387939453,0.5467309951782227,0.2545318603515625,0.22770380973815918,0.9155378341674805,0.5576457977294922,,0.22261404991149902,0.26404714584350586,,0.5134868621826172,,,0.5144908428192139,1.166295051574707,0.2655220031738281,0.25745630264282227,0.5175731182098389
1195,0.24743294715881348,0.2195570468902588,0.5434238910675049,,0.21461915969848633,0.5041849613189697,2.0489978790283203,0.22175192832946777,0.25147271156311035,,0.2210988998413086,0.25034499168395996,0.5176088809967041,0.27875709533691406,0.22136211395263672,1.2216660976409912,0.25017595291137695,0.2555568218231201,,0.24297499656677246,0.5460247993469238,0.26816797256469727,0.4858522415161133,0.21802711486816406,0.23316597938537598,0.23734283447265625,0.24384832382202148,0.2436990737915039,0.31087303161621094,1.1879699230194092,0.2588999271392822,0.8547089099884033,0.49942803382873535,0.5494561195373535,0.5660250186920166,0.2480790615081787,0.96510910987854,0.2690000534057617,,0.25415992736816406,0.24544095993041992,,0.2494368553161621,,,0.22995615005493164,1.1820108890533447,0.25290489196777344,0.24384093284606934,0.2601010799407959
1196,0.25163698196411133,0.24448299407958984,0.2172250747680664,,0.21974921226501465,2.452449083328247,0.5174028873443604,0.517327070236206,0.24574899673461914,,0.21766304969787598,0.2642357349395752,0.498215913772583,0.24687600135803223,0.2350010871887207,1.5640199184417725,0.25068116188049316,0.6123998165130615,,0.2391350269317627,1.2584130764007568,0.7309999465942383,0.5112020969390869,0.24779391288757324,0.23404598236083984,0.24068999290466309,0.22501301765441895,0.2227780818939209,0.5284121036529541,2.4419822692871094,0.22367596626281738,0.5456018447875977,0.23124313354492188,1.5830018520355225,0.5797979831695557,0.24300622940063477,2.5381970405578613,0.31229591369628906,,0.2662668228149414,0.32987427711486816,,0.8749830722808838,,,0.24110722541809082,1.1924240589141846,0.27979111671447754,0.2554931640625,0.23581886291503906
1197,0.2632110118865967,0.21003007888793945,0.5214409828186035,,0.2183389663696289,0.2242717742919922,0.5360901355743408,0.48281288146972656,0.22929716110229492,,0.2638421058654785,0.24375510215759277,0.53755784034729,0.27263903617858887,0.23629117012023926,1.505939245223999,0.26847195625305176,0.27236199378967285,,0.22780108451843262,0.502465009689331,0.26939988136291504,0.48481321334838867,0.20830798149108887,0.23244118690490723,0.21430611610412598,0.24941778182983398,0.24590206146240234,0.23361706733703613,1.1421587467193604,0.2465507984161377,1.1543262004852295,0.2725348472595215,0.533750057220459,0.6023690700531006,0.2432398796081543,0.554818868637085,0.24652099609375,,0.2511160373687744,0.2608609199523926,,0.498521089553833,,,0.5208950042724609,1.2134771347045898,0.25141310691833496,0.2594919204711914,0.26273083686828613
1198,0.2236928939819336,0.24260926246643066,0.5347890853881836,,0.2336750030517578,0.4996297359466553,0.22845697402954102,0.5009558200836182,0.2298140525817871,,0.24856972694396973,0.22441577911376953,0.5194361209869385,0.2521517276763916,0.25275707244873047,0.561751127243042,0.251234769821167,0.2521641254425049,,0.23297691345214844,0.4759070873260498,1.2115390300750732,0.5075709819793701,0.5479309558868408,0.24869894981384277,0.21831893920898438,0.23898983001708984,0.2400531768798828,1.1393208503723145,4.842046022415161,0.22497797012329102,1.4922077655792236,0.5500600337982178,0.9565691947937012,0.6102337837219238,0.2306828498840332,0.5338492393493652,0.27234792709350586,,0.24892330169677734,0.27077412605285645,,1.8233647346496582,,,0.6888351440429688,1.126112937927246,1.1000189781188965,0.2544999122619629,0.5294158458709717
1199,0.2537689208984375,0.2374258041381836,0.5179498195648193,,0.22495627403259277,0.5605759620666504,0.4874610900878906,0.4828979969024658,0.2592127323150635,,0.2237391471862793,0.23014283180236816,0.9403960704803467,0.27481865882873535,0.22581696510314941,0.5675990581512451,0.24402499198913574,0.277785062789917,,0.2398509979248047,1.061051368713379,0.25343990325927734,0.5620100498199463,0.5156540870666504,0.22769999504089355,0.22540020942687988,0.23813509941101074,0.2467648983001709,0.266599178314209,0.2518951892852783,0.24088025093078613,1.2050650119781494,0.5494589805603027,1.2174489498138428,0.5810019969940186,0.2260448932647705,0.5355021953582764,0.29759883880615234,,0.25056886672973633,0.28542423248291016,,0.9112677574157715,,,0.4908630847930908,6.894855260848999,0.24309182167053223,0.24013209342956543,0.23854470252990723
1200,0.24948596954345703,0.23466110229492188,0.5129978656768799,,0.23096609115600586,0.20671677589416504,0.5185909271240234,0.24094510078430176,0.22350835800170898,,0.2446131706237793,0.23576807975769043,0.519538164138794,0.26975011825561523,0.21631431579589844,1.2465331554412842,0.2265009880065918,0.2793099880218506,,0.23095488548278809,0.5012109279632568,0.5457038879394531,0.5206398963928223,0.5369040966033936,0.23131799697875977,0.2533299922943115,0.22279596328735352,0.24360394477844238,1.140225887298584,2.4802677631378174,0.24292206764221191,0.486583948135376,0.5396747589111328,0.5049810409545898,0.5793740749359131,0.2375929355621338,1.6032319068908691,0.5735800266265869,,0.24631237983703613,0.27248215675354004,,0.512855052947998,,,0.4994368553161621,0.5292747020721436,0.5323636531829834,0.22936391830444336,0.23311209678649902
1201,0.25496983528137207,0.2544388771057129,0.4986391067504883,,0.2139437198638916,0.4882380962371826,1.0670080184936523,0.26427578926086426,0.25008368492126465,,0.2271270751953125,0.2451188564300537,0.4866178035736084,0.27474403381347656,0.21742892265319824,0.8086190223693848,0.26270389556884766,0.5920288562774658,,0.25261807441711426,0.5009980201721191,0.271104097366333,0.25750112533569336,0.8550760746002197,0.23325705528259277,0.23975110054016113,0.2538580894470215,0.21957087516784668,0.4929049015045166,0.23173189163208008,0.2191450595855713,0.8901982307434082,0.5224399566650391,0.5688686370849609,0.28025388717651367,0.22940683364868164,2.6931138038635254,0.3634190559387207,,0.24526691436767578,0.2614626884460449,,0.908876895904541,,,5.169233083724976,0.8883910179138184,0.2329857349395752,0.24635529518127441,0.2560720443725586
1202,0.2618892192840576,0.22169709205627441,0.5422630310058594,,0.24013376235961914,0.5055689811706543,0.521481990814209,0.469221830368042,0.24972271919250488,,0.2507607936859131,0.2433490753173828,0.5210161209106445,0.26800990104675293,0.22217106819152832,1.2532269954681396,0.23756790161132812,0.25233936309814453,,0.2259671688079834,0.49692416191101074,0.4990999698638916,0.20397520065307617,0.5205621719360352,0.26735806465148926,0.24564409255981445,0.2461838722229004,0.2440659999847412,1.1821019649505615,0.6833081245422363,0.22779393196105957,1.1947970390319824,0.20937204360961914,0.5565721988677979,0.5794947147369385,0.24751877784729004,0.5787899494171143,1.3168199062347412,,0.2208402156829834,0.30892109870910645,,0.5001630783081055,,,0.4953029155731201,0.9164700508117676,0.22507691383361816,0.26822900772094727,0.5335779190063477
1203,0.24866199493408203,0.2186291217803955,0.5286991596221924,,0.25203704833984375,0.2188091278076172,1.0357780456542969,0.24812912940979004,0.24974918365478516,,0.22002315521240234,0.25171518325805664,0.2388460636138916,0.2530949115753174,0.2531290054321289,0.577470064163208,0.24666404724121094,0.2729771137237549,,0.21901607513427734,1.023266077041626,1.0914192199707031,0.25275588035583496,0.27481985092163086,0.2492809295654297,0.23095178604125977,0.2527768611907959,0.25537633895874023,1.1809437274932861,0.512347936630249,0.21799087524414062,0.5804309844970703,0.498248815536499,0.5341451168060303,0.5785300731658936,0.24040818214416504,0.5333058834075928,0.259645938873291,,0.24115681648254395,0.5883200168609619,,0.5092182159423828,,,0.5451309680938721,1.1767702102661133,0.5188479423522949,0.25319504737854004,0.4117319583892822
1204,0.2435016632080078,0.21243715286254883,0.5100507736206055,,0.2338249683380127,0.2333381175994873,1.056877613067627,0.22425007820129395,0.2544701099395752,,0.2265794277191162,0.24114203453063965,0.5038290023803711,0.25583600997924805,0.2274160385131836,0.6172428131103516,0.22259187698364258,0.5600812435150146,,0.23515105247497559,0.4911689758300781,0.528947114944458,0.48679113388061523,0.23241877555847168,0.26175689697265625,0.2356112003326416,0.2668468952178955,0.22731494903564453,0.8778727054595947,4.558058977127075,0.24785590171813965,1.146251916885376,0.5350172519683838,0.9621751308441162,0.5929632186889648,0.25887203216552734,0.5312941074371338,0.4314401149749756,,0.22129082679748535,0.2703697681427002,,0.8890831470489502,,,0.5024960041046143,1.2034809589385986,0.23389482498168945,0.2553870677947998,0.5987548828125
1205,0.22414779663085938,0.21703386306762695,0.5014331340789795,,0.2395329475402832,0.702880859375,0.4621412754058838,0.5027601718902588,0.21882128715515137,,0.2457599639892578,0.2254478931427002,0.5322229862213135,0.2931702136993408,0.24447393417358398,0.5357198715209961,0.243790864944458,0.3690669536590576,,0.24429988861083984,0.4841480255126953,0.6526362895965576,0.518549919128418,0.21923518180847168,0.2521247863769531,0.24335098266601562,0.25043773651123047,0.24663686752319336,0.5326919555664062,0.8531310558319092,0.24000215530395508,1.853672981262207,0.4869709014892578,0.5364127159118652,0.5845069885253906,0.23502731323242188,1.6447219848632812,0.5487570762634277,,0.2503690719604492,0.9880290031433105,,0.8629860877990723,,,0.32715415954589844,1.1492419242858887,0.5070290565490723,0.23772001266479492,0.5042500495910645
1206,0.22834300994873047,0.21519088745117188,1.5092720985412598,,0.23283910751342773,0.5028612613677979,0.254321813583374,0.4682788848876953,0.24465298652648926,,0.22379636764526367,0.2451949119567871,0.5165600776672363,0.2772359848022461,0.22492003440856934,0.25103211402893066,0.22517609596252441,0.5207178592681885,,0.23763203620910645,0.4689009189605713,0.5427360534667969,0.5011870861053467,0.23187828063964844,0.23108291625976562,0.26589322090148926,0.22470474243164062,0.2524731159210205,1.1936523914337158,1.53029203414917,0.24436187744140625,1.5734951496124268,0.5537669658660889,0.9937229156494141,0.2735416889190674,0.23023223876953125,0.953192949295044,0.5497527122497559,,0.2651939392089844,0.2882678508758545,,0.30479884147644043,,,0.24984192848205566,0.5310447216033936,0.4720921516418457,0.25287294387817383,0.5494122505187988
1207,0.2624809741973877,0.225477933883667,0.5497052669525146,,0.22764086723327637,0.27405786514282227,0.5002129077911377,0.24470186233520508,0.22051405906677246,,0.26006603240966797,0.24740195274353027,0.4729630947113037,0.28449296951293945,0.24120306968688965,0.36594200134277344,0.23491883277893066,0.2727649211883545,,0.24734091758728027,0.4713411331176758,0.5353009700775146,1.4639332294464111,0.23217105865478516,0.2610208988189697,0.25022411346435547,0.24976778030395508,0.24650859832763672,0.24089312553405762,0.5336036682128906,0.22443795204162598,0.858914852142334,0.5469629764556885,0.5360498428344727,0.5986089706420898,0.2747931480407715,0.9797701835632324,1.235992193222046,,0.2510688304901123,0.26680779457092285,,0.5268580913543701,,,0.5166590213775635,0.5191149711608887,0.25689196586608887,0.2591109275817871,0.26480579376220703
1208,0.2474348545074463,0.24434900283813477,0.5168240070343018,,0.22765588760375977,0.5531888008117676,0.23456311225891113,0.2214488983154297,0.2470719814300537,,0.22736310958862305,0.2494518756866455,0.5162210464477539,0.26813507080078125,0.24763011932373047,0.6004371643066406,0.24588894844055176,0.5303211212158203,,0.22306275367736816,0.47225379943847656,0.542360782623291,0.2869901657104492,0.8827939033508301,0.25391316413879395,0.22107291221618652,0.24069595336914062,0.2373199462890625,0.5473721027374268,1.8830480575561523,0.22086191177368164,0.849963903427124,0.48552799224853516,0.5341260433197021,0.5945529937744141,0.24280095100402832,2.4672141075134277,0.2873880863189697,,0.24669790267944336,0.321382999420166,,0.47904419898986816,,,0.2410120964050293,1.1613140106201172,0.28125476837158203,0.25782012939453125,0.27873921394348145
1209,0.2501029968261719,0.2472078800201416,1.143691062927246,,0.2433936595916748,0.8959112167358398,0.5581498146057129,0.23419523239135742,0.23802423477172852,,0.24135804176330566,0.24898290634155273,0.5024220943450928,0.27706384658813477,0.21303200721740723,0.5430231094360352,0.2215712070465088,0.2456960678100586,,0.2436389923095703,0.4888882637023926,0.512296199798584,0.5278699398040771,1.8932621479034424,0.2656571865081787,0.23804497718811035,0.24150705337524414,0.2511789798736572,0.48077893257141113,0.2578120231628418,0.2315208911895752,1.218360185623169,0.49883413314819336,0.5603950023651123,0.23191094398498535,0.256472110748291,0.9235329627990723,0.24517488479614258,,0.22618699073791504,0.24539875984191895,,0.901726245880127,,,0.5163061618804932,1.182692050933838,0.23729681968688965,0.23525094985961914,0.5123872756958008
1210,0.2562119960784912,0.23571109771728516,0.5179557800292969,,0.2340538501739502,5.1206090450286865,1.081125020980835,0.5008139610290527,0.24617600440979004,,0.21753191947937012,0.24812984466552734,0.4875020980834961,0.299022912979126,0.2378559112548828,1.266733169555664,0.24657702445983887,0.5294167995452881,,0.21946191787719727,0.4954071044921875,2.9552509784698486,0.551408052444458,0.5196161270141602,0.26917219161987305,0.2380070686340332,0.2418832778930664,0.24938273429870605,0.23854994773864746,1.2037360668182373,0.2634720802307129,1.264665126800537,0.5291221141815186,0.5306601524353027,0.616732120513916,0.23894619941711426,0.5509209632873535,0.5559439659118652,,0.25039196014404297,0.584130048751831,,0.47933006286621094,,,0.25865912437438965,0.5151808261871338,0.49576592445373535,0.2324378490447998,0.23729920387268066
1211,0.23893213272094727,0.47489094734191895,0.5019490718841553,,0.23525381088256836,0.5192830562591553,0.9028048515319824,0.5059421062469482,0.22633910179138184,,0.2223212718963623,0.2667250633239746,0.5445749759674072,0.2609140872955322,0.23481440544128418,0.570868968963623,0.22234392166137695,0.31247806549072266,,0.23711085319519043,1.1351139545440674,0.264354944229126,0.5506770610809326,0.22693872451782227,0.25217199325561523,0.24241924285888672,0.22621488571166992,0.25231385231018066,0.5374598503112793,0.5135040283203125,0.24571704864501953,0.8833372592926025,0.5347790718078613,0.5016589164733887,0.5949618816375732,0.2589108943939209,1.5264320373535156,0.332913875579834,,0.26498889923095703,0.2567710876464844,,0.9607992172241211,,,0.5333187580108643,1.1844899654388428,0.24712800979614258,0.25989413261413574,0.28005385398864746
1212,0.268139123916626,0.24436235427856445,0.9089999198913574,,0.23759889602661133,0.24875593185424805,0.5093848705291748,0.21828985214233398,0.2169952392578125,,0.26148509979248047,0.24867796897888184,0.5024633407592773,0.2694399356842041,0.2378838062286377,0.5917720794677734,0.2599170207977295,0.2769131660461426,,0.23346614837646484,0.5173931121826172,0.5205390453338623,0.5038399696350098,0.23160505294799805,0.24706101417541504,0.2520101070404053,0.2452561855316162,0.25112199783325195,1.1866559982299805,1.8868238925933838,0.22617292404174805,0.32537317276000977,0.5178179740905762,0.7612731456756592,0.27744102478027344,0.255871057510376,1.006253719329834,0.25411200523376465,,0.25134897232055664,0.5563859939575195,,1.1681947708129883,,,0.46124696731567383,1.1610569953918457,0.5473630428314209,0.2644352912902832,0.5174760818481445
1213,0.2290182113647461,0.8569982051849365,1.1339142322540283,,0.2484889030456543,0.8733780384063721,0.48643016815185547,0.25584912300109863,0.24367165565490723,,0.2266230583190918,0.2253561019897461,0.4707489013671875,0.2826859951019287,0.2461230754852295,0.5765140056610107,0.2235550880432129,0.5731782913208008,,0.24607515335083008,0.5020689964294434,0.2343440055847168,0.5488748550415039,0.5076568126678467,0.2608451843261719,0.24782705307006836,0.24168777465820312,0.26866602897644043,0.24544310569763184,0.2501060962677002,0.2453901767730713,0.5224790573120117,0.535804033279419,0.5275089740753174,0.567889928817749,0.23182892799377441,0.5725781917572021,0.6125760078430176,,0.24884772300720215,0.5487959384918213,,0.5292389392852783,,,2.529132127761841,0.5297200679779053,0.8511569499969482,0.2511320114135742,0.2826118469238281
1214,0.2493457794189453,0.25759005546569824,0.5059478282928467,,0.23024678230285645,0.534919023513794,0.48758721351623535,0.5007607936859131,0.23732471466064453,,0.24533390998840332,0.25101613998413086,0.5127339363098145,0.27799296379089355,0.24228405952453613,0.5407760143280029,0.21828293800354004,0.31235790252685547,,0.25145411491394043,1.5203888416290283,1.2435147762298584,0.5355818271636963,0.5026249885559082,0.2332921028137207,0.24936175346374512,0.2375640869140625,0.24714422225952148,0.2697451114654541,1.9274978637695312,0.24892234802246094,1.9704821109771729,0.5125381946563721,0.542320728302002,0.5743911266326904,0.25845885276794434,0.5253827571868896,0.2849390506744385,,0.2523000240325928,0.5914313793182373,,0.8884820938110352,,,0.5167300701141357,0.527691125869751,0.24864411354064941,0.22963523864746094,0.5457210540771484
1215,0.25095486640930176,0.22105002403259277,0.510382890701294,,0.214493989944458,0.7281789779663086,0.23589515686035156,0.5048258304595947,0.24457812309265137,,0.22287893295288086,0.24772095680236816,0.5047070980072021,0.2914419174194336,0.22093605995178223,0.5640161037445068,0.24695396423339844,0.5849180221557617,,0.24891901016235352,0.4850749969482422,0.22775030136108398,0.5509660243988037,0.2181413173675537,0.25882863998413086,0.2196362018585205,0.23469281196594238,0.2191009521484375,0.8932468891143799,0.5205707550048828,0.23633885383605957,0.8622229099273682,1.1548068523406982,0.5166609287261963,0.6009941101074219,0.23524999618530273,1.199972152709961,0.2792477607727051,,0.24347591400146484,0.30332112312316895,,0.5597429275512695,,,0.5322630405426025,0.5484569072723389,0.7249228954315186,0.23909401893615723,0.2587921619415283
1216,0.24866509437561035,0.24725699424743652,0.33759522438049316,,0.23073887825012207,0.253154993057251,0.45250606536865234,0.22363495826721191,0.22350406646728516,,0.24383091926574707,0.267258882522583,0.5168771743774414,0.2795121669769287,0.21533894538879395,0.5385937690734863,0.22114205360412598,0.25949883460998535,,0.2693798542022705,0.6189987659454346,0.25207090377807617,0.517578125,0.2831418514251709,0.23474574089050293,0.26459789276123047,0.23076486587524414,0.2509608268737793,1.4184870719909668,0.5298397541046143,0.25093579292297363,1.2034459114074707,0.5269651412963867,0.9311661720275879,0.5882740020751953,0.26215410232543945,0.5675711631774902,0.28030991554260254,,0.24219703674316406,0.274583101272583,,0.9131147861480713,,,0.5185291767120361,1.1688611507415771,0.2569458484649658,0.2548248767852783,0.2428300380706787
1217,0.2672708034515381,0.22609829902648926,1.5209600925445557,,0.24041175842285156,0.5380828380584717,0.4817337989807129,0.5040092468261719,0.24602985382080078,,0.24091601371765137,0.25197267532348633,0.5180578231811523,0.27689099311828613,0.23664116859436035,1.142953872680664,0.26370692253112793,0.2678070068359375,,0.24643516540527344,0.4909389019012451,0.5163009166717529,0.5494470596313477,0.40471386909484863,0.2692389488220215,0.24482512474060059,0.24545788764953613,0.2477579116821289,1.1664409637451172,0.5144009590148926,0.2505300045013428,0.8237009048461914,0.25618696212768555,0.5189509391784668,0.603118896484375,0.2523479461669922,8.47147798538208,0.25602197647094727,,0.2524528503417969,0.24505901336669922,,0.9617671966552734,,,0.2457740306854248,1.5703113079071045,0.6702330112457275,0.2478477954864502,0.25396132469177246
1218,0.24892330169677734,0.24399304389953613,0.5197370052337646,,0.2508392333984375,0.5273149013519287,0.45426487922668457,0.2516458034515381,0.2474370002746582,,0.2174210548400879,0.24733901023864746,0.5157787799835205,0.2569851875305176,0.25709009170532227,0.562567949295044,0.24788618087768555,0.32698917388916016,,0.22731685638427734,2.2538301944732666,0.26543617248535156,0.5172841548919678,0.22158503532409668,0.2744932174682617,0.23088312149047852,0.2533912658691406,0.24100089073181152,0.4970541000366211,8.878661870956421,0.25141310691833496,0.991286039352417,0.5321319103240967,0.9554698467254639,0.5539371967315674,0.2606480121612549,0.614124059677124,0.26594996452331543,,0.24640893936157227,0.5775642395019531,,0.9323220252990723,,,0.5202229022979736,1.1651089191436768,0.25464391708374023,0.2537107467651367,0.24341106414794922
1219,0.24893784523010254,0.22571992874145508,0.5442459583282471,,0.23642420768737793,0.5404858589172363,0.23424410820007324,0.3549172878265381,0.23308205604553223,,0.2400057315826416,0.24966907501220703,0.5161359310150146,0.28235530853271484,0.229323148727417,0.5513122081756592,0.22593307495117188,0.26257801055908203,,0.23849010467529297,0.4706900119781494,0.943962812423706,0.5121488571166992,0.526198148727417,0.2684359550476074,0.23832440376281738,0.2661120891571045,0.24347186088562012,0.5158898830413818,0.2358851432800293,0.2498009204864502,1.7734169960021973,0.5333869457244873,0.9191839694976807,0.5849180221557617,0.2374892234802246,1.1541261672973633,0.2992520332336426,,0.25312304496765137,0.9829838275909424,,0.8869040012359619,,,0.2348787784576416,1.5959649085998535,0.2948341369628906,0.26389408111572266,0.27681708335876465
1220,0.22422385215759277,0.2559490203857422,1.861412763595581,,0.2321767807006836,0.48973608016967773,0.48729705810546875,0.5181698799133301,0.2313830852508545,,0.23315811157226562,0.22561192512512207,0.47659993171691895,0.29388999938964844,0.24451994895935059,0.5750398635864258,0.24309372901916504,0.5831310749053955,,0.23469901084899902,0.4682600498199463,0.25354504585266113,0.5179460048675537,0.5208561420440674,0.24863266944885254,0.23575139045715332,0.24492383003234863,0.22347211837768555,1.125257968902588,0.25748395919799805,0.23859691619873047,0.47519803047180176,0.5138819217681885,0.744683027267456,0.5644810199737549,0.25362396240234375,0.9898066520690918,0.29926085472106934,,0.24913597106933594,0.9161391258239746,,2.197859048843384,,,0.2398970127105713,1.1601426601409912,0.819782018661499,0.250673770904541,0.5684328079223633
1221,0.2538619041442871,0.21601319313049316,0.5328340530395508,,0.2393050193786621,1.5048391819000244,0.5231928825378418,0.490703821182251,0.24129581451416016,,0.23838210105895996,0.26561474800109863,0.5157968997955322,0.27684569358825684,0.2269740104675293,0.5535471439361572,0.2189171314239502,0.2533390522003174,,0.24814510345458984,0.47826385498046875,1.5985939502716064,0.516226053237915,0.22585606575012207,0.234144926071167,0.2430131435394287,0.22549700736999512,0.2471449375152588,0.9174141883850098,0.6154119968414307,0.24295282363891602,1.8643128871917725,0.4842948913574219,0.5310769081115723,0.6077320575714111,0.23180389404296875,0.9576458930969238,0.36218976974487305,,0.2670907974243164,0.26170897483825684,,0.9258420467376709,,,0.4910547733306885,0.5925240516662598,1.0895931720733643,0.22764372825622559,0.5149853229522705
1222,0.2592759132385254,0.22423028945922852,1.151947021484375,,0.22673392295837402,0.5437498092651367,0.9120116233825684,0.2356548309326172,0.22369813919067383,,0.2412400245666504,0.2505788803100586,0.5046331882476807,0.275068998336792,0.24010610580444336,1.1788930892944336,0.2406446933746338,0.563018798828125,,0.23560404777526855,2.6708290576934814,1.3833940029144287,0.5035817623138428,0.24562597274780273,0.25890088081359863,0.23519206047058105,0.23627424240112305,0.2403120994567871,1.2038500308990479,0.5243790149688721,0.22069191932678223,2.0711328983306885,0.52793288230896,1.1666138172149658,0.5632839202880859,0.2663240432739258,0.9138739109039307,0.27973103523254395,,0.24909710884094238,0.5795431137084961,,0.5087559223175049,,,0.5344188213348389,0.5262110233306885,0.7533431053161621,0.22881793975830078,0.23459410667419434
1223,0.25196003913879395,0.24901390075683594,0.5447702407836914,,0.2315680980682373,1.1644632816314697,0.48726916313171387,0.48240208625793457,0.24500083923339844,,0.24486303329467773,0.25036191940307617,0.49916577339172363,0.28739309310913086,0.2416667938232422,0.5409290790557861,0.22925472259521484,0.5576889514923096,,0.22847700119018555,1.1424729824066162,0.233489990234375,0.5178318023681641,0.22211480140686035,0.25205016136169434,0.21473407745361328,0.24002289772033691,0.2369251251220703,0.5372641086578369,0.5290482044219971,0.23376798629760742,1.50142502784729,0.9754378795623779,0.5487277507781982,0.6027560234069824,0.2410120964050293,0.9327590465545654,0.24909281730651855,,0.22267699241638184,0.2919449806213379,,0.512293815612793,,,0.49939727783203125,0.5250561237335205,0.7028789520263672,0.2326810359954834,0.246506929397583
1224,0.25670695304870605,0.22035503387451172,0.48829126358032227,,0.24000883102416992,0.5514068603515625,0.24390292167663574,0.5333082675933838,0.23989105224609375,,0.224578857421875,0.24840497970581055,0.5216748714447021,0.28629016876220703,0.21311306953430176,0.5467689037322998,0.2451179027557373,0.41559791564941406,,0.24153971672058105,0.524226188659668,0.2513570785522461,0.5217838287353516,0.27982306480407715,0.2696037292480469,0.23632478713989258,0.23783278465270996,0.24129104614257812,1.1761889457702637,0.5012722015380859,0.24860095977783203,1.6770479679107666,0.5392611026763916,0.5307340621948242,0.5452320575714111,0.26117897033691406,1.2114250659942627,0.3448200225830078,,0.25055480003356934,0.9800047874450684,,1.179779052734375,,,0.5008599758148193,0.5648007392883301,0.553900957107544,0.2558939456939697,0.28145694732666016
1225,0.23734092712402344,0.26433491706848145,0.5222880840301514,,0.22524380683898926,1.7974820137023926,0.2564511299133301,0.5166230201721191,0.2449500560760498,,0.2177872657775879,0.24998784065246582,0.4870750904083252,0.2969701290130615,0.24681496620178223,0.5788068771362305,0.22033023834228516,0.5338618755340576,,0.2225799560546875,1.1409580707550049,0.5472991466522217,0.5205450057983398,0.5073301792144775,0.2583019733428955,0.23934602737426758,0.25246620178222656,0.24969792366027832,0.505918025970459,0.49780797958374023,0.26434326171875,1.1606903076171875,0.5162990093231201,0.5310261249542236,0.6038248538970947,0.23729300498962402,0.9498660564422607,0.25499486923217773,,0.24634718894958496,0.6127870082855225,,1.5654091835021973,,,0.5002901554107666,0.5333199501037598,0.23636198043823242,0.25679802894592285,0.5307791233062744
1226,0.23091602325439453,0.22060275077819824,0.4989030361175537,,0.21981096267700195,1.2763409614562988,0.23231911659240723,0.4979372024536133,0.22187209129333496,,0.24827003479003906,0.2647359371185303,0.4868431091308594,0.25683021545410156,0.21892881393432617,0.5625588893890381,0.2458796501159668,0.5663928985595703,,0.25359535217285156,0.502748966217041,0.2338252067565918,0.4870290756225586,0.48358798027038574,0.2693338394165039,0.2455739974975586,0.24776101112365723,0.22420477867126465,1.183716058731079,0.8690810203552246,0.2220757007598877,2.1529431343078613,0.5312480926513672,0.5036821365356445,0.25794196128845215,0.25750207901000977,0.5213339328765869,0.5942928791046143,,0.26820874214172363,0.5922229290008545,,1.1873018741607666,,,3.0248382091522217,1.1598503589630127,0.5159549713134766,0.2512321472167969,0.5154247283935547
1227,0.24078702926635742,0.22001099586486816,1.9711198806762695,,0.21553802490234375,1.6005041599273682,0.4645876884460449,0.7122788429260254,0.21994900703430176,,0.2646200656890869,0.22405791282653809,0.5010616779327393,0.2826569080352783,0.2199690341949463,0.5974118709564209,0.2402200698852539,0.25282788276672363,,0.6104781627655029,0.5051798820495605,0.49846315383911133,0.8591840267181396,0.5088052749633789,0.25160813331604004,0.23943591117858887,0.24952411651611328,0.24617695808410645,0.5631721019744873,0.5170660018920898,0.24970221519470215,1.0894081592559814,0.9192690849304199,0.5633389949798584,0.2764861583709717,0.25830769538879395,0.9770228862762451,0.2864677906036377,,0.2518289089202881,0.9888839721679688,,1.209648847579956,,,0.4880688190460205,0.5420663356781006,0.2189960479736328,0.9688541889190674,0.2781648635864258
1228,0.22988605499267578,0.21639704704284668,1.5761897563934326,,0.23606491088867188,0.9165439605712891,0.5316939353942871,0.2567000389099121,0.24623417854309082,,0.24994397163391113,0.23462295532226562,0.5130250453948975,0.2647829055786133,0.23205995559692383,0.584618091583252,0.24300599098205566,0.3070871829986572,,0.2550787925720215,1.123441219329834,0.47760915756225586,0.5511999130249023,0.48492002487182617,0.2505500316619873,0.23554396629333496,0.2243061065673828,0.2653927803039551,0.5353889465332031,6.251291036605835,0.2475888729095459,1.479614019393921,0.21742630004882812,0.5627810955047607,0.6103289127349854,0.2276780605316162,0.9333868026733398,0.26318907737731934,,0.2496929168701172,0.5567348003387451,,8.500752210617065,,,0.5623819828033447,1.1899261474609375,0.24106907844543457,0.2557370662689209,0.48841190338134766
1229,0.2265000343322754,0.24496793746948242,1.8001258373260498,,0.21853280067443848,0.9111101627349854,0.47746777534484863,0.5181102752685547,0.23955821990966797,,0.22267389297485352,0.2512340545654297,0.4992949962615967,0.29267096519470215,0.2255086898803711,0.5870437622070312,0.2197723388671875,0.5685329437255859,,0.2509620189666748,0.5044152736663818,0.24935293197631836,0.41699981689453125,0.21971631050109863,0.25481486320495605,0.23318719863891602,0.27032995223999023,0.24630308151245117,0.5653960704803467,0.5146758556365967,0.22179603576660156,0.5001459121704102,0.8258340358734131,0.9199211597442627,0.593621015548706,0.25438785552978516,0.5665228366851807,0.29886412620544434,,0.2506868839263916,0.2950448989868164,,1.1473510265350342,,,0.7271862030029297,1.1724522113800049,0.8834209442138672,0.9403669834136963,0.3586151599884033
1230,0.23550891876220703,0.2381761074066162,0.5166399478912354,,0.21381688117980957,1.1821229457855225,0.5012960433959961,0.48694396018981934,0.2452380657196045,,0.24435997009277344,0.24881505966186523,0.5017049312591553,0.28389525413513184,0.24113202095031738,0.5907351970672607,0.2201080322265625,0.2839651107788086,,0.9108879566192627,0.4757418632507324,0.497805118560791,0.5073089599609375,0.8141412734985352,0.2890791893005371,0.21292901039123535,0.23172402381896973,0.21976184844970703,1.1803371906280518,0.5106589794158936,0.2377481460571289,1.1735329627990723,0.49773406982421875,0.5617458820343018,0.2646641731262207,0.25048208236694336,1.0120959281921387,0.357072114944458,,0.22296810150146484,0.591200590133667,,1.1286609172821045,,,0.31617093086242676,1.178750991821289,0.5258238315582275,0.2685220241546631,0.2926173210144043
1231,0.235090970993042,0.24729394912719727,0.5049111843109131,,0.24319696426391602,0.5654220581054688,0.2522599697113037,0.5176551342010498,0.2209169864654541,,0.2282428741455078,0.2696819305419922,0.49309706687927246,0.28381896018981934,0.21175503730773926,0.5733189582824707,0.22016477584838867,0.28703784942626953,,2.317355155944824,0.5081379413604736,0.7729499340057373,0.5203688144683838,0.5276122093200684,0.270953893661499,0.24383783340454102,0.23337817192077637,0.22536492347717285,1.1859283447265625,0.2966928482055664,0.23453783988952637,0.8567230701446533,0.5152161121368408,1.2467787265777588,0.5757260322570801,0.24320101737976074,0.5325448513031006,0.2434098720550537,,0.2503499984741211,0.5643801689147949,,1.1234080791473389,,,1.2073619365692139,0.5502409934997559,1.298205852508545,0.5302720069885254,0.5240492820739746
1232,0.24689817428588867,0.22043967247009277,1.1733191013336182,,0.2281358242034912,0.913841962814331,0.49042701721191406,0.5018441677093506,0.24663519859313965,,0.2475450038909912,0.24187874794006348,0.5381207466125488,0.2662839889526367,0.2232530117034912,0.5215058326721191,0.2615029811859131,0.294780969619751,,0.2691340446472168,2.1218340396881104,0.5350899696350098,0.532569169998169,0.5060451030731201,0.28014373779296875,0.2436838150024414,0.23947429656982422,0.2492077350616455,0.5274701118469238,1.7635078430175781,0.23650622367858887,1.1038148403167725,0.5311048030853271,0.543694019317627,0.27863502502441406,0.2736539840698242,0.9146018028259277,0.24111390113830566,,0.2480921745300293,0.5688879489898682,,1.1198101043701172,,,1.1141419410705566,1.1227850914001465,0.2544279098510742,0.27036499977111816,0.5159659385681152
1233,0.240098237991333,0.21899700164794922,0.5025029182434082,,0.2605290412902832,0.5320689678192139,0.46094799041748047,0.5125558376312256,0.22221899032592773,,0.21985816955566406,0.2546088695526123,0.5113117694854736,0.25638723373413086,0.2340989112854004,0.5518279075622559,0.2229471206665039,0.2633531093597412,,6.682647943496704,1.0652530193328857,0.5050148963928223,0.5152971744537354,0.2533142566680908,0.29300999641418457,0.2224271297454834,0.22432613372802734,0.26331591606140137,1.1870601177215576,1.113541841506958,0.22785186767578125,2.334088087081909,0.5644149780273438,0.5427329540252686,1.7292439937591553,0.2423250675201416,0.9538328647613525,0.29114603996276855,,0.2511270046234131,0.6181743144989014,,1.1410138607025146,,,0.5380079746246338,0.5500481128692627,0.4751579761505127,0.5161919593811035,0.5637431144714355
1234,0.22463393211364746,0.24262022972106934,0.5202329158782959,,0.22795510292053223,0.25264692306518555,0.5142347812652588,0.47249317169189453,0.2344810962677002,,0.2444901466369629,0.24740099906921387,0.4978961944580078,0.2572343349456787,0.2175748348236084,0.24935483932495117,0.24638700485229492,0.32643795013427734,,0.5727839469909668,16.728494882583618,0.27964305877685547,0.5369839668273926,0.22308802604675293,0.2671220302581787,0.21744108200073242,0.260422945022583,0.22484731674194336,1.193232774734497,0.927839994430542,0.246826171875,0.8952770233154297,0.5270700454711914,0.5771830081939697,0.26794910430908203,0.25019121170043945,1.2420470714569092,0.24995088577270508,,0.2514839172363281,0.5557718276977539,,1.201627254486084,,,0.4822378158569336,1.0914628505706787,0.2449359893798828,0.9450948238372803,0.28305935859680176
1235,0.22527313232421875,0.23403525352478027,0.5009498596191406,,0.24097204208374023,0.5491468906402588,1.1927731037139893,0.25097107887268066,0.24309992790222168,,0.24863886833190918,0.22462987899780273,0.5163750648498535,0.28699398040771484,0.2198488712310791,0.8143999576568604,0.22228097915649414,0.4214332103729248,,0.2330188751220703,0.6870467662811279,0.25165510177612305,0.2651209831237793,0.23401784896850586,0.2463531494140625,0.21785712242126465,0.22395634651184082,0.24454498291015625,0.5315761566162109,1.1682617664337158,0.26410698890686035,0.8632931709289551,0.5329029560089111,0.5489490032196045,0.2818112373352051,0.2280261516571045,18.082984924316406,0.26715922355651855,,0.24766087532043457,0.5629110336303711,,0.5105898380279541,,,1.128553867340088,0.5469949245452881,0.4986240863800049,0.2521631717681885,0.24706506729125977
1236,0.2346501350402832,0.22848200798034668,1.098996877670288,,0.2343759536743164,0.5153448581695557,1.0670959949493408,0.6431641578674316,0.22568607330322266,,0.22346711158752441,0.26685118675231934,0.4840261936187744,0.2885000705718994,0.21584701538085938,1.5721619129180908,0.2166910171508789,0.3930680751800537,,0.23082804679870605,0.47304582595825195,0.2625429630279541,0.5235538482666016,0.5080828666687012,0.24777603149414062,0.23618698120117188,0.2206559181213379,0.2465958595275879,1.1819541454315186,7.532792091369629,0.22502493858337402,3.1159980297088623,0.551440954208374,0.5822579860687256,0.25473785400390625,0.25330615043640137,3.5443058013916016,0.25959277153015137,,0.26777195930480957,0.5613460540771484,,1.1507408618927002,,,0.8938608169555664,0.5607481002807617,0.5198700428009033,0.24886393547058105,0.5295920372009277
1237,0.24764490127563477,0.2453141212463379,0.40117692947387695,,0.21391916275024414,1.1489899158477783,0.25354814529418945,0.2270050048828125,0.24391508102416992,,0.25867605209350586,0.2516310214996338,0.47864389419555664,0.2669486999511719,0.22343111038208008,0.6076111793518066,0.26128411293029785,0.5242748260498047,,0.303041934967041,0.48834776878356934,0.8753268718719482,0.48192715644836426,0.5233819484710693,0.2602229118347168,0.21538615226745605,0.24433302879333496,0.22463417053222656,1.1682870388031006,0.5436017513275146,0.21982526779174805,0.8604347705841064,0.6399548053741455,0.5361640453338623,0.6278171539306641,0.2549769878387451,0.9697198867797852,0.2517681121826172,,0.24717283248901367,0.5778651237487793,,0.5172042846679688,,,0.503227949142456,0.5304467678070068,0.5335512161254883,0.22735905647277832,0.21841788291931152
1238,0.23889827728271484,0.22153115272521973,0.5044741630554199,,0.24955201148986816,1.1338717937469482,0.4565613269805908,0.3981640338897705,0.22859597206115723,,0.22704410552978516,0.2479848861694336,0.4974510669708252,0.2827141284942627,0.2548038959503174,0.5725507736206055,0.22460699081420898,0.30727601051330566,,0.5829367637634277,0.4684758186340332,0.268294095993042,0.5337131023406982,0.25362396240234375,0.25190210342407227,0.2171778678894043,0.24214601516723633,0.2658202648162842,1.1657469272613525,1.2529428005218506,0.2442638874053955,1.4783532619476318,0.5264697074890137,0.5237500667572021,0.2810540199279785,0.23027777671813965,1.2295832633972168,0.2513761520385742,,0.22391223907470703,0.5760180950164795,,1.129451036453247,,,0.892780065536499,0.8346571922302246,0.5940248966217041,0.2428147792816162,0.2664661407470703
1239,0.22817206382751465,0.2517356872558594,0.48289012908935547,,0.2318267822265625,0.5067040920257568,0.23593425750732422,0.253903865814209,0.25579190254211426,,0.23586416244506836,0.25386476516723633,0.5201358795166016,0.27297210693359375,0.21166515350341797,1.1897318363189697,0.2453751564025879,0.29517698287963867,,0.33452582359313965,2.080780029296875,0.3181157112121582,0.5357909202575684,0.5462226867675781,0.26266002655029297,0.24615192413330078,0.26282310485839844,0.25141310691833496,1.180938959121704,10.430453062057495,0.24790668487548828,3.109192371368408,0.4980611801147461,0.5511858463287354,0.5966329574584961,0.2342541217803955,1.2497096061706543,0.2795119285583496,,0.2508389949798584,0.5635581016540527,,1.2113032341003418,,,1.1397078037261963,1.1643798351287842,0.6792230606079102,0.4873998165130615,0.26459431648254395
1240,0.24072575569152832,0.2438640594482422,1.1369872093200684,,0.23929309844970703,0.863682746887207,0.49833178520202637,0.4948432445526123,0.22954821586608887,,0.2178938388824463,0.25734925270080566,0.5240218639373779,0.280864953994751,0.24107098579406738,0.5491409301757812,0.22279715538024902,0.4690370559692383,,0.5558562278747559,0.49957799911499023,0.4916861057281494,0.5285279750823975,0.24860191345214844,0.2361619472503662,0.22555899620056152,0.2497091293334961,0.2506232261657715,0.7588119506835938,0.5171489715576172,0.23985886573791504,0.813798189163208,0.5146241188049316,0.5458400249481201,0.2727668285369873,0.23266005516052246,1.6310031414031982,0.2711048126220703,,0.2505981922149658,0.2896270751953125,,0.24051403999328613,,,1.139014720916748,1.1838390827178955,0.6933372020721436,0.22995710372924805,0.2638840675354004
1241,0.2514629364013672,0.22537875175476074,0.5009698867797852,,0.23386025428771973,0.5007169246673584,0.4537160396575928,0.47355198860168457,0.21924591064453125,,0.2406919002532959,0.2445530891418457,0.516319990158081,0.27697205543518066,0.23572778701782227,0.5565168857574463,0.24593687057495117,0.5222258567810059,,0.23014116287231445,0.5010838508605957,0.32285213470458984,0.5255587100982666,0.22352218627929688,0.25896406173706055,0.2647829055786133,0.25314879417419434,0.24874186515808105,1.1580848693847656,1.4346401691436768,0.2459709644317627,1.421706199645996,0.5002081394195557,0.5248708724975586,1.7107949256896973,0.23259997367858887,0.5086081027984619,0.5620439052581787,,0.26467084884643555,0.2521958351135254,,0.5291638374328613,,,0.8720560073852539,0.5316729545593262,0.35561513900756836,0.24941515922546387,0.33000898361206055
1242,0.24328398704528809,0.21858692169189453,3.0412700176239014,,0.23536896705627441,2.4458811283111572,0.5044288635253906,0.48732995986938477,0.2303299903869629,,0.2389969825744629,0.22517681121826172,0.5041229724884033,0.27678894996643066,0.22761321067810059,0.536142110824585,0.23899602890014648,0.2780449390411377,,0.31654810905456543,0.47905993461608887,0.2915992736816406,0.5136191844940186,0.5803439617156982,0.23844194412231445,0.25473713874816895,0.24235820770263672,0.22275304794311523,1.1202399730682373,0.4993867874145508,0.25141000747680664,1.2161450386047363,0.5318052768707275,0.5455632209777832,0.2992100715637207,0.2468428611755371,10.953949928283691,0.5828433036804199,,0.2512979507446289,0.5795419216156006,,1.179460048675537,,,0.5122439861297607,0.5298070907592773,0.3477959632873535,0.5041589736938477,0.5138828754425049
1243,0.2508511543273926,0.255277156829834,0.9139080047607422,,0.2501392364501953,2.429219961166382,0.5562019348144531,0.5182769298553467,0.23691701889038086,,0.24643826484680176,0.2371997833251953,1.1178531646728516,0.28142213821411133,0.26457905769348145,0.5562801361083984,0.24463987350463867,0.2749948501586914,,0.25897789001464844,0.515294075012207,0.5470941066741943,0.7372937202453613,0.25331687927246094,0.24958491325378418,0.24712491035461426,0.22782468795776367,0.2602579593658447,1.1616640090942383,0.5306060314178467,0.24921774864196777,0.8658440113067627,0.5312271118164062,0.5506150722503662,0.2955050468444824,0.22966313362121582,18.067540884017944,0.24676990509033203,,0.25015878677368164,0.5662069320678711,,1.1779546737670898,,,0.5197019577026367,0.6168241500854492,0.7967557907104492,0.26380491256713867,0.5303432941436768
1244,0.2493751049041748,0.23227429389953613,0.5538108348846436,,0.22910308837890625,0.4810059070587158,0.48512697219848633,0.26222729682922363,0.2556648254394531,,0.22296977043151855,0.23061513900756836,1.1258821487426758,0.2695591449737549,0.24898982048034668,0.5620882511138916,0.21964097023010254,0.3949317932128906,,0.30779290199279785,0.4995691776275635,0.22316694259643555,0.5004773139953613,0.5466721057891846,0.25635719299316406,0.23902606964111328,0.2568659782409668,0.24900507926940918,1.163252830505371,0.5138700008392334,0.21838688850402832,0.8749129772186279,0.5320031642913818,0.5554800033569336,0.5749821662902832,0.23067021369934082,18.161635160446167,0.5795431137084961,,0.24414515495300293,0.5647671222686768,,1.1824548244476318,,,1.111692190170288,0.5391290187835693,0.3908839225769043,0.229050874710083,0.23691105842590332
1245,0.24983596801757812,0.23257970809936523,0.8940727710723877,,0.2132730484008789,0.5217142105102539,0.49755120277404785,0.47161388397216797,0.2244548797607422,,0.24488496780395508,0.23293423652648926,0.474837064743042,0.3041257858276367,0.24023127555847168,0.5767421722412109,0.22017407417297363,0.2616698741912842,,0.852161169052124,0.46805405616760254,0.5316529273986816,0.5032100677490234,0.2685420513153076,0.2387690544128418,0.21873998641967773,0.22485566139221191,0.22213196754455566,0.5343918800354004,0.5422160625457764,0.2678868770599365,0.48689913749694824,0.5176622867584229,0.5218770503997803,0.2785980701446533,0.23270678520202637,18.28696608543396,0.6454658508300781,,0.22515273094177246,0.5600190162658691,,0.9539721012115479,,,0.5439848899841309,0.543874979019165,0.2534189224243164,0.2387378215789795,0.9928240776062012
1246,0.24869871139526367,0.24301719665527344,0.5609252452850342,,0.24145793914794922,1.122352123260498,0.24340367317199707,0.49706387519836426,0.24711108207702637,,0.2231128215789795,0.25087714195251465,0.5293052196502686,0.26669907569885254,0.2159271240234375,0.5622751712799072,0.2482748031616211,0.5683679580688477,,0.2974832057952881,0.4852149486541748,0.4979369640350342,0.5000278949737549,0.5482580661773682,0.26169490814208984,0.251619815826416,0.25158095359802246,0.2502610683441162,1.1240708827972412,0.5149929523468018,0.25134801864624023,0.87447190284729,0.4166851043701172,0.5593657493591309,0.5934200286865234,0.23375487327575684,18.228384971618652,0.24783110618591309,,0.2695329189300537,0.5587868690490723,,1.1807360649108887,,,0.5008320808410645,0.5938489437103271,0.30759596824645996,0.24158787727355957,0.5355868339538574
1247,0.265031099319458,0.2201521396636963,0.8828370571136475,,0.22476482391357422,0.5196471214294434,0.5096282958984375,0.22369694709777832,0.25168895721435547,,0.23461198806762695,0.23236298561096191,0.49126219749450684,0.2801189422607422,0.23729300498962402,0.5549328327178955,0.2385709285736084,0.6150271892547607,,0.24923205375671387,0.4871480464935303,0.2515871524810791,0.5112898349761963,0.5263569355010986,0.23667287826538086,0.23817706108093262,0.25017499923706055,0.2508668899536133,1.1566848754882812,1.2636241912841797,0.2505459785461426,0.5267798900604248,0.4993631839752197,0.5334160327911377,0.9612672328948975,0.24917912483215332,18.139111042022705,0.27332305908203125,,0.24974393844604492,0.31921815872192383,,0.5312149524688721,,,1.48537015914917,0.5216591358184814,0.5164089202880859,0.27720069885253906,0.5169808864593506
1248,0.2506701946258545,0.2606668472290039,0.5521352291107178,,0.23286104202270508,1.1240911483764648,0.8773229122161865,0.5046131610870361,0.22359609603881836,,0.24698281288146973,0.23153305053710938,0.5253348350524902,0.2585318088531494,0.24746966361999512,0.5739657878875732,0.24491000175476074,0.2719399929046631,,0.25068020820617676,0.49422597885131836,0.4866187572479248,0.40271806716918945,0.5142776966094971,0.2768731117248535,0.22212886810302734,0.25042200088500977,0.2667970657348633,0.22542786598205566,0.5306220054626465,0.252622127532959,0.4975850582122803,0.5223407745361328,0.5495510101318359,0.6059410572052002,0.23292088508605957,0.3004622459411621,0.2744302749633789,,0.2502472400665283,0.5579051971435547,,0.5820639133453369,,,0.5285859107971191,0.5303549766540527,0.4870109558105469,0.22199392318725586,0.29058098793029785
1249,0.2268669605255127,0.22767901420593262,0.9462409019470215,,0.21984100341796875,0.22206616401672363,0.48180580139160156,0.5171000957489014,0.25785017013549805,,0.24963092803955078,0.22919440269470215,0.5192651748657227,0.26903796195983887,0.24097990989685059,0.5548312664031982,0.22437620162963867,0.2907137870788574,,0.2991321086883545,1.1603448390960693,0.501190185546875,0.5083918571472168,0.5287530422210693,0.23613381385803223,0.25551390647888184,0.2648777961730957,0.2519512176513672,0.5014529228210449,1.603315830230713,0.24825191497802734,0.8867809772491455,0.5359737873077393,0.5308892726898193,0.28607797622680664,0.2331242561340332,1.0188820362091064,0.5364232063293457,,0.2473897933959961,0.6112618446350098,,1.1495871543884277,,,0.23418307304382324,0.5300018787384033,0.48868393898010254,0.2554922103881836,0.25593996047973633
1250,0.24636316299438477,0.22189021110534668,0.5264251232147217,,0.21959304809570312,0.537207841873169,0.44697999954223633,0.5143191814422607,0.23046112060546875,,0.2219839096069336,0.22921490669250488,0.8524758815765381,0.3117809295654297,0.22127723693847656,0.5770790576934814,0.2422628402709961,0.30896878242492676,,0.24690699577331543,1.1197528839111328,0.5314853191375732,0.4851109981536865,0.5086982250213623,0.23227882385253906,0.24625492095947266,0.238966703414917,0.2515227794647217,1.146484136581421,0.5396773815155029,0.23728609085083008,0.500586986541748,0.5490298271179199,0.5042059421539307,0.2532773017883301,0.2290959358215332,0.9456398487091064,0.5785019397735596,,0.25424885749816895,0.6147840023040771,,1.5508899688720703,,,0.850438117980957,0.5484139919281006,0.22733473777770996,0.24333620071411133,0.26608896255493164
1251,0.2510998249053955,0.23441004753112793,1.1231780052185059,,0.21689486503601074,0.5121710300445557,0.50099778175354,0.32398009300231934,0.22798585891723633,,0.24741411209106445,0.2539072036743164,0.4999251365661621,0.29328203201293945,0.21880292892456055,0.5441789627075195,0.21794390678405762,0.25545406341552734,,0.2453749179840088,0.4683670997619629,0.5331888198852539,0.5132801532745361,0.21413397789001465,0.2586991786956787,0.26541900634765625,0.22235107421875,0.24701166152954102,0.8987216949462891,0.5011241436004639,0.2453172206878662,0.5334088802337646,1.4014759063720703,0.556926965713501,0.23728299140930176,0.25987720489501953,18.21271824836731,0.3092000484466553,,0.2633500099182129,0.5621318817138672,,1.1574790477752686,,,1.145582914352417,0.5307760238647461,0.5474460124969482,0.27037906646728516,0.23391985893249512
1252,0.2663280963897705,0.23573994636535645,0.5439190864562988,,0.2132561206817627,1.1194689273834229,0.4534158706665039,0.4906339645385742,0.24602317810058594,,0.2370009422302246,0.22893309593200684,0.5198938846588135,0.26917576789855957,0.24506402015686035,0.24549102783203125,0.24791884422302246,0.2755310535430908,,0.5885610580444336,0.46370983123779297,0.24638891220092773,0.5340070724487305,0.2446458339691162,0.24301505088806152,0.22378015518188477,0.23274803161621094,0.22380399703979492,1.161783218383789,1.0030930042266846,0.2200467586517334,1.776460886001587,0.5585498809814453,0.5467679500579834,0.9714822769165039,0.2506382465362549,0.45408105850219727,0.24925899505615234,,0.24776005744934082,0.5550479888916016,,1.1960959434509277,,,0.5558590888977051,1.136167049407959,0.24462294578552246,0.23041796684265137,0.41892504692077637
1253,0.25116991996765137,0.24110007286071777,2.1419010162353516,,0.23080015182495117,0.7305757999420166,0.46987199783325195,0.5214531421661377,0.22045207023620605,,0.24643373489379883,0.23465919494628906,1.156224012374878,0.28054094314575195,0.23226213455200195,1.211817979812622,0.23624515533447266,0.5756750106811523,,0.3594517707824707,0.9541399478912354,0.5511717796325684,0.5337002277374268,0.5150008201599121,0.26951003074645996,0.24012303352355957,0.23495888710021973,0.26297903060913086,0.5436227321624756,1.199112892150879,0.24829983711242676,0.5192136764526367,3.7865490913391113,0.5413460731506348,0.2583742141723633,0.23450589179992676,0.9229481220245361,0.2812340259552002,,0.2259361743927002,0.2914600372314453,,0.5042948722839355,,,0.5431640148162842,0.5095973014831543,0.22704601287841797,0.24625301361083984,0.5111091136932373
1254,0.2498762607574463,0.2468111515045166,0.5052762031555176,,0.22629880905151367,4.01122784614563,0.45059680938720703,0.48934030532836914,0.2622389793395996,,0.21771597862243652,0.23383879661560059,0.49968791007995605,0.27016687393188477,0.22623014450073242,0.2590970993041992,0.23660707473754883,0.2775309085845947,,0.5817499160766602,0.5035669803619385,0.5021560192108154,0.5488801002502441,0.22432684898376465,0.23996901512145996,0.22487497329711914,0.2520599365234375,0.2540600299835205,0.5435960292816162,9.66557502746582,0.2510948181152344,1.1944656372070312,0.5191187858581543,0.558621883392334,0.27356600761413574,0.2321929931640625,0.23758411407470703,0.6234211921691895,,0.2505528926849365,0.24721384048461914,,1.1759378910064697,,,0.4994051456451416,0.5399112701416016,0.49951982498168945,0.25126004219055176,0.2554149627685547
1255,0.2489159107208252,0.22223615646362305,1.7598247528076172,,0.23997116088867188,0.4781460762023926,0.23154783248901367,0.5104010105133057,0.2257840633392334,,0.21977615356445312,0.23143219947814941,0.5169100761413574,0.27775001525878906,0.24637627601623535,2.3362009525299072,0.22314095497131348,0.27076029777526855,,0.30666208267211914,1.176037311553955,0.5487768650054932,0.3616461753845215,0.5086338520050049,0.2588388919830322,0.24593877792358398,0.2261953353881836,0.24791884422302246,1.1623239517211914,2.474479913711548,0.23996281623840332,0.9079630374908447,0.4803578853607178,0.5503411293029785,0.5653865337371826,0.23277020454406738,18.098918914794922,0.25328588485717773,,0.24772405624389648,0.2427968978881836,,1.176300048828125,,,0.5092651844024658,0.24747991561889648,0.3794131278991699,0.2511332035064697,0.23989510536193848
1256,0.2438950538635254,0.23779010772705078,0.5321972370147705,,0.23373913764953613,1.113084077835083,0.5016157627105713,0.49875307083129883,0.21672296524047852,,0.24596500396728516,0.25348806381225586,0.49289965629577637,0.2857956886291504,0.2200329303741455,0.9473221302032471,0.24617791175842285,0.5420441627502441,,0.23521089553833008,0.5179581642150879,0.3460376262664795,0.5298788547515869,0.4769918918609619,0.24012398719787598,0.237457275390625,0.2516019344329834,0.25290489196777344,0.5348339080810547,0.7535829544067383,0.2440168857574463,1.196742296218872,0.5468289852142334,0.5288560390472412,0.2693288326263428,0.2339320182800293,0.5361390113830566,0.2467799186706543,,0.2673802375793457,0.26466917991638184,,0.2440338134765625,,,0.5460820198059082,1.1958980560302734,0.5330567359924316,0.24495911598205566,0.5711901187896729
1257,0.2445533275604248,0.22033405303955078,0.4912688732147217,,0.23789691925048828,0.8644506931304932,1.0541608333587646,0.5497241020202637,0.24490809440612793,,0.2700488567352295,0.22831296920776367,0.5450289249420166,0.2654299736022949,0.2167208194732666,0.5486490726470947,0.23869705200195312,0.27902698516845703,,0.2591359615325928,1.115569829940796,0.5284559726715088,0.24502086639404297,0.23697113990783691,0.2306230068206787,0.21829986572265625,0.23662781715393066,0.2494809627532959,0.7386188507080078,0.5252254009246826,0.22467827796936035,0.5002701282501221,0.5488591194152832,1.1034200191497803,0.5771911144256592,0.27188682556152344,0.9573488235473633,0.2504911422729492,,0.24410295486450195,0.2810649871826172,,2.8639070987701416,,,0.5476241111755371,0.5488100051879883,0.5210781097412109,0.24871206283569336,0.5454847812652588
1258,0.25449275970458984,0.25568103790283203,0.5141081809997559,,0.24961590766906738,0.8780457973480225,2.76416015625,0.8846919536590576,0.2208847999572754,,0.24918794631958008,0.2554149627685547,0.22623491287231445,0.2582111358642578,0.2652010917663574,0.25801706314086914,0.24394702911376953,0.2978811264038086,,0.2393789291381836,1.0031108856201172,0.24367618560791016,0.7361197471618652,0.5126240253448486,0.27686405181884766,0.21530389785766602,0.22290396690368652,0.26574063301086426,1.2235701084136963,1.1774868965148926,0.2407679557800293,0.514868974685669,0.5162360668182373,1.2097153663635254,0.2555840015411377,0.2305908203125,0.9654808044433594,0.23455214500427246,,0.25534486770629883,0.31536293029785156,,1.1762750148773193,,,0.5197319984436035,4.5619728565216064,0.2572510242462158,0.23086309432983398,0.5767443180084229
1259,0.24483919143676758,0.2220010757446289,0.9393007755279541,,0.22805404663085938,0.5161240100860596,0.25876593589782715,0.546828031539917,0.2385852336883545,,0.2510087490081787,0.24546384811401367,1.1274480819702148,0.25895094871520996,0.22150874137878418,0.22108888626098633,0.22070980072021484,0.2797889709472656,,0.2636449337005615,0.47682881355285645,0.5264120101928711,0.5318338871002197,0.882375955581665,0.23202896118164062,0.21898293495178223,0.24259471893310547,0.24628090858459473,1.185142993927002,0.4994039535522461,0.22263598442077637,1.2595210075378418,0.5578639507293701,0.7278587818145752,1.009261131286621,0.24399995803833008,0.23795413970947266,0.25211119651794434,,0.24966001510620117,0.6046168804168701,,1.1388978958129883,,,0.8843390941619873,1.146899938583374,0.24872303009033203,0.25138092041015625,0.5667178630828857
1260,0.2533760070800781,0.23867583274841309,1.1656250953674316,,0.21489787101745605,0.5287938117980957,0.4557986259460449,0.25186610221862793,0.24241113662719727,,0.24991989135742188,0.2519509792327881,0.505681037902832,0.2848222255706787,0.23607110977172852,0.5507261753082275,0.22498130798339844,0.2777872085571289,,0.232712984085083,1.1591339111328125,0.2787930965423584,0.5008208751678467,0.5507760047912598,0.23388910293579102,0.21576404571533203,0.2532498836517334,0.2243940830230713,1.163268804550171,1.0973608493804932,0.26576781272888184,1.1764891147613525,0.5504631996154785,0.5525221824645996,0.5760738849639893,0.25496387481689453,0.22825860977172852,0.25641393661499023,,0.22403573989868164,0.2623562812805176,,0.5151979923248291,,,0.5017859935760498,0.528494119644165,0.26778507232666016,0.24306106567382812,0.25595712661743164
1261,0.2489030361175537,0.2441420555114746,0.546658992767334,,0.24217796325683594,0.5170319080352783,1.0162160396575928,0.548192024230957,0.22080111503601074,,0.24335813522338867,0.2653179168701172,0.5162332057952881,0.2832767963409424,0.22245287895202637,1.2044191360473633,0.24294590950012207,0.29360294342041016,,0.2480330467224121,0.4962170124053955,0.5295770168304443,0.5324387550354004,0.5343191623687744,0.26929593086242676,0.26352810859680176,0.23758292198181152,0.24915623664855957,0.8391938209533691,0.5283877849578857,0.25088000297546387,1.4844841957092285,0.534459114074707,0.9288618564605713,0.611224889755249,0.2455601692199707,1.645042896270752,0.3533451557159424,,0.26566171646118164,0.2969231605529785,,1.1873421669006348,,,1.79209303855896,0.5276980400085449,0.5185890197753906,0.25856590270996094,0.7594890594482422
1262,0.2696378231048584,0.24874114990234375,4.162609100341797,,0.229661226272583,1.5123281478881836,1.0790762901306152,0.5531051158905029,0.2194838523864746,,0.24274992942810059,0.2486119270324707,0.5227129459381104,0.2563750743865967,0.23313283920288086,0.26105618476867676,0.24220800399780273,0.28144001960754395,,0.2606039047241211,4.843483924865723,0.4856240749359131,0.24827909469604492,0.5495491027832031,0.2656219005584717,0.21978068351745605,0.22804689407348633,0.25118494033813477,1.125201940536499,0.5308091640472412,0.25101399421691895,0.5609078407287598,0.4973139762878418,0.6100678443908691,0.5640499591827393,0.2697939872741699,6.133145809173584,0.5773789882659912,,0.24822688102722168,0.2612180709838867,,0.9779319763183594,,,0.5277590751647949,0.5117940902709961,0.4984781742095947,0.23573684692382812,0.5656580924987793
1263,0.23594307899475098,0.24014592170715332,1.1658990383148193,,0.255403995513916,1.137312650680542,0.2487649917602539,0.509882926940918,0.21642684936523438,,0.24616122245788574,0.24324989318847656,0.48399782180786133,0.28209996223449707,0.24695611000061035,0.5744121074676514,0.2434539794921875,0.29583287239074707,,0.23581314086914062,0.7122550010681152,0.2657201290130615,0.4904608726501465,0.2511117458343506,0.27266669273376465,0.21774697303771973,0.244736909866333,0.2704300880432129,1.138491153717041,0.5011231899261475,0.25212693214416504,1.8631889820098877,0.8129069805145264,0.533515214920044,0.28075385093688965,0.24799895286560059,0.947739839553833,0.250502347946167,,0.25103020668029785,1.2562167644500732,,0.5254130363464355,,,0.5192890167236328,0.5314040184020996,0.20799803733825684,0.2758188247680664,0.2632009983062744
1264,0.22667503356933594,0.22104907035827637,0.5081369876861572,,0.2369699478149414,1.1105928421020508,0.24668312072753906,0.47409510612487793,0.25515007972717285,,0.2239229679107666,0.226762056350708,0.5275111198425293,0.2711329460144043,0.2384810447692871,0.5421981811523438,0.22283220291137695,0.5478560924530029,,0.589224100112915,1.1589210033416748,1.6434061527252197,0.5302741527557373,0.5056078433990479,0.25887608528137207,0.25089001655578613,0.24117302894592285,0.24731707572937012,1.1074910163879395,0.4982640743255615,0.23915600776672363,1.5205729007720947,0.5323741436004639,0.9497358798980713,0.6259720325469971,0.24603796005249023,1.6985819339752197,0.5952613353729248,,0.24165916442871094,0.24922585487365723,,0.5130369663238525,,,0.5496790409088135,0.5660569667816162,0.5013618469238281,0.24118804931640625,0.5635218620300293
1265,0.23154902458190918,0.24396514892578125,0.5086557865142822,,0.2303617000579834,0.5492289066314697,0.4977138042449951,0.9145121574401855,0.24146795272827148,,0.24709320068359375,0.2563440799713135,1.183305263519287,0.2986619472503662,0.23109984397888184,0.261915922164917,0.24240612983703613,0.2737159729003906,,0.5820889472961426,1.1272151470184326,0.529569149017334,0.8917169570922852,0.8776130676269531,0.23833227157592773,0.2542450428009033,0.22281122207641602,0.25014495849609375,0.504575252532959,1.1780691146850586,0.259030818939209,1.5987131595611572,0.5483658313751221,0.5327229499816895,1.0196731090545654,0.2277381420135498,0.22109174728393555,0.2620251178741455,,0.23101496696472168,1.0359971523284912,,3.1857502460479736,,,0.5655670166015625,2.410767078399658,0.5115411281585693,0.25313282012939453,0.2729909420013428
1266,0.23593592643737793,0.25346922874450684,0.5217559337615967,,0.2309398651123047,0.5347459316253662,0.5073432922363281,0.5489799976348877,0.22218012809753418,,0.21936607360839844,0.26780104637145996,0.25434112548828125,0.2874178886413574,0.23424196243286133,0.5587618350982666,0.2212820053100586,0.2589559555053711,,0.3150441646575928,0.5520219802856445,0.7380568981170654,0.5523018836975098,0.37072014808654785,0.23399806022644043,0.25583791732788086,0.23576807975769043,0.24573612213134766,0.5356500148773193,0.5842099189758301,0.24534988403320312,1.1598420143127441,0.5372228622436523,0.53155517578125,0.2817397117614746,0.24315118789672852,1.7596797943115234,0.25680088996887207,,0.2490851879119873,0.9845530986785889,,1.1828038692474365,,,0.5021219253540039,0.5110440254211426,0.2692129611968994,0.23293089866638184,0.22130990028381348
1267,0.24649405479431152,0.25107312202453613,1.1917669773101807,,0.21486783027648926,1.1557409763336182,0.4862828254699707,0.6303880214691162,0.2185978889465332,,0.2657589912414551,0.24810194969177246,0.4978981018066406,0.2866239547729492,0.23165106773376465,0.775238037109375,0.23619699478149414,0.27797818183898926,,0.5807101726531982,0.5037519931793213,0.2371530532836914,0.5060698986053467,0.5552659034729004,0.2642052173614502,0.21733808517456055,0.22614789009094238,0.22344112396240234,1.1682782173156738,0.23791193962097168,0.2205498218536377,0.5435531139373779,0.9011468887329102,0.5686559677124023,0.26453089714050293,0.27223896980285645,0.25110673904418945,0.5592308044433594,,0.2326829433441162,0.2930338382720947,,0.5476539134979248,,,5.00262975692749,1.225489854812622,0.23041200637817383,0.23891687393188477,0.24353408813476562
1268,0.23369193077087402,0.26636314392089844,0.5067870616912842,,0.25516700744628906,1.1464860439300537,0.9036350250244141,0.530170202255249,0.24663019180297852,,0.24746108055114746,0.25079894065856934,3.1288938522338867,0.2674429416656494,0.23487401008605957,0.5771949291229248,0.24965786933898926,0.28581976890563965,,0.2527592182159424,0.49964404106140137,0.2546818256378174,0.5076522827148438,0.4084651470184326,0.2516012191772461,0.22488903999328613,0.24665331840515137,0.26714086532592773,1.1801090240478516,0.5148799419403076,0.2507798671722412,5.352044105529785,0.5299851894378662,0.6414341926574707,0.5475831031799316,0.2435288429260254,0.26715922355651855,0.2539079189300537,,0.2262887954711914,0.236922025680542,,0.5328381061553955,,,0.5193898677825928,0.689769983291626,0.5336771011352539,0.25687503814697266,0.5280578136444092
1269,0.23288917541503906,0.24930405616760254,0.5235188007354736,,0.23496294021606445,0.9106860160827637,0.24152302742004395,0.5318808555603027,0.23975110054016113,,0.22710776329040527,0.24883604049682617,1.1133818626403809,0.2590909004211426,0.2362973690032959,1.2889361381530762,0.25241994857788086,0.5800199508666992,,0.5807099342346191,1.1031990051269531,0.25132322311401367,0.5286550521850586,1.213629961013794,0.27344608306884766,0.21729326248168945,0.27243494987487793,0.25412678718566895,1.1158099174499512,16.99746298789978,0.22368597984313965,0.8747258186340332,0.49956297874450684,0.8860690593719482,0.27783989906311035,0.2568972110748291,1.9752731323242188,0.2374260425567627,,0.22895598411560059,0.9663228988647461,,1.181884765625,,,0.5187549591064453,0.5358798503875732,0.5188858509063721,0.24661684036254883,0.5625309944152832
1270,0.23478412628173828,0.24997901916503906,1.4409139156341553,,0.23556303977966309,0.5328919887542725,0.5039658546447754,0.24338006973266602,0.23528814315795898,,0.24409031867980957,0.24780893325805664,0.5652270317077637,0.2874267101287842,0.24205613136291504,0.24416375160217285,0.2518651485443115,0.2971820831298828,,0.5820930004119873,1.0819759368896484,0.5311250686645508,0.4822201728820801,0.5323779582977295,0.24884271621704102,0.21638774871826172,0.24491333961486816,0.24734711647033691,0.5346040725708008,10.09503984451294,0.2642199993133545,0.8555970191955566,0.5337071418762207,0.9151589870452881,0.27950382232666016,0.24013495445251465,0.9684848785400391,0.6223039627075195,,0.2386927604675293,0.27233314514160156,,1.1843020915985107,,,2.808183193206787,0.5691490173339844,0.5309290885925293,0.24624896049499512,0.24727892875671387
1271,0.22806811332702637,0.23993396759033203,0.689490795135498,,0.23439621925354004,0.8858129978179932,0.45638513565063477,0.5387823581695557,0.2188858985900879,,0.2524998188018799,0.2648320198059082,0.5173859596252441,0.26607799530029297,0.22041010856628418,0.5970597267150879,0.24824094772338867,0.2897639274597168,,0.5637760162353516,1.1251838207244873,0.49935317039489746,0.534710168838501,0.5501351356506348,0.24073076248168945,0.23601722717285156,0.25295400619506836,0.2519340515136719,0.5640072822570801,0.5002758502960205,0.24953794479370117,0.5103390216827393,0.5433251857757568,0.5349321365356445,0.6141152381896973,0.2556290626525879,2.299320936203003,0.5893340110778809,,0.24516677856445312,0.58347487449646,,0.5493357181549072,,,0.5160439014434814,0.8802249431610107,1.1483628749847412,0.2509779930114746,0.23714709281921387
1272,0.2753438949584961,0.22355294227600098,1.593076229095459,,0.23339295387268066,0.5453760623931885,0.8790550231933594,0.5174782276153564,0.24143576622009277,,0.26991796493530273,0.2280869483947754,0.5016498565673828,0.2910151481628418,0.2495269775390625,0.9161238670349121,0.2635159492492676,0.2768073081970215,,0.534991979598999,0.4701859951019287,0.6275761127471924,0.5170490741729736,0.5309281349182129,0.23375582695007324,0.2490530014038086,0.2271900177001953,0.25012779235839844,0.5319290161132812,0.5456230640411377,0.22169184684753418,0.5025641918182373,0.5482378005981445,0.5666179656982422,0.5587451457977295,0.24846100807189941,0.2529261112213135,0.24460411071777344,,0.23943090438842773,0.6165282726287842,,0.9635109901428223,,,0.4966928958892822,0.58123779296875,0.4749290943145752,0.23925185203552246,0.2539992332458496
1273,0.24522900581359863,0.2515439987182617,0.5013260841369629,,0.25119590759277344,0.9125759601593018,0.5195651054382324,0.5155179500579834,0.22251319885253906,,0.23995113372802734,0.24715304374694824,0.5329539775848389,0.2632110118865967,0.2365739345550537,0.5777008533477783,0.22565913200378418,0.255479097366333,,0.5529079437255859,0.6766607761383057,0.23412084579467773,0.5447628498077393,0.5043840408325195,0.2719857692718506,0.2493910789489746,0.23957085609436035,0.2585577964782715,0.9347598552703857,1.7567191123962402,0.23526310920715332,0.5326921939849854,0.49919700622558594,0.5440623760223389,0.2663557529449463,0.23768091201782227,0.22743511199951172,0.2575538158416748,,0.22646617889404297,0.25150084495544434,,0.5945858955383301,,,2.136765956878662,1.0284678936004639,0.5174558162689209,0.23502182960510254,0.5098278522491455
1274,0.25014710426330566,0.22948479652404785,0.5314209461212158,,0.2138199806213379,0.5333781242370605,0.5071229934692383,0.2285017967224121,0.26442599296569824,,0.23339223861694336,0.2548830509185791,0.4983220100402832,0.28606176376342773,0.24614191055297852,1.6562330722808838,0.25090503692626953,0.3285651206970215,,0.23214983940124512,0.4946739673614502,1.1935079097747803,0.5218608379364014,0.25101399421691895,0.23819899559020996,0.22402477264404297,0.2596731185913086,0.22254681587219238,1.1632139682769775,6.862605094909668,0.2225053310394287,3.158539056777954,0.5003812313079834,0.5640299320220947,0.6184711456298828,0.2604820728302002,0.9146292209625244,0.27610182762145996,,0.23316502571105957,1.006556749343872,,0.547767162322998,,,0.5098171234130859,0.5302891731262207,0.2657010555267334,0.25655388832092285,0.595268964767456
1275,0.2515439987182617,0.24242043495178223,0.8983397483825684,,0.23734784126281738,0.5069708824157715,0.48574113845825195,0.250399112701416,0.22124981880187988,,0.23162579536437988,0.24357199668884277,0.4976499080657959,0.2881150245666504,0.21641325950622559,0.24961209297180176,0.24812984466552734,0.54339599609375,,0.590054988861084,0.486130952835083,0.2423553466796875,0.4823601245880127,0.493272066116333,0.2638571262359619,0.24819517135620117,0.25717806816101074,0.22718000411987305,1.1628391742706299,0.725318193435669,0.2480030059814453,1.6067652702331543,0.49928927421569824,0.5499839782714844,0.2558248043060303,0.2376079559326172,4.396738052368164,0.24507808685302734,,0.2254626750946045,0.6476390361785889,,1.888901948928833,,,0.5343449115753174,0.6116158962249756,0.23366284370422363,0.24525022506713867,0.26521921157836914
1276,0.25051021575927734,0.2527189254760742,1.147369146347046,,0.2292189598083496,0.22584915161132812,0.23154497146606445,0.3567197322845459,0.24852204322814941,,0.2184891700744629,0.2690608501434326,0.5275447368621826,0.284243106842041,0.2235398292541504,0.5455260276794434,0.252946138381958,0.5616650581359863,,0.8319861888885498,6.745995044708252,0.5316779613494873,0.5041568279266357,0.5130560398101807,0.2634727954864502,0.2669250965118408,0.23687386512756348,0.24042391777038574,0.5356061458587646,0.9912610054016113,0.23637819290161133,1.2382168769836426,0.5139048099517822,0.5343868732452393,1.0058701038360596,0.262570858001709,0.24936985969543457,0.26612210273742676,,0.2466261386871338,0.2535409927368164,,1.6019160747528076,,,0.23662590980529785,1.174731731414795,0.5303630828857422,0.2519376277923584,0.2599060535430908
1277,0.2586963176727295,0.2499370574951172,1.9366438388824463,,0.24305033683776855,0.9142889976501465,0.505573034286499,0.5167970657348633,0.24522089958190918,,0.25606274604797363,0.24939489364624023,0.5346062183380127,0.2599618434906006,0.2416698932647705,0.5767321586608887,0.26403188705444336,0.2574002742767334,,0.2498340606689453,0.5314838886260986,1.1796720027923584,0.5305359363555908,0.5128111839294434,0.2722487449645996,0.25096583366394043,0.22818708419799805,0.22727394104003906,0.9111700057983398,1.3814380168914795,0.2301340103149414,2.4361469745635986,0.5449562072753906,0.5614950656890869,0.2560892105102539,0.25226497650146484,0.22188305854797363,0.2872490882873535,,0.23992085456848145,0.26921892166137695,,0.24173998832702637,,,0.5118918418884277,0.5785253047943115,0.5088322162628174,0.24287796020507812,0.5397062301635742
1278,0.2530710697174072,0.2559664249420166,0.5305383205413818,,0.23859095573425293,0.500586986541748,0.8643898963928223,0.5219712257385254,0.21800780296325684,,0.22293496131896973,0.24613237380981445,0.5417690277099609,0.2771601676940918,0.25052595138549805,0.6410048007965088,0.25099611282348633,0.2784581184387207,,0.580474853515625,5.11059832572937,0.2560689449310303,0.5215182304382324,0.521782636642456,0.2656838893890381,0.25446295738220215,0.2481849193572998,0.2555229663848877,0.9129681587219238,0.9093749523162842,0.240311861038208,0.5309791564941406,0.5295360088348389,0.9609291553497314,1.0404090881347656,0.23039484024047852,1.6981251239776611,0.23743271827697754,,0.2568657398223877,0.25859689712524414,,1.201293706893921,,,3.6936779022216797,0.8188717365264893,0.5454609394073486,0.24886822700500488,0.5540049076080322
1279,0.23116183280944824,0.2219243049621582,0.8721201419830322,,0.2183218002319336,0.49879908561706543,1.0608570575714111,0.48122119903564453,0.2417280673980713,,0.23874282836914062,0.22499918937683105,0.5017220973968506,0.2726247310638428,0.2271111011505127,1.5927770137786865,0.24881696701049805,0.27753114700317383,,0.270327091217041,0.4941272735595703,0.2535569667816162,1.1649820804595947,0.5505521297454834,0.25108981132507324,0.24934601783752441,0.25739502906799316,0.22752690315246582,1.1198091506958008,0.5635766983032227,0.2267599105834961,0.5028538703918457,0.5491912364959717,0.5521218776702881,0.6078009605407715,0.22743678092956543,0.9807612895965576,0.2669367790222168,,0.2479398250579834,0.5764660835266113,,0.5340759754180908,,,0.5008280277252197,1.1961591243743896,0.5563430786132812,0.23731613159179688,0.5105187892913818
1280,0.24487805366516113,0.2366781234741211,0.8484320640563965,,0.21641802787780762,0.49828600883483887,0.4704129695892334,0.5145480632781982,0.24432110786437988,,0.24233794212341309,0.253803014755249,0.5100829601287842,0.3030998706817627,0.24515199661254883,0.5801270008087158,0.22599005699157715,0.27976512908935547,,0.23595094680786133,1.1514277458190918,0.24294304847717285,0.55078125,0.2657480239868164,0.23569416999816895,0.2484130859375,0.2220768928527832,0.24172019958496094,0.9483120441436768,0.5246021747589111,0.25533509254455566,1.4806530475616455,0.534466028213501,0.5538499355316162,0.260789155960083,0.2293548583984375,0.24825596809387207,0.25542712211608887,,0.2494802474975586,1.0658071041107178,,0.5310142040252686,,,0.4894137382507324,0.5780532360076904,0.5620160102844238,0.24527716636657715,0.569572925567627
1281,0.2528848648071289,0.23009204864501953,1.8296489715576172,,0.21631383895874023,0.7788426876068115,0.48413920402526855,0.5171267986297607,0.2232508659362793,,0.2223951816558838,0.2655060291290283,1.16648530960083,0.26494693756103516,0.22253632545471191,0.9709188938140869,0.2471470832824707,0.5325000286102295,,0.5958898067474365,1.5758941173553467,0.27400708198547363,1.1447837352752686,0.5301001071929932,0.239516019821167,0.25894904136657715,0.23035502433776855,0.2239549160003662,0.9109768867492676,0.5277130603790283,0.2212967872619629,0.5150120258331299,0.531303882598877,1.1937458515167236,0.27288079261779785,0.23151803016662598,0.24651026725769043,0.2760801315307617,,0.265779972076416,0.644578218460083,,1.1236300468444824,,,0.5556390285491943,1.1329638957977295,0.5338518619537354,0.24822497367858887,0.5391058921813965
1282,0.2617790699005127,0.24063611030578613,0.5199470520019531,,0.2159430980682373,0.23044896125793457,1.0947232246398926,0.5034167766571045,0.24735212326049805,,0.2620077133178711,0.2521820068359375,0.5109732151031494,0.2866661548614502,0.2166881561279297,1.651036262512207,0.26923322677612305,0.29585695266723633,,0.2638969421386719,0.4972710609436035,0.24068593978881836,0.5204229354858398,0.2254338264465332,0.2640540599822998,0.22371602058410645,0.2369368076324463,0.2361297607421875,1.3531360626220703,0.5369467735290527,0.2248382568359375,2.5563769340515137,0.5450150966644287,0.5310831069946289,0.6138138771057129,0.2485182285308838,0.9338140487670898,0.25046396255493164,,0.2260580062866211,0.25662899017333984,,1.2606289386749268,,,0.8600571155548096,1.1862483024597168,0.5282840728759766,0.25751709938049316,0.5177028179168701
1283,0.2542400360107422,0.2402801513671875,0.5063049793243408,,0.23227810859680176,1.1675279140472412,1.0563960075378418,0.5495598316192627,0.22260189056396484,,0.24849390983581543,0.24363279342651367,0.5004949569702148,0.2674529552459717,0.24407386779785156,0.2638401985168457,0.24399423599243164,0.6258087158203125,,0.23662090301513672,0.4988999366760254,0.23448395729064941,0.4944767951965332,0.3099849224090576,0.28886866569519043,0.2472221851348877,0.2264699935913086,0.26886510848999023,1.1649110317230225,0.5367329120635986,0.2463822364807129,0.4859042167663574,0.5223429203033447,0.608206033706665,0.6188607215881348,0.2357497215270996,0.2939949035644531,0.24898791313171387,,0.2496943473815918,0.2673912048339844,,1.257350206375122,,,0.4953348636627197,0.5486259460449219,0.21370315551757812,0.2202460765838623,0.5835549831390381
1284,0.24616312980651855,0.2398388385772705,0.5286550521850586,,0.2176508903503418,0.5059900283813477,0.5322239398956299,0.4869389533996582,0.25954294204711914,,0.2254960536956787,0.22642207145690918,0.5143418312072754,0.2609589099884033,0.21820497512817383,0.9453279972076416,0.2534050941467285,0.6118547916412354,,0.5909881591796875,0.5195400714874268,0.24464011192321777,0.5123980045318604,0.5119819641113281,0.251370906829834,0.22092604637145996,0.2665431499481201,0.24251317977905273,1.2292640209197998,0.5204780101776123,0.252608060836792,0.8509521484375,0.5483448505401611,0.5265469551086426,0.5721988677978516,0.25993919372558594,0.950221061706543,0.24686813354492188,,0.24626493453979492,0.3093709945678711,,0.511389970779419,,,0.5274760723114014,1.1881508827209473,1.8748078346252441,0.25678086280822754,0.5802860260009766
1285,0.2412412166595459,0.246567964553833,1.7780930995941162,,0.2195909023284912,0.54947829246521,0.48271679878234863,0.5501749515533447,0.21646785736083984,,0.24959993362426758,0.24284124374389648,0.22264528274536133,0.30314207077026367,0.2510190010070801,0.5514376163482666,0.250485897064209,0.5910699367523193,,0.5637588500976562,0.47228002548217773,0.24869203567504883,1.1949172019958496,0.20705795288085938,0.23961186408996582,0.2566087245941162,0.2452559471130371,0.25304388999938965,1.166133165359497,5.909894943237305,0.26497888565063477,0.5171818733215332,1.626401662826538,8.027943849563599,0.6098179817199707,0.24295711517333984,0.249284029006958,0.2466428279876709,,0.25594377517700195,0.27239418029785156,,0.5478038787841797,,,0.3699619770050049,0.546760082244873,0.7001268863677979,0.2312009334564209,0.5447239875793457
1286,0.2287578582763672,0.22346925735473633,0.9161479473114014,,0.2172999382019043,3.6391592025756836,0.45400118827819824,0.5497229099273682,0.22010588645935059,,0.25019407272338867,0.23955821990966797,1.1322178840637207,0.2678847312927246,0.21955299377441406,0.2649860382080078,0.24869012832641602,0.25640106201171875,,0.6535739898681641,1.1395893096923828,0.6476631164550781,1.1253209114074707,0.5042178630828857,0.2578010559082031,0.2568192481994629,0.24451184272766113,0.25209712982177734,0.2346341609954834,1.6204249858856201,0.2510111331939697,1.3979661464691162,0.5653328895568848,0.5240120887756348,0.25246381759643555,0.25051283836364746,11.465228080749512,0.2914159297943115,,0.2571232318878174,0.31607508659362793,,0.5168490409851074,,,1.1232879161834717,1.159067153930664,0.669166088104248,0.2246870994567871,0.23985695838928223
1287,0.24735307693481445,0.23878121376037598,0.8255670070648193,,0.22027802467346191,0.935175895690918,0.48519301414489746,0.5534698963165283,0.23763203620910645,,0.2649831771850586,0.2504599094390869,0.4942038059234619,0.2907447814941406,0.24877619743347168,0.24635601043701172,0.2596099376678467,0.5444900989532471,,0.5839662551879883,1.1016392707824707,0.2537062168121338,0.5080971717834473,0.2520880699157715,0.23460602760314941,0.22662019729614258,0.22604608535766602,0.24785685539245605,1.1647961139678955,5.7019898891448975,0.24954771995544434,0.5317456722259521,0.5334057807922363,0.9243760108947754,0.5942890644073486,0.2471179962158203,1.3144807815551758,0.2398998737335205,,0.25730204582214355,0.28731417655944824,,1.2489619255065918,,,0.8823549747467041,0.5830001831054688,0.6756350994110107,0.2586538791656494,0.2596578598022461
1288,0.23372173309326172,0.2685840129852295,0.8559730052947998,,0.23190999031066895,0.5000779628753662,0.45069098472595215,0.532588005065918,0.23538732528686523,,0.24950289726257324,0.25168418884277344,0.48569393157958984,0.2904369831085205,0.23778796195983887,0.26163625717163086,0.22739315032958984,0.2946281433105469,,0.5979828834533691,0.5002701282501221,0.24534988403320312,0.5047941207885742,0.5259618759155273,0.24976205825805664,0.24029207229614258,0.25104594230651855,0.2618827819824219,1.5597319602966309,2.9126410484313965,0.2450089454650879,1.5059490203857422,0.9607269763946533,0.5637550354003906,0.6112139225006104,0.2483057975769043,0.25198912620544434,0.2542588710784912,,0.24835896492004395,0.6236119270324707,,0.2169492244720459,,,0.48102593421936035,1.1946871280670166,0.9270451068878174,0.23831892013549805,0.255220890045166
1289,0.2329709529876709,0.2503080368041992,0.5044207572937012,,0.2167038917541504,0.9072427749633789,0.2013719081878662,0.5499467849731445,0.2558887004852295,,0.22342896461486816,0.2563509941101074,0.8282492160797119,0.2688601016998291,0.2411656379699707,0.5423171520233154,0.25672483444213867,0.28615689277648926,,0.2594780921936035,0.49553823471069336,0.235123872756958,0.5046811103820801,0.4995229244232178,0.2722768783569336,0.21709489822387695,0.2766721248626709,0.2231137752532959,0.5373759269714355,1.6958367824554443,0.22177886962890625,1.21683931350708,0.5527911186218262,0.5551340579986572,0.6115818023681641,0.2444150447845459,10.981895923614502,0.24198484420776367,,0.2255420684814453,0.9808030128479004,,1.171846866607666,,,0.5207102298736572,0.550706148147583,0.7673161029815674,0.9459500312805176,0.23951387405395508
1290,0.2314310073852539,0.2529008388519287,0.5195751190185547,,0.24466800689697266,1.1834728717803955,0.48384571075439453,0.5480561256408691,0.21943187713623047,,0.24261903762817383,0.23227691650390625,1.0882010459899902,0.29538893699645996,0.21634793281555176,0.5412957668304443,0.24156904220581055,0.5748841762542725,,0.23831510543823242,0.5077109336853027,0.2649238109588623,0.5221738815307617,0.24136900901794434,0.25377678871154785,0.22835612297058105,0.2324659824371338,0.2543821334838867,1.1652796268463135,1.5685312747955322,0.2417600154876709,2.122183084487915,0.5711088180541992,0.5761311054229736,0.6052961349487305,0.25338196754455566,7.550285816192627,0.2501411437988281,,0.24965810775756836,0.33931493759155273,,0.549689769744873,,,0.5318269729614258,1.196004867553711,0.7164030075073242,0.2612459659576416,0.24300909042358398
1291,0.23215699195861816,0.2476208209991455,1.108036994934082,,0.22641801834106445,1.5717837810516357,0.8608698844909668,0.5044717788696289,0.21885895729064941,,0.22160983085632324,0.2502450942993164,0.5270352363586426,0.2801189422607422,0.23474812507629395,5.395760774612427,0.2541630268096924,0.5685162544250488,,0.22967195510864258,1.036020040512085,0.5176372528076172,0.9330840110778809,0.5216491222381592,0.23797202110290527,0.25923705101013184,0.23041200637817383,0.2508721351623535,1.242009162902832,5.332653760910034,0.24556326866149902,1.1852271556854248,3.027644157409668,0.5286710262298584,0.6056859493255615,0.2528839111328125,4.392280101776123,0.24686408042907715,,0.2617480754852295,0.2761037349700928,,0.5875711441040039,,,0.5536899566650391,0.5633690357208252,0.3503298759460449,0.54966139793396,0.25530481338500977
1292,0.25036001205444336,0.25004124641418457,1.537182092666626,,0.24396491050720215,0.8849747180938721,0.4525129795074463,0.5130159854888916,0.24189424514770508,,0.2693910598754883,0.23772811889648438,0.48823118209838867,0.26196813583374023,0.2351398468017578,0.9501779079437256,0.26808714866638184,0.28256797790527344,,0.2668452262878418,1.2073049545288086,0.23242878913879395,0.5291740894317627,0.9069819450378418,0.2673609256744385,0.22144579887390137,0.24435877799987793,0.24901485443115234,1.1335322856903076,2.2976667881011963,0.25283193588256836,0.4918851852416992,2.3492019176483154,0.5328042507171631,0.2772228717803955,0.257678747177124,1.3619987964630127,0.2354898452758789,,0.2552030086517334,0.27202296257019043,,1.1987881660461426,,,0.23557710647583008,0.6839990615844727,0.5466732978820801,0.946563720703125,0.2870018482208252
1293,0.2570023536682129,0.26054883003234863,1.109130859375,,0.24480414390563965,0.2519502639770508,0.483684778213501,0.5050699710845947,0.21971607208251953,,0.2504281997680664,0.2285020351409912,0.493314266204834,0.2774028778076172,0.2478020191192627,0.5946049690246582,0.24668431282043457,0.284696102142334,,0.3313741683959961,0.5242829322814941,0.2514159679412842,0.4843001365661621,0.25268006324768066,0.27112317085266113,0.25218915939331055,0.2521090507507324,0.26903295516967773,1.1657209396362305,12.90874695777893,0.24932122230529785,0.485170841217041,0.5320138931274414,0.5199532508850098,0.2349531650543213,0.2482302188873291,11.734742879867554,0.23827195167541504,,0.239670991897583,0.2488389015197754,,1.9967458248138428,,,0.23813295364379883,0.5450918674468994,0.7625470161437988,0.2394568920135498,0.5637269020080566
1294,0.23091983795166016,0.22442102432250977,3.04419207572937,,0.23820090293884277,0.9091167449951172,0.486950159072876,0.519024133682251,0.2460339069366455,,0.25754499435424805,0.2254788875579834,1.1896393299102783,0.275576114654541,0.5105979442596436,0.5142838954925537,0.24854087829589844,0.5500469207763672,,0.26322412490844727,1.1551437377929688,0.24817681312561035,0.5467469692230225,0.5245521068572998,0.23341989517211914,0.2506439685821533,0.25781989097595215,0.2486860752105713,1.0039668083190918,16.337466955184937,0.25003695487976074,1.6164281368255615,1.2835631370544434,0.5547647476196289,0.5915281772613525,0.22821521759033203,5.447786092758179,0.2593040466308594,,0.257127046585083,0.24007415771484375,,0.5320980548858643,,,0.4999408721923828,0.5332868099212646,2.080091953277588,0.5533528327941895,0.26279497146606445
1295,0.25497984886169434,0.22516703605651855,2.3801159858703613,,0.23634791374206543,1.5754659175872803,1.0968399047851562,0.5521032810211182,0.24009394645690918,,0.23449397087097168,0.23376798629760742,0.519711971282959,0.2991969585418701,0.24863171577453613,0.5329272747039795,0.22691702842712402,0.5853080749511719,,0.6142888069152832,1.0674748420715332,0.900291919708252,0.6160941123962402,0.4992508888244629,0.24342989921569824,0.24811005592346191,0.22167706489562988,0.24767780303955078,0.9422290325164795,7.019396066665649,0.25478410720825195,1.6803357601165771,0.8006930351257324,0.5272960662841797,0.32009077072143555,0.2554898262023926,3.0483500957489014,0.2573089599609375,,0.24997806549072266,0.27256226539611816,,0.5323450565338135,,,0.5290229320526123,0.5518388748168945,0.7455370426177979,0.24342823028564453,0.2764899730682373
1296,0.23254609107971191,0.23889780044555664,0.5003478527069092,,0.21591877937316895,0.565209150314331,0.4989471435546875,0.5492970943450928,0.22436189651489258,,0.23349499702453613,0.24704313278198242,0.5273849964141846,0.2666749954223633,0.22309184074401855,0.5668389797210693,0.24835920333862305,0.6127798557281494,,0.580164909362793,0.9000949859619141,0.8853778839111328,0.4923741817474365,1.2134928703308105,0.26264309883117676,0.25780487060546875,0.22481298446655273,0.23824381828308105,0.2681772708892822,3.2456507682800293,0.22120285034179688,0.6692519187927246,0.5778460502624512,0.5496499538421631,0.29326295852661133,0.24375009536743164,3.4144680500030518,0.23999905586242676,,0.2564539909362793,0.630864143371582,,0.5316190719604492,,,0.5528948307037354,0.5801339149475098,0.6747879981994629,0.25614309310913086,0.222304105758667
1297,0.24888896942138672,0.23038482666015625,0.9155929088592529,,0.2241959571838379,0.25211071968078613,0.4526181221008301,0.5329570770263672,0.24831199645996094,,0.2521350383758545,0.24158692359924316,0.49909400939941406,0.2843189239501953,0.2566196918487549,0.5617849826812744,0.26679015159606934,0.48554396629333496,,0.24035096168518066,1.079604148864746,0.26479625701904297,0.501396894454956,0.5222141742706299,0.2722752094268799,0.2189488410949707,0.24700117111206055,0.24486875534057617,1.1648809909820557,11.69617509841919,0.24020814895629883,0.48386120796203613,1.0110669136047363,0.5590031147003174,0.5811190605163574,0.27219510078430176,12.035897016525269,0.2521171569824219,,0.22614121437072754,0.35179615020751953,,0.5246567726135254,,,0.547645092010498,0.5137782096862793,0.22649097442626953,0.23323273658752441,0.5841832160949707
1298,0.23323392868041992,0.2531857490539551,1.2885828018188477,,0.25824999809265137,0.20853805541992188,0.4853219985961914,0.5103838443756104,0.2511169910430908,,0.2268528938293457,0.2501339912414551,0.5175516605377197,0.27428412437438965,0.21535062789916992,0.537222146987915,0.251331090927124,0.5372869968414307,,0.2611868381500244,0.5020990371704102,0.2627830505371094,0.522878885269165,0.2563657760620117,0.2675189971923828,0.23810815811157227,0.2558629512786865,0.24506020545959473,0.9515740871429443,8.300764799118042,0.2258000373840332,0.8668007850646973,1.1171340942382812,0.6343858242034912,0.5428051948547363,0.23747897148132324,3.296781063079834,0.24723219871520996,,0.2593221664428711,0.3315451145172119,,0.5382840633392334,,,0.5534751415252686,1.0044081211090088,0.512965202331543,0.23723793029785156,0.2667410373687744
1299,0.2321469783782959,0.22997093200683594,0.5206289291381836,,0.23286128044128418,0.500999927520752,0.49703073501586914,0.5444638729095459,0.2618229389190674,,0.2224559783935547,0.252439022064209,0.5118000507354736,0.2620060443878174,0.23236608505249023,0.56392502784729,0.25015974044799805,0.2738518714904785,,0.3131399154663086,1.0950779914855957,0.5320498943328857,0.48481011390686035,1.441748857498169,0.24199199676513672,0.2225511074066162,0.2665889263153076,0.24211883544921875,1.1587860584259033,0.9394712448120117,0.2464299201965332,0.5210540294647217,1.449451208114624,9.600008010864258,0.5546050071716309,0.23269391059875488,10.279727935791016,0.3109891414642334,,0.24419093132019043,0.27979111671447754,,0.5319108963012695,,,0.5342650413513184,1.0081770420074463,0.25214409828186035,0.2675931453704834,0.5830020904541016
1300,0.23221802711486816,0.23349714279174805,1.257220983505249,,0.23754000663757324,0.892672061920166,1.0479238033294678,0.5338387489318848,0.22392797470092773,,0.24481415748596191,0.246445894241333,0.5458469390869141,0.29401493072509766,0.23250102996826172,0.5657567977905273,0.24928998947143555,0.61102294921875,,0.5843050479888916,0.9152297973632812,0.26308107376098633,0.2632331848144531,0.5338737964630127,0.25620007514953613,0.21847796440124512,0.2460479736328125,0.2537801265716553,1.0082910060882568,14.025765180587769,0.26767683029174805,0.5379741191864014,0.5644857883453369,0.5334110260009766,0.6048130989074707,0.23357009887695312,1.2094190120697021,0.2365248203277588,,0.2642796039581299,0.2960209846496582,,0.5338983535766602,,,0.47806406021118164,0.5517137050628662,0.4980621337890625,0.2645697593688965,0.554826021194458
1301,0.23410487174987793,0.22425031661987305,1.1535563468933105,,0.23743700981140137,0.23948907852172852,1.1212990283966064,0.5488860607147217,0.24117398262023926,,0.25434398651123047,0.2425849437713623,0.5568897724151611,0.2843320369720459,0.2478160858154297,0.5462520122528076,0.2527749538421631,0.6556601524353027,,0.2731308937072754,0.9283859729766846,0.29195618629455566,0.24591493606567383,0.5490131378173828,0.2391209602355957,0.2719686031341553,0.24500799179077148,0.2538318634033203,0.5395939350128174,1.883296012878418,0.2576436996459961,0.5425059795379639,2.349342107772827,0.5297830104827881,0.32623910903930664,0.23636889457702637,18.3016300201416,0.2643458843231201,,0.2889211177825928,0.5282537937164307,,0.529742956161499,,,0.5337340831756592,1.1969988346099854,0.25417399406433105,0.26987314224243164,0.5626060962677002
1302,0.2732579708099365,0.2345128059387207,1.5825779438018799,,0.22196388244628906,5.311282157897949,0.5375971794128418,0.5350079536437988,0.23441219329833984,,0.2639920711517334,0.2507052421569824,0.49855494499206543,0.2657191753387451,0.2590169906616211,0.5609819889068604,0.25687074661254883,0.5916168689727783,,0.5824251174926758,0.5011570453643799,0.4998760223388672,0.571709156036377,0.5421419143676758,0.2393360137939453,0.2417600154876709,0.22355198860168457,0.24322891235351562,1.1919012069702148,1.482625961303711,0.23332500457763672,0.5179948806762695,0.5784199237823486,0.5438718795776367,0.6278882026672363,0.25209474563598633,0.733644962310791,0.2534968852996826,,0.25130414962768555,1.2772691249847412,,0.5355310440063477,,,0.49258923530578613,1.2234528064727783,0.5218970775604248,0.2507750988006592,0.24172687530517578
1303,0.23719334602355957,0.24354815483093262,0.555232048034668,,0.26059913635253906,1.1890859603881836,0.4979250431060791,0.5350921154022217,0.23858308792114258,,0.2501490116119385,0.25220394134521484,0.5036191940307617,0.2879018783569336,0.23122286796569824,0.5438029766082764,0.2218160629272461,0.2910599708557129,,0.5783309936523438,0.5180580615997314,0.532357931137085,0.5205869674682617,0.252791166305542,0.2560579776763916,0.22202110290527344,0.2517879009246826,0.23879575729370117,0.20829010009765625,0.8633780479431152,0.21805787086486816,1.8711161613464355,0.5486001968383789,1.1673409938812256,0.6131389141082764,0.2307908535003662,19.304272174835205,0.2443528175354004,,0.23450994491577148,0.2779252529144287,,1.5161571502685547,,,0.5515589714050293,0.7924211025238037,0.5498590469360352,0.23316407203674316,0.5537939071655273
1304,0.26007604598999023,0.2467668056488037,0.4204871654510498,,0.21804594993591309,1.2413661479949951,0.5312089920043945,0.5085830688476562,0.23987817764282227,,0.251147985458374,0.24973678588867188,0.5033378601074219,0.28905200958251953,0.23382806777954102,0.5618817806243896,0.25104379653930664,0.5561890602111816,,0.255659818649292,0.5127999782562256,0.7061963081359863,0.49582386016845703,0.20472478866577148,0.2683742046356201,0.2210390567779541,0.2505638599395752,0.22227001190185547,1.1276750564575195,5.297390937805176,0.23568511009216309,2.347337245941162,2.3543801307678223,0.5289831161499023,0.647111177444458,0.23720717430114746,,0.2515602111816406,,0.231658935546875,0.2524399757385254,,0.9775149822235107,,,0.5651829242706299,0.5492210388183594,0.23635005950927734,0.2387230396270752,0.25321197509765625
1305,0.23774194717407227,0.24904584884643555,1.7634658813476562,,0.2251420021057129,0.898690938949585,1.063385248184204,0.5251870155334473,0.2449636459350586,,0.24090909957885742,0.24942612648010254,0.5422039031982422,0.28931617736816406,0.21643900871276855,0.5659840106964111,0.22178101539611816,0.5482769012451172,,0.31517696380615234,0.5024309158325195,0.2762117385864258,0.5024189949035645,0.5053679943084717,0.2601470947265625,0.2406139373779297,0.2576580047607422,0.23929715156555176,1.1643919944763184,0.922062873840332,0.2472519874572754,1.0501790046691895,3.899660110473633,0.7585470676422119,0.6135818958282471,0.2282419204711914,,0.22776293754577637,,0.2702949047088623,0.28365397453308105,,2.611783981323242,,,0.520517110824585,1.1702158451080322,0.7011559009552002,0.26232314109802246,0.5458559989929199
1306,0.23154616355895996,0.2515101432800293,0.5143899917602539,,0.23647594451904297,0.25099706649780273,0.5324070453643799,0.4977548122406006,0.2236330509185791,,0.22818303108215332,0.26456689834594727,0.5007202625274658,0.2665719985961914,0.23929667472839355,0.5928549766540527,0.24676918983459473,0.5819401741027832,,0.5525062084197998,1.5582270622253418,1.2463531494140625,0.8601217269897461,0.5488190650939941,0.2663109302520752,0.2415168285369873,0.2628910541534424,0.22987103462219238,1.1692249774932861,1.8782281875610352,0.23931193351745605,0.5336892604827881,0.562067985534668,0.5414872169494629,0.5957050323486328,0.2455761432647705,,0.23440909385681152,,0.25931215286254883,0.32646608352661133,,1.2059211730957031,,,0.5216619968414307,0.5622999668121338,0.4990267753601074,0.2360830307006836,0.5606420040130615
1307,0.24887919425964355,0.24516892433166504,1.5113978385925293,,0.24211382865905762,0.8856029510498047,0.5218851566314697,0.4930579662322998,0.22203612327575684,,0.26565122604370117,0.2458178997039795,0.5201747417449951,0.2689180374145508,0.2443380355834961,1.236875057220459,0.237778902053833,0.5367569923400879,,0.30518293380737305,0.6873950958251953,0.5034570693969727,0.5332088470458984,0.5036392211914062,0.26494312286376953,0.2448439598083496,0.25040292739868164,0.24333691596984863,1.1927261352539062,4.597012996673584,0.22415494918823242,0.9003269672393799,1.266387939453125,0.5426609516143799,0.609611988067627,0.26573801040649414,,0.2594130039215088,,0.22584199905395508,1.0162298679351807,,1.200718879699707,,,0.5169849395751953,1.2023470401763916,0.24249005317687988,0.261702299118042,0.271622896194458
1308,0.231367826461792,0.2655940055847168,1.1795177459716797,,0.2396559715270996,0.5177247524261475,0.9172399044036865,0.502640962600708,0.23906302452087402,,0.25019288063049316,0.2262740135192871,0.5047469139099121,0.27196788787841797,0.8040730953216553,1.247169017791748,0.2455461025238037,0.27002882957458496,,0.5695910453796387,1.1630010604858398,0.2509610652923584,0.4772071838378906,0.2565138339996338,0.2706120014190674,0.22188210487365723,0.24762701988220215,0.2707529067993164,0.9427051544189453,11.013971090316772,0.25112199783325195,1.221134901046753,6.659974098205566,0.51932692527771,0.5766100883483887,0.24248909950256348,,0.29059505462646484,,0.25154995918273926,0.2799539566040039,,1.174907922744751,,,0.5315840244293213,0.5449233055114746,0.23260188102722168,0.9370167255401611,0.2501871585845947
1309,0.26225805282592773,0.22818422317504883,0.5092611312866211,,0.24706506729125977,0.5475471019744873,1.473945140838623,0.5030169486999512,0.24198555946350098,,0.25101470947265625,0.25518298149108887,0.5173192024230957,0.2785820960998535,0.24086880683898926,0.5737450122833252,0.2241649627685547,0.2777731418609619,,0.23736095428466797,0.8313908576965332,0.2300727367401123,0.5733819007873535,0.5277271270751953,0.2425839900970459,0.250730037689209,0.2242891788482666,0.23797917366027832,1.146230936050415,0.5539119243621826,0.24781322479248047,1.1760540008544922,0.5322146415710449,0.5487649440765381,0.601121187210083,0.23109936714172363,,0.24444103240966797,,0.24180316925048828,0.31464600563049316,,1.1658830642700195,,,0.5352981090545654,0.6965031623840332,0.2683889865875244,0.2629528045654297,0.49785518646240234
1310,0.23450922966003418,0.25232601165771484,0.48651790618896484,,0.22403788566589355,0.23711585998535156,0.5065860748291016,0.5335981845855713,0.25049376487731934,,0.2551548480987549,0.2493438720703125,0.54193115234375,0.29633092880249023,0.23592090606689453,1.1873810291290283,0.22208094596862793,0.5724937915802002,,0.26383209228515625,1.0286080837249756,0.5532510280609131,0.5474600791931152,0.5002350807189941,0.26531505584716797,0.2371368408203125,0.24379897117614746,0.2326498031616211,1.1402368545532227,4.300377130508423,0.2651708126068115,2.0555341243743896,3.7832188606262207,0.5763792991638184,0.6031169891357422,0.2568190097808838,,0.24999713897705078,,0.2513091564178467,0.2800590991973877,,0.8256809711456299,,,0.5312662124633789,0.5305721759796143,0.24640297889709473,0.2621927261352539,0.24429082870483398
1311,0.2642052173614502,0.24742484092712402,1.8039960861206055,,0.2170548439025879,0.5543220043182373,1.5325088500976562,0.48973631858825684,0.24829697608947754,,0.24727082252502441,0.26538610458374023,0.5193030834197998,0.274198055267334,0.2195441722869873,0.5325613021850586,0.2384040355682373,0.5696423053741455,,0.281613826751709,0.514941930770874,0.23951101303100586,0.5532529354095459,0.307574987411499,0.26642894744873047,0.23669004440307617,0.2698631286621094,0.2255551815032959,1.1576199531555176,2.6250479221343994,0.2238318920135498,2.3862216472625732,0.5322291851043701,0.5634081363677979,0.5640168190002441,0.23653101921081543,,0.25046300888061523,,0.25879502296447754,0.5834670066833496,,1.1859099864959717,,,0.5196621417999268,0.5459029674530029,0.23334479331970215,0.23702692985534668,0.23174095153808594
1312,0.24944591522216797,0.25350379943847656,2.0937349796295166,,0.2438971996307373,0.9149599075317383,0.636944055557251,0.5153160095214844,0.25078415870666504,,0.26518702507019043,0.24953293800354004,0.4942290782928467,0.27182602882385254,0.2161879539489746,0.5504310131072998,0.24183893203735352,0.6024630069732666,,0.26602792739868164,0.5215842723846436,0.5323526859283447,0.518866777420044,0.2060248851776123,0.26121091842651367,0.23460793495178223,0.2509303092956543,0.23081588745117188,1.1136157512664795,2.938927173614502,0.2474231719970703,0.9082989692687988,0.5956966876983643,0.6179971694946289,0.5960900783538818,0.281160831451416,,0.24337220191955566,,0.22983407974243164,0.33603882789611816,,1.1667790412902832,,,1.0540030002593994,1.2314810752868652,0.25150227546691895,0.2564127445220947,0.5633461475372314
1313,0.23238086700439453,0.2567110061645508,0.6494081020355225,,0.2358560562133789,0.5991673469543457,0.22906017303466797,0.5426030158996582,0.2492811679840088,,0.2266528606414795,0.2494349479675293,0.5135459899902344,0.2880258560180664,0.21582484245300293,0.5441746711730957,0.24706196784973145,0.3173556327819824,,0.268326997756958,0.4902949333190918,0.5656759738922119,0.5009958744049072,0.5234389305114746,0.2876851558685303,0.23233294486999512,0.2490551471710205,0.2493000030517578,1.1465909481048584,10.96963906288147,0.2511630058288574,1.6813719272613525,1.224440097808838,0.8946688175201416,0.61067795753479,0.2608633041381836,,0.2372140884399414,,0.25983309745788574,0.6121957302093506,,1.1844379901885986,,,0.5339488983154297,0.5333089828491211,0.5151498317718506,0.23643207550048828,0.24776482582092285
1314,0.2336740493774414,0.2586550712585449,0.5130469799041748,,0.21924710273742676,0.9934210777282715,0.6388511657714844,0.5033059120178223,0.25904107093811035,,0.24446606636047363,0.24949979782104492,2.0850629806518555,0.2776358127593994,0.24522113800048828,0.56964111328125,0.25095582008361816,0.6113100051879883,,0.26097583770751953,0.502007007598877,1.1494760513305664,0.5171999931335449,0.26148104667663574,0.2576732635498047,0.2401127815246582,0.2483680248260498,0.2324211597442627,1.1673579216003418,2.6550521850585938,0.2512352466583252,2.4065139293670654,0.5482721328735352,0.5401461124420166,0.29375410079956055,0.24015593528747559,,0.254925012588501,,0.25037193298339844,0.45637989044189453,,0.5950260162353516,,,0.5340762138366699,1.4909729957580566,0.49819111824035645,0.2342829704284668,0.39473795890808105
1315,0.23035717010498047,0.24236607551574707,0.5213770866394043,,0.24705195426940918,0.8292949199676514,0.8516149520874023,0.5174171924591064,0.22420191764831543,,0.25003576278686523,0.22753095626831055,0.5319151878356934,0.29061102867126465,0.24283623695373535,0.5652368068695068,0.25336194038391113,0.28291821479797363,,0.5851938724517822,0.5143260955810547,0.8719019889831543,0.5168039798736572,0.23217010498046875,0.2607991695404053,0.2242598533630371,0.24916791915893555,0.23436808586120605,1.1652500629425049,2.9317467212677,0.2673163414001465,1.2684199810028076,0.5374660491943359,0.514613151550293,0.5814461708068848,0.25136685371398926,,0.237807035446167,,0.23295307159423828,0.5809280872344971,,1.148993968963623,,,0.8859310150146484,0.5440692901611328,0.2532827854156494,0.2600719928741455,0.5651199817657471
1316,0.24230504035949707,0.23073196411132812,2.96983003616333,,0.22652101516723633,0.5703952312469482,0.47843503952026367,1.5611541271209717,0.22329020500183105,,0.25217509269714355,0.2539713382720947,0.5109548568725586,0.2770519256591797,0.24179625511169434,0.5751779079437256,0.24235916137695312,0.5616040229797363,,0.2591221332550049,1.0852110385894775,1.583510160446167,0.493908166885376,0.5038449764251709,0.24295902252197266,0.2679281234741211,0.25957393646240234,0.2339308261871338,0.4903552532196045,3.254276990890503,0.250201940536499,1.385930061340332,0.5277407169342041,0.5444009304046631,0.5903408527374268,0.23205184936523438,,0.25162291526794434,,0.2464158535003662,0.628385066986084,,1.5491609573364258,,,0.8133728504180908,1.2607910633087158,0.529594898223877,0.23871827125549316,0.540306806564331
1317,0.25168490409851074,0.5020241737365723,0.8469476699829102,,0.2386009693145752,1.3015310764312744,0.5512290000915527,0.5152781009674072,0.24689102172851562,,0.26702308654785156,0.24444079399108887,0.4995996952056885,0.28405308723449707,0.23131608963012695,0.5437240600585938,0.243027925491333,0.28395795822143555,,0.2611048221588135,1.8922970294952393,0.5226802825927734,0.5045900344848633,0.5192787647247314,0.2613251209259033,0.24804091453552246,0.20402097702026367,0.23421192169189453,0.548565149307251,1.5980968475341797,0.247650146484375,1.5243589878082275,0.9951419830322266,0.5313720703125,0.5952379703521729,0.26075005531311035,,0.6480879783630371,,0.24036502838134766,0.27620887756347656,,0.5603828430175781,,,0.2355809211730957,1.177804946899414,0.31969213485717773,0.5315990447998047,0.25975608825683594
1318,0.23175406455993652,0.25153684616088867,0.4939150810241699,,0.24922609329223633,0.26198315620422363,0.5114192962646484,0.5196280479431152,0.22124505043029785,,0.24862408638000488,0.25154685974121094,0.546846866607666,0.2637660503387451,0.23917293548583984,0.5755789279937744,0.23886394500732422,0.5592250823974609,,0.5584259033203125,0.5099279880523682,0.2543489933013916,0.5176630020141602,0.3448069095611572,0.282559871673584,0.22351694107055664,0.24053716659545898,0.24178409576416016,1.1999139785766602,0.9408538341522217,0.2240908145904541,0.53084397315979,0.5210170745849609,0.5487029552459717,0.30769991874694824,0.25704073905944824,,0.5624423027038574,,0.2263948917388916,0.6130650043487549,,0.5324113368988037,,,0.741055965423584,0.5443141460418701,1.0775671005249023,0.2594950199127197,0.619675874710083
1319,0.23353791236877441,0.24313688278198242,1.1641020774841309,,0.2177269458770752,1.2250680923461914,0.793410062789917,0.5173108577728271,0.260850191116333,,0.24932312965393066,0.24761080741882324,0.5388529300689697,0.2831392288208008,0.2261199951171875,0.5698840618133545,0.2397768497467041,0.546928882598877,,0.31995487213134766,0.5190823078155518,0.230086088180542,0.9006552696228027,0.2239840030670166,0.2656068801879883,0.23631501197814941,0.24762701988220215,0.226334810256958,0.5168638229370117,7.6174516677856445,0.2484748363494873,1.147881031036377,0.5623071193695068,0.48259997367858887,0.2746129035949707,0.2368001937866211,,0.9157462120056152,,0.2250361442565918,0.27437305450439453,,0.8658318519592285,,,0.2506692409515381,0.5927000045776367,0.2580149173736572,0.23367881774902344,1.0024449825286865
1320,0.26062488555908203,0.2534170150756836,3.6471478939056396,,0.23145222663879395,0.537498950958252,0.5290098190307617,0.527925968170166,0.2249898910522461,,0.2444307804107666,0.25494980812072754,0.5635268688201904,0.2887706756591797,0.21403789520263672,0.5440161228179932,0.25395894050598145,0.6061482429504395,,0.23572802543640137,0.503166913986206,0.4978649616241455,0.5160980224609375,0.2060990333557129,0.26389217376708984,0.2406749725341797,0.22263407707214355,0.23388004302978516,0.5340926647186279,17.76821517944336,0.26585817337036133,0.884556770324707,0.5813279151916504,0.4994502067565918,0.5575859546661377,0.261242151260376,,1.2482659816741943,,0.2372450828552246,0.2801079750061035,,1.2129490375518799,,,0.8918442726135254,0.528594970703125,0.2438979148864746,0.23512792587280273,0.26240015029907227
1321,0.2422778606414795,0.23760199546813965,2.231384038925171,,0.2390270233154297,1.838641881942749,0.5183417797088623,0.5313959121704102,0.24345803260803223,,0.22231507301330566,0.26315903663635254,0.5237829685211182,0.2624530792236328,0.2438499927520752,0.6437618732452393,0.25229620933532715,0.5985119342803955,,0.2443690299987793,0.5012900829315186,0.52984619140625,0.5172920227050781,0.4990677833557129,0.26270198822021484,0.24114084243774414,0.2496640682220459,0.23105192184448242,1.1510210037231445,0.07706904411315918,0.25251293182373047,0.5263299942016602,1.042330265045166,0.515434980392456,0.6006147861480713,0.23887896537780762,,0.6013109683990479,,0.24354791641235352,0.2789449691772461,,0.5259909629821777,,,1.1553699970245361,0.5301392078399658,0.524634838104248,0.948235034942627,0.24144792556762695
1322,0.2697458267211914,0.2391831874847412,1.3113360404968262,,0.22949671745300293,1.246305227279663,0.4006979465484619,0.491138219833374,0.2192237377166748,,0.24798011779785156,0.24254107475280762,0.5289430618286133,0.284818172454834,0.23812079429626465,0.5518519878387451,0.2593042850494385,0.2783191204071045,,0.25906825065612793,0.5463008880615234,0.2452099323272705,0.5481231212615967,0.5260360240936279,0.23582124710083008,0.24909400939941406,0.2505819797515869,0.23830199241638184,1.1799051761627197,1.6004879474639893,0.25249695777893066,1.1889231204986572,0.5406248569488525,0.5346319675445557,0.6113519668579102,0.2646908760070801,,0.5490059852600098,,0.24399828910827637,0.2568948268890381,,0.5436680316925049,,,0.9373960494995117,0.5047681331634521,0.7016398906707764,0.23570895195007324,0.2752399444580078
1323,0.23186492919921875,0.24464201927185059,2.5363032817840576,,0.2545788288116455,1.1921637058258057,0.9137520790100098,0.5084848403930664,0.22223687171936035,,0.23409509658813477,0.2272472381591797,7.004836082458496,0.27147698402404785,0.21613693237304688,0.5447437763214111,0.22772979736328125,0.29670095443725586,,0.2748527526855469,0.4887361526489258,0.22751903533935547,0.5314280986785889,1.152420997619629,0.2686588764190674,0.25430917739868164,0.21980905532836914,0.24384570121765137,1.1680269241333008,0.5168392658233643,0.2467489242553711,1.4530019760131836,1.8799490928649902,0.8468480110168457,0.5631601810455322,0.2564117908477783,,0.5958962440490723,,0.26821422576904297,0.24857807159423828,,0.5485429763793945,,,0.5141189098358154,0.5777890682220459,0.41832661628723145,0.25096797943115234,0.5419619083404541
1324,0.23828887939453125,0.26894307136535645,0.8732478618621826,,0.23386073112487793,0.7998847961425781,0.5065450668334961,0.5144538879394531,0.2686138153076172,,0.23719096183776855,0.25688910484313965,0.5416650772094727,0.28020191192626953,0.4851059913635254,0.9359681606292725,0.23368501663208008,0.5648410320281982,,0.6114320755004883,1.1608991622924805,0.24449515342712402,0.5213398933410645,0.5323131084442139,0.23559117317199707,0.2501239776611328,0.25165677070617676,0.24159479141235352,0.5189189910888672,2.464470148086548,0.24751615524291992,1.4942309856414795,1.3475441932678223,0.849931001663208,0.5879831314086914,0.23178482055664062,,0.5462460517883301,,0.2789168357849121,0.28893613815307617,,0.542356014251709,,,0.49855899810791016,0.516930103302002,0.23279690742492676,0.2543060779571533,0.6307568550109863
1325,0.26001691818237305,0.24412298202514648,1.0821261405944824,,0.2280592918395996,0.8658969402313232,0.5433371067047119,0.5079050064086914,0.24963617324829102,,0.2252039909362793,0.2508420944213867,0.5269303321838379,0.29226016998291016,0.48424196243286133,0.5428102016448975,0.22194314002990723,0.5494179725646973,,0.24309396743774414,0.5334188938140869,0.26390576362609863,1.1158041954040527,0.5427978038787842,0.250885009765625,0.23467397689819336,0.2620849609375,0.25003695487976074,0.5319459438323975,0.6659789085388184,0.26429319381713867,0.8778641223907471,0.9689121246337891,0.49754810333251953,0.5756349563598633,0.2380678653717041,,0.638390064239502,,0.320605993270874,0.28305697441101074,,3.1825079917907715,,,0.5442750453948975,0.5137181282043457,0.42815089225769043,0.255490779876709,0.27539777755737305
1326,0.24058103561401367,0.5534219741821289,0.7558770179748535,,0.21786785125732422,0.5947799682617188,0.8885419368743896,0.5176341533660889,0.251924991607666,,0.24428510665893555,0.26070189476013184,0.5456430912017822,0.2765209674835205,0.222243070602417,0.5622959136962891,0.2392277717590332,0.5785691738128662,,0.25899600982666016,0.5356311798095703,0.2703559398651123,0.531886100769043,0.5117940902709961,0.2408759593963623,0.23195385932922363,0.2534191608428955,0.22618794441223145,0.23604297637939453,1.24741792678833,0.22260618209838867,1.46517014503479,0.5616199970245361,0.5257890224456787,0.6051130294799805,0.2616713047027588,,0.5721759796142578,,0.2553882598876953,0.5931310653686523,,0.5329349040985107,,,0.5484097003936768,1.2472259998321533,0.5182540416717529,0.2599151134490967,0.5694842338562012
1327,0.27234411239624023,0.2487480640411377,1.1443419456481934,,0.242326021194458,0.9028658866882324,0.4705040454864502,0.5545058250427246,0.24354910850524902,,0.26146912574768066,0.2536499500274658,0.5513820648193359,0.2763702869415283,0.2576577663421631,0.579108715057373,0.24111700057983398,0.5721468925476074,,0.608360767364502,0.49848484992980957,0.25780797004699707,1.1446871757507324,0.5013649463653564,0.26155996322631836,0.24461698532104492,0.2518472671508789,0.25243210792541504,1.0840158462524414,11.405157089233398,0.2560577392578125,1.5697557926177979,0.5633437633514404,0.550828218460083,0.5968658924102783,0.25336122512817383,,0.5881309509277344,,0.2682301998138428,0.2527928352355957,,1.1859641075134277,,,0.5190649032592773,0.2269439697265625,0.270723819732666,0.23694729804992676,0.531857967376709
1328,0.24503707885742188,0.26148104667663574,0.5048990249633789,,0.24077200889587402,0.9213082790374756,0.24622488021850586,0.5154786109924316,0.2510709762573242,,0.22323179244995117,0.24455881118774414,0.5231561660766602,0.26420116424560547,0.19946074485778809,2.62943696975708,0.24007296562194824,0.5926640033721924,,0.31413888931274414,1.1931719779968262,0.2401280403137207,1.1500520706176758,0.5268261432647705,0.2879300117492676,0.22495508193969727,0.24696588516235352,0.26357293128967285,0.5325911045074463,17.732418060302734,0.25107884407043457,1.224578857421875,0.5368080139160156,1.1375749111175537,0.6093897819519043,0.26033592224121094,,0.5842268466949463,,0.2904019355773926,0.2730891704559326,,0.561704158782959,,,0.5221478939056396,0.2510690689086914,0.5318419933319092,0.2553868293762207,0.5218620300292969
1329,0.24384689331054688,0.23065495491027832,1.5652737617492676,,0.24308300018310547,0.9183809757232666,0.4875757694244385,0.548720121383667,0.2648301124572754,,0.22542715072631836,0.2450881004333496,0.49904298782348633,0.27149105072021484,0.23631000518798828,0.24479293823242188,0.2322859764099121,0.6094729900360107,,0.25131964683532715,0.520867109298706,1.3101880550384521,0.5015311241149902,0.23989295959472656,0.2527287006378174,0.25386500358581543,0.25324082374572754,0.2467210292816162,1.1417820453643799,17.83065414428711,0.24704504013061523,1.2538769245147705,1.3464970588684082,0.5578579902648926,0.2977268695831299,0.23909473419189453,,0.27483415603637695,,0.24010109901428223,0.7786438465118408,,0.9065399169921875,,,0.4822087287902832,0.24248671531677246,0.5209920406341553,0.24600601196289062,0.2754380702972412
1330,0.23120784759521484,0.2513589859008789,3.0564379692077637,,0.2277359962463379,0.5565438270568848,0.5023360252380371,1.0077941417694092,0.22734689712524414,,0.258573055267334,0.22764205932617188,0.5218367576599121,0.3063929080963135,0.50565505027771,0.5231740474700928,0.23031401634216309,0.5944499969482422,,0.2578458786010742,1.1807160377502441,0.264080286026001,1.3018009662628174,0.6410319805145264,0.24161815643310547,0.2497239112854004,0.24041390419006348,0.25509095191955566,0.5302178859710693,,0.26606202125549316,1.68656587600708,0.5300469398498535,0.5045201778411865,0.32662296295166016,0.25446033477783203,,0.26106715202331543,,0.3071110248565674,0.25366973876953125,,0.5620639324188232,,,0.5477821826934814,1.1915669441223145,0.5090370178222656,0.2529168128967285,0.5542652606964111
1331,0.25808000564575195,0.24988317489624023,0.8968677520751953,,0.24119806289672852,0.8380281925201416,0.8897490501403809,0.4985363483428955,0.24586200714111328,,0.25716090202331543,0.273684024810791,0.5435061454772949,0.2643589973449707,0.2466721534729004,0.5731978416442871,0.23946380615234375,0.5976409912109375,,0.2434229850769043,0.5148868560791016,0.5342609882354736,0.5536141395568848,0.794327974319458,0.23764610290527344,0.25551509857177734,0.22341513633728027,0.25095081329345703,0.8854560852050781,,0.25020694732666016,1.172741174697876,1.189836025238037,1.8799200057983398,1.2712886333465576,0.23169875144958496,,0.22569489479064941,,0.2917332649230957,0.26749491691589355,,0.5500311851501465,,,0.5095291137695312,0.542597770690918,0.2069988250732422,0.24634790420532227,0.5302300453186035
1332,0.2568330764770508,0.9153079986572266,1.1554200649261475,,0.22729206085205078,0.5820751190185547,0.861854076385498,0.5478050708770752,0.25429606437683105,,0.2672739028930664,0.25104188919067383,0.5011579990386963,0.2874321937561035,0.28263401985168457,0.611656904220581,0.23902583122253418,0.5829019546508789,,0.2486739158630371,0.5031750202178955,0.5354549884796143,0.7872328758239746,0.2514181137084961,0.25308799743652344,0.2348039150238037,0.25296592712402344,0.23732280731201172,0.5469639301300049,,0.2451949119567871,1.224240779876709,1.2728540897369385,0.5437812805175781,0.275982141494751,0.25468897819519043,,0.9138941764831543,,0.2528209686279297,0.28273797035217285,,0.5457930564880371,,,0.538679838180542,0.5255763530731201,0.5296251773834229,0.24698305130004883,0.5295140743255615
1333,0.25961899757385254,0.24657988548278809,0.9018042087554932,,0.2395038604736328,0.8310980796813965,0.7872269153594971,0.5213501453399658,0.24931907653808594,,0.2461237907409668,0.24320483207702637,0.5509350299835205,0.26827287673950195,0.235792875289917,0.2482309341430664,0.22414326667785645,0.6088330745697021,,0.9159858226776123,0.47775912284851074,0.549781084060669,1.7359459400177002,0.5283372402191162,0.2596430778503418,0.2161269187927246,0.22215509414672852,0.24173974990844727,1.1877310276031494,,0.22438621520996094,1.5418639183044434,1.893251895904541,0.5459010601043701,0.5556337833404541,0.26052403450012207,,0.9205670356750488,,0.24807286262512207,0.4893472194671631,,0.5623717308044434,,,0.498676061630249,0.5624001026153564,0.5524129867553711,0.2495591640472412,0.6551659107208252
1334,0.23668503761291504,0.270798921585083,0.9137029647827148,,0.22884798049926758,1.5163211822509766,0.5370099544525146,0.5303518772125244,0.26726198196411133,,0.24741196632385254,0.2554590702056885,0.5333230495452881,0.2775259017944336,0.22507023811340332,0.5804858207702637,0.24839496612548828,0.5529389381408691,,0.6228909492492676,0.8496806621551514,0.27271389961242676,0.5412800312042236,0.25559496879577637,0.24773001670837402,0.2243499755859375,0.26549291610717773,0.23044586181640625,1.1742241382598877,,0.25370216369628906,1.4583430290222168,0.5261397361755371,0.5874481201171875,0.5341808795928955,0.2375774383544922,,0.5735149383544922,,0.22732090950012207,0.3070549964904785,,0.5959229469299316,,,0.5138633251190186,1.177666187286377,0.5207281112670898,0.28219103813171387,0.24741387367248535
1335,0.2604410648345947,0.24125075340270996,1.00083589553833,,0.24298596382141113,1.8399810791015625,0.5374419689178467,0.49718284606933594,0.24988985061645508,,0.22363901138305664,0.24582886695861816,0.5227630138397217,0.3045189380645752,0.25043392181396484,0.5302639007568359,0.2475578784942627,0.5796849727630615,,0.5822048187255859,0.4888572692871094,0.5031099319458008,1.1587426662445068,0.49767398834228516,0.24666213989257812,0.2507143020629883,0.25034284591674805,0.23306798934936523,0.24231791496276855,,0.26870298385620117,2.328913927078247,0.9731631278991699,0.4991722106933594,0.266650915145874,0.26182103157043457,,1.0184650421142578,,0.25535106658935547,0.28853511810302734,,1.604119062423706,,,0.4884059429168701,0.5544922351837158,0.5352907180786133,0.24324393272399902,0.26151299476623535
1336,0.2362980842590332,0.2545430660247803,0.20948410034179688,,0.22344398498535156,1.2237513065338135,0.5001051425933838,0.49531984329223633,0.2389211654663086,,0.2623410224914551,0.26640892028808594,0.504990816116333,0.2658560276031494,0.5133869647979736,0.5507841110229492,0.22307825088500977,0.9795582294464111,,0.2977018356323242,0.5020039081573486,0.23031878471374512,0.5035309791564941,0.521920919418335,0.24965214729309082,0.2711319923400879,0.2503390312194824,0.23364710807800293,0.9290637969970703,,0.2480769157409668,0.5658118724822998,0.9612128734588623,0.5302009582519531,0.5914671421051025,0.23620390892028809,,0.5969119071960449,,0.24743127822875977,0.28345441818237305,,1.195148229598999,,,1.513146162033081,0.5628619194030762,0.5324957370758057,0.24077105522155762,0.5739049911499023
1337,0.27411985397338867,0.5500049591064453,0.5480940341949463,,0.2455587387084961,0.8563957214355469,0.22289299964904785,0.5146610736846924,0.22069311141967773,,0.24926471710205078,0.2493908405303955,0.5007259845733643,0.29540014266967773,1.0765979290008545,0.5372591018676758,0.2618072032928467,0.5967011451721191,,0.25600099563598633,0.5024881362915039,0.9990229606628418,0.5049469470977783,0.48772287368774414,0.24739503860473633,0.25223207473754883,0.24010801315307617,0.23201680183410645,0.5251362323760986,,0.2498030662536621,1.1097159385681152,1.0037651062011719,0.5465638637542725,0.7941060066223145,0.266279935836792,,0.5511770248413086,,0.26628589630126953,0.2911810874938965,,0.9843771457672119,,,0.5267550945281982,0.9666790962219238,0.5029480457305908,0.24143099784851074,0.2469921112060547
1338,0.23250412940979004,0.27304506301879883,0.9015371799468994,,0.23881125450134277,1.1408839225769043,0.8182339668273926,0.5641043186187744,0.23694968223571777,,0.23491501808166504,0.2285020351409912,0.5140862464904785,0.2922048568725586,0.22136378288269043,0.5818440914154053,0.2471616268157959,0.5896039009094238,,0.28657984733581543,1.4905881881713867,0.23411798477172852,0.5574047565460205,0.5393373966217041,0.26503992080688477,0.2509162425994873,0.22143268585205078,0.253324031829834,0.4944291114807129,,0.25093793869018555,1.7494778633117676,2.2279248237609863,0.5484228134155273,0.2592482566833496,0.23297405242919922,,1.0636870861053467,,0.27617383003234863,0.23939204216003418,,0.9953980445861816,,,0.5714540481567383,0.5475850105285645,0.5062119960784912,0.2566831111907959,0.510516881942749
1339,0.24184608459472656,0.24023675918579102,1.7806661128997803,,0.24449682235717773,0.8643569946289062,0.8286628723144531,0.5331199169158936,0.24585986137390137,,0.2590830326080322,0.247664213180542,0.5318708419799805,0.28716111183166504,0.5438611507415771,0.5642900466918945,0.23146915435791016,0.5739707946777344,,0.2851591110229492,0.5036251544952393,0.2328660488128662,0.49860501289367676,0.4926750659942627,0.24167823791503906,0.2410571575164795,0.22216391563415527,0.22803425788879395,1.208946943283081,,0.2405381202697754,1.3386988639831543,0.5263829231262207,0.5534572601318359,0.5693178176879883,0.26612114906311035,,0.2516450881958008,,0.24796223640441895,0.28656005859375,,0.5771100521087646,,,0.5169427394866943,0.534956693649292,0.5301640033721924,0.24116015434265137,0.29590296745300293
1340,0.256972074508667,0.2318117618560791,1.8377089500427246,,0.21764087677001953,0.5565319061279297,0.49695682525634766,0.5303478240966797,0.23992419242858887,,0.24928998947143555,0.25162220001220703,0.5203919410705566,0.2900359630584717,0.22808599472045898,0.5800318717956543,0.24453091621398926,0.5755460262298584,,0.5933070182800293,0.498765230178833,0.26937127113342285,0.5307660102844238,0.5289678573608398,0.2780799865722656,0.22566580772399902,0.248521089553833,0.22803878784179688,0.9323880672454834,,0.24051594734191895,1.799421787261963,1.154581069946289,0.5311529636383057,0.5938770771026611,0.25374293327331543,,0.578477144241333,,0.29572296142578125,0.31362295150756836,,0.9120368957519531,,,0.523918867111206,1.210170030593872,0.25159287452697754,0.2603321075439453,0.2536909580230713
1341,0.23880290985107422,1.2639708518981934,0.23060917854309082,,0.23277711868286133,0.7839059829711914,1.443291187286377,0.8373069763183594,0.2241988182067871,,0.2438342571258545,0.2615048885345459,0.5019099712371826,0.2725381851196289,0.2603127956390381,0.5641908645629883,0.2518947124481201,0.29688286781311035,,0.2843778133392334,0.49975085258483887,0.24992704391479492,0.5812399387359619,0.5598609447479248,0.2503468990325928,0.26750898361206055,0.2217271327972412,0.23162126541137695,0.8956809043884277,,0.225722074508667,2.4224660396575928,0.992534875869751,0.5189881324768066,0.38957810401916504,0.24156689643859863,,0.5657558441162109,,0.2593648433685303,0.27793192863464355,,1.2244873046875,,,0.8777809143066406,1.183326005935669,0.24345803260803223,0.2589559555053711,0.3120748996734619
1342,0.2727079391479492,0.23625898361206055,1.5471217632293701,,0.22740769386291504,0.655113935470581,1.494563102722168,0.8664307594299316,0.24577021598815918,,0.26886606216430664,0.2571840286254883,0.5354409217834473,0.2741570472717285,0.22320103645324707,0.2620201110839844,0.2654261589050293,0.5942881107330322,,0.2642643451690674,0.5345110893249512,0.2597939968109131,1.181260108947754,0.5010037422180176,0.2785978317260742,0.251021146774292,0.2526097297668457,0.23272109031677246,0.9723000526428223,,0.247711181640625,0.8633451461791992,0.5581738948822021,0.7995450496673584,0.6278882026672363,0.27738094329833984,,1.719506025314331,,0.23665308952331543,0.2493150234222412,,0.9960942268371582,,,0.5208468437194824,0.6172378063201904,0.4170670509338379,0.8961091041564941,0.5675246715545654
1343,0.24288225173950195,0.530066967010498,1.8743810653686523,,0.26105284690856934,1.780121088027954,1.4128658771514893,1.382415771484375,0.22224998474121094,,0.22600221633911133,0.238814115524292,0.48459601402282715,0.26471424102783203,0.24277782440185547,0.5765609741210938,0.25179600715637207,1.0185937881469727,,0.6135749816894531,1.8573429584503174,0.2604689598083496,0.5221128463745117,0.5126378536224365,0.2938997745513916,0.2527041435241699,0.263883113861084,0.2496051788330078,0.896049976348877,,0.2515861988067627,1.7153899669647217,1.1554391384124756,0.561394214630127,0.3900301456451416,0.2633321285247803,,2.3456666469573975,,0.25618624687194824,0.2928330898284912,,0.5360870361328125,,,0.5496768951416016,0.5624301433563232,0.24382281303405762,0.2405099868774414,0.568572998046875
1344,0.25538110733032227,0.21278691291809082,2.525055170059204,,0.22066926956176758,0.5795960426330566,0.5011818408966064,0.5164778232574463,0.2367839813232422,,0.2471637725830078,0.25530028343200684,0.546565055847168,0.2824242115020752,0.21856021881103516,1.2878751754760742,0.24740290641784668,0.5885159969329834,,0.2611818313598633,0.8864331245422363,0.515751838684082,0.5606069564819336,0.5096888542175293,0.27748823165893555,0.24070978164672852,0.24135589599609375,0.2341141700744629,0.8740038871765137,,0.2504100799560547,1.372035264968872,0.5801031589508057,0.5602478981018066,0.2755889892578125,0.2368466854095459,,0.5608711242675781,,0.24298906326293945,0.2632880210876465,,0.5447311401367188,,,0.5338411331176758,0.5327761173248291,0.5631430149078369,0.2711179256439209,0.6212239265441895
1345,0.23303604125976562,0.25783300399780273,0.5544731616973877,,0.2455122470855713,1.591900110244751,1.3876099586486816,0.516732931137085,0.25244808197021484,,0.2512960433959961,0.2271280288696289,0.567493200302124,0.28702211380004883,0.2218928337097168,1.1662938594818115,0.24847912788391113,0.3017888069152832,,0.26427483558654785,1.534588098526001,0.23390698432922363,1.2027668952941895,0.5105009078979492,0.2739548683166504,0.2276310920715332,0.2216329574584961,0.2313227653503418,0.5140738487243652,,0.2649221420288086,1.4417462348937988,0.5691468715667725,0.533195972442627,0.3207681179046631,0.25568699836730957,,1.3559510707855225,,0.25723910331726074,0.30397701263427734,,1.2019398212432861,,,0.5333092212677002,0.6356139183044434,0.528986930847168,0.26725292205810547,0.43661975860595703
1346,0.23780107498168945,0.22569799423217773,1.1686298847198486,,0.25147104263305664,0.9079029560089111,0.47484707832336426,0.5181159973144531,0.28552699089050293,,0.25362300872802734,0.2627747058868408,0.5039863586425781,0.28252196311950684,0.24332523345947266,0.5021789073944092,0.2262098789215088,0.2662017345428467,,0.23935890197753906,1.244131088256836,0.2645142078399658,0.5167438983917236,0.5200920104980469,0.24216485023498535,0.25644683837890625,0.22575998306274414,0.23538613319396973,0.8876032829284668,,0.2472996711730957,1.4062023162841797,0.5813579559326172,0.5501148700714111,0.28726768493652344,0.24282598495483398,,0.5779781341552734,,0.2698800563812256,0.2611701488494873,,0.5468590259552002,,,0.5516097545623779,1.2095146179199219,0.2535250186920166,0.5537819862365723,0.31219983100891113
1347,0.27391695976257324,0.24027204513549805,1.7756431102752686,,0.2454519271850586,0.8490109443664551,1.1456120014190674,0.49994397163391113,0.23332619667053223,,0.26249217987060547,0.2500889301300049,0.5438437461853027,0.26749110221862793,0.22108721733093262,1.2401819229125977,0.24847722053527832,0.579268217086792,,0.28240108489990234,0.9006509780883789,0.4901571273803711,0.5443799495697021,0.3705289363861084,0.2632880210876465,0.2272017002105713,0.24489378929138184,0.2287731170654297,0.2393488883972168,,0.22315692901611328,1.1862530708312988,1.1609070301055908,0.5032339096069336,0.5919859409332275,0.2689499855041504,,0.5849649906158447,,0.26226210594177246,0.585453987121582,,2.2843871116638184,,,0.8979160785675049,1.1859502792358398,0.2748291492462158,0.2690420150756836,0.5338821411132812
1348,0.2433919906616211,0.22745776176452637,1.168600082397461,,0.23351478576660156,0.5822231769561768,1.405695915222168,0.518928050994873,0.2427971363067627,,0.2517049312591553,0.2534918785095215,0.5175678730010986,0.28661084175109863,0.2480487823486328,0.5395760536193848,0.25357604026794434,0.5601160526275635,,0.2660510540008545,0.8831000328063965,0.5107500553131104,0.5722682476043701,0.2968912124633789,0.2848539352416992,0.2175889015197754,0.2229471206665039,0.24417495727539062,0.5288827419281006,,0.2321159839630127,1.8707540035247803,1.691627025604248,0.5592787265777588,0.866063117980957,0.24834990501403809,,0.5776302814483643,,0.23198390007019043,0.49373316764831543,,0.5161697864532471,,,0.5627532005310059,0.5754382610321045,0.5564579963684082,0.25844287872314453,0.2871589660644531
1349,0.25762510299682617,0.8752758502960205,0.9411008358001709,,0.24039030075073242,0.580805778503418,0.20596599578857422,0.5353789329528809,0.2666130065917969,,0.2432420253753662,0.2480158805847168,0.53318190574646,0.26784515380859375,0.22042083740234375,0.5935747623443604,0.2399590015411377,0.6093082427978516,,0.26322507858276367,0.8918368816375732,0.5454549789428711,0.86997389793396,0.5017232894897461,0.2629251480102539,0.24206876754760742,0.25016117095947266,0.23182320594787598,0.518876314163208,,0.24994397163391113,0.8558509349822998,0.5266082286834717,0.5323779582977295,0.5528171062469482,0.2453749179840088,,0.588507890701294,,0.2502579689025879,0.253741979598999,,1.1807470321655273,,,0.5557119846343994,0.5339291095733643,0.22865819931030273,0.2409992218017578,0.5514461994171143
1350,0.2377619743347168,0.24454474449157715,1.0468506813049316,,0.22333216667175293,1.2337851524353027,0.5846021175384521,0.5325498580932617,0.24996399879455566,,0.22920012474060059,0.2489171028137207,0.49573206901550293,0.30496692657470703,0.26332521438598633,0.5679652690887451,0.23036408424377441,0.27984189987182617,,0.26546287536621094,1.4616730213165283,0.5292487144470215,0.4869048595428467,0.5554378032684326,0.2574148178100586,0.21901631355285645,0.26181507110595703,0.2365250587463379,0.5291330814361572,,0.2666740417480469,0.8909540176391602,1.7074329853057861,0.5355279445648193,0.5607700347900391,0.25260281562805176,,0.5912599563598633,,0.25577497482299805,0.3166310787200928,,1.177093267440796,,,1.1781749725341797,0.5643470287322998,0.24221086502075195,0.2892320156097412,0.5521769523620605
1351,0.25275492668151855,0.2276148796081543,0.5128781795501709,,0.24619317054748535,0.8773360252380371,0.883465051651001,0.5192990303039551,0.24251008033752441,,0.25011706352233887,0.25861215591430664,0.32397007942199707,0.26364994049072266,0.20238471031188965,0.5622284412384033,0.24004197120666504,0.5948679447174072,,0.6733551025390625,0.5323100090026855,1.162889003753662,0.527446985244751,0.52475905418396,0.24115395545959473,0.23574399948120117,0.2516660690307617,0.22999906539916992,0.5432260036468506,,0.2520003318786621,1.1761860847473145,2.362557888031006,0.5506377220153809,0.5676479339599609,0.24363493919372559,,0.5893921852111816,,0.26030778884887695,0.8908040523529053,,0.5286846160888672,,,1.9465889930725098,0.5328450202941895,0.4963080883026123,0.2415149211883545,0.29238414764404297
1352,0.2482151985168457,0.25438880920410156,0.5667757987976074,,0.22270488739013672,0.5777511596679688,1.178943157196045,0.5351879596710205,0.22142291069030762,,0.26325106620788574,0.23355722427368164,0.5470688343048096,0.2657451629638672,0.23729705810546875,0.5374219417572021,0.27016615867614746,0.5815229415893555,,0.25023579597473145,0.544957160949707,0.2416548728942871,0.5515997409820557,0.5508131980895996,0.24793696403503418,0.254105806350708,0.22376203536987305,0.23421621322631836,0.5450067520141602,,0.24536895751953125,1.1832292079925537,1.1576428413391113,0.5414469242095947,0.584306001663208,0.2707648277282715,,0.6102550029754639,,0.2590370178222656,0.25322699546813965,,1.1006510257720947,,,0.5153191089630127,1.1872999668121338,0.30179500579833984,0.26727890968322754,0.5432312488555908
1353,0.24456024169921875,0.9168870449066162,1.518578052520752,,0.2615480422973633,0.7795631885528564,0.4913761615753174,0.5165078639984131,0.23853707313537598,,0.2504618167877197,0.2384660243988037,1.1226449012756348,0.28359127044677734,0.24489903450012207,0.5170433521270752,0.2481858730316162,0.5850207805633545,,0.24263668060302734,0.5036580562591553,0.2536649703979492,1.1785387992858887,0.5418481826782227,0.2566089630126953,0.24960780143737793,0.24220585823059082,0.24944400787353516,0.5331070423126221,,0.25165796279907227,1.209813117980957,0.5604526996612549,0.5489027500152588,0.5958099365234375,0.23478198051452637,,1.1804349422454834,,0.23536205291748047,0.2565159797668457,,0.5499930381774902,,,0.5023748874664307,0.5585160255432129,0.28501296043395996,0.255418062210083,1.348356008529663
1354,0.23434185981750488,0.24113821983337402,0.5310449600219727,,0.2229628562927246,1.1859259605407715,2.0661110877990723,0.49054384231567383,0.23894906044006348,,0.2534618377685547,0.24053287506103516,0.5249910354614258,0.2715938091278076,0.22490620613098145,0.5669891834259033,0.22365188598632812,0.5521409511566162,,0.25424885749816895,0.5517141819000244,0.5303299427032471,1.2081890106201172,0.5440280437469482,0.24346494674682617,0.24285483360290527,0.22286605834960938,0.23235297203063965,1.601370096206665,,0.2396681308746338,0.204179048538208,0.9839951992034912,2.8701560497283936,0.6465291976928711,0.2680838108062744,,1.0666980743408203,,0.233184814453125,0.2821948528289795,,0.5302848815917969,,,0.5021896362304688,1.8970041275024414,0.4875469207763672,0.27677106857299805,0.25061488151550293
1355,0.25965285301208496,0.2564718723297119,0.8563151359558105,,0.2185502052307129,0.6007888317108154,2.125885009765625,0.5422050952911377,0.24750900268554688,,0.2481989860534668,0.22928977012634277,0.8571572303771973,0.29930925369262695,0.2440629005432129,3.3656299114227295,0.25115513801574707,0.5876169204711914,,0.2392268180847168,0.5260636806488037,0.26899194717407227,1.5963389873504639,0.5502798557281494,0.2627441883087158,0.2251739501953125,0.2630610466003418,0.22811198234558105,1.235976219177246,,0.23860383033752441,1.1767830848693848,1.6669831275939941,0.5212810039520264,0.5927352905273438,0.26231908798217773,,0.5851819515228271,,0.22918200492858887,0.26003527641296387,,0.8861980438232422,,,0.35111498832702637,0.5322391986846924,0.5203578472137451,0.2677609920501709,0.571984052658081
1356,0.2406148910522461,0.2500731945037842,1.2402751445770264,,0.2358708381652832,0.9254350662231445,0.5433158874511719,0.5187649726867676,0.2517356872558594,,0.2496340274810791,0.24898409843444824,0.533350944519043,0.27735400199890137,0.22511625289916992,0.5719819068908691,0.25063586235046387,0.5909550189971924,,0.28180813789367676,1.864872932434082,0.29743003845214844,2.228799819946289,0.49234509468078613,0.2650439739227295,0.2591991424560547,0.22198891639709473,0.2584507465362549,0.8597860336303711,,0.22952604293823242,1.4701948165893555,1.6854300498962402,0.5838360786437988,0.5525851249694824,0.2367868423461914,,0.5813162326812744,,0.2578999996185303,0.6289060115814209,,0.5354659557342529,,,0.49636292457580566,1.2003278732299805,0.5004189014434814,0.5520157814025879,0.5407490730285645
1357,0.27434396743774414,0.5799548625946045,0.481403112411499,,0.24649596214294434,1.1528689861297607,0.5399880409240723,0.5193967819213867,0.24932408332824707,,0.26410603523254395,0.23200106620788574,0.5357418060302734,0.2715620994567871,0.24240684509277344,1.2203781604766846,0.26439690589904785,0.5911128520965576,,0.2646632194519043,0.5274569988250732,0.25974106788635254,1.2009012699127197,0.5338490009307861,0.2603929042816162,0.22321081161499023,0.25098609924316406,0.24840807914733887,0.9378542900085449,,0.24498510360717773,0.8404889106750488,0.6257448196411133,0.8935000896453857,0.2775149345397949,0.2790219783782959,,2.3070011138916016,,0.2398359775543213,0.2606220245361328,,1.241014003753662,,,1.5717298984527588,0.5324759483337402,0.23485898971557617,0.24254798889160156,0.5158729553222656
1358,0.23745489120483398,0.24836397171020508,1.1951673030853271,,0.2621419429779053,1.2733449935913086,0.5167851448059082,0.5488379001617432,0.2417011260986328,,0.22562217712402344,0.23367810249328613,2.928910255432129,0.2657959461212158,0.2203841209411621,1.641625165939331,0.22773408889770508,0.5833389759063721,,0.2655010223388672,0.5093412399291992,0.564661979675293,0.550382137298584,0.554847002029419,0.2897348403930664,0.25151515007019043,0.2447190284729004,0.2664318084716797,1.2449407577514648,,0.2527651786804199,1.2012939453125,2.4490270614624023,0.9297189712524414,0.42586493492126465,0.2620890140533447,,0.6341798305511475,,0.2527310848236084,0.256274938583374,,1.8694851398468018,,,0.5167069435119629,0.8698298931121826,0.6368050575256348,0.2572791576385498,0.24815917015075684
1359,0.2574269771575928,0.2506380081176758,0.5393021106719971,,0.22671794891357422,0.9038658142089844,1.1789021492004395,0.8784449100494385,0.23712682723999023,,0.2575068473815918,0.2315840721130371,0.5077030658721924,0.27362513542175293,0.22279667854309082,1.1973929405212402,0.23076605796813965,0.5702121257781982,,0.2640421390533447,0.9070439338684082,1.2493808269500732,0.5263998508453369,0.31489086151123047,0.2749509811401367,0.2548511028289795,0.8830840587615967,0.2516300678253174,0.5503048896789551,,0.24905896186828613,1.1398839950561523,0.598412036895752,0.8921399116516113,0.5754392147064209,0.23966431617736816,,0.5952868461608887,,0.25058984756469727,0.6183202266693115,,1.6948418617248535,,,0.5388751029968262,1.212238073348999,0.28549814224243164,0.28705286979675293,0.5558111667633057
1360,0.23505306243896484,0.2293398380279541,0.556751012802124,,0.2442781925201416,0.5618550777435303,1.2023720741271973,0.5215771198272705,0.23291802406311035,,0.23766684532165527,0.22817611694335938,0.5155940055847168,0.3020291328430176,0.24234390258789062,0.5131838321685791,0.24068379402160645,0.5638971328735352,,0.6114449501037598,1.5747239589691162,0.2680931091308594,0.5089678764343262,0.5204458236694336,0.2504568099975586,0.2501051425933838,0.24962997436523438,0.2424771785736084,0.9130308628082275,,0.2664921283721924,1.1680781841278076,3.8569159507751465,4.570845127105713,0.5959699153900146,0.23443365097045898,,0.9127469062805176,,0.25025010108947754,0.26172304153442383,,0.531296968460083,,,0.5430872440338135,0.5787439346313477,0.5304718017578125,0.26502132415771484,0.2532229423522949
1361,0.23696088790893555,0.2531111240386963,2.2975287437438965,,0.2234807014465332,0.5475471019744873,0.8387298583984375,0.5017437934875488,0.24193716049194336,,0.2278740406036377,0.24703001976013184,0.5324850082397461,0.2512221336364746,0.871920108795166,0.8896279335021973,0.22322988510131836,0.6021161079406738,,0.6164779663085938,0.613523006439209,0.2680528163909912,1.7512500286102295,0.8757908344268799,0.2520711421966553,0.2640221118927002,0.22483587265014648,0.24983906745910645,0.5222680568695068,,0.24854278564453125,1.8406009674072266,0.5433070659637451,0.5497281551361084,0.5837869644165039,0.24741792678833008,,0.8979871273040771,,0.26097798347473145,0.24393486976623535,,1.0013837814331055,,,0.5686280727386475,2.6041579246520996,0.2688000202178955,0.25697898864746094,0.6323370933532715
1362,0.27895593643188477,0.23114991188049316,0.5358879566192627,,0.21796798706054688,0.8263406753540039,0.4835171699523926,0.5167410373687744,0.25669121742248535,,0.25749993324279785,0.2357490062713623,0.5493388175964355,0.3015451431274414,0.23623228073120117,2.293154716491699,0.27016282081604004,0.6066548824310303,,0.31778621673583984,0.5355789661407471,0.5554351806640625,0.9535062313079834,0.21936702728271484,0.26564574241638184,0.23834609985351562,0.24860000610351562,0.2262110710144043,0.5161230564117432,,0.22299408912658691,1.4518637657165527,1.6380891799926758,0.5477540493011475,0.5562160015106201,0.2724759578704834,,0.6719479560852051,,0.24397802352905273,0.618527889251709,,0.5480000972747803,,,0.912898063659668,1.3750510215759277,0.2456979751586914,0.26911401748657227,0.3176839351654053
1363,0.2613949775695801,0.23733305931091309,0.5327010154724121,,0.25800609588623047,0.8517942428588867,0.5365860462188721,1.1581969261169434,0.24781107902526855,,0.25341176986694336,0.23088288307189941,0.5095939636230469,0.26952600479125977,0.4553561210632324,1.1868531703948975,0.24669289588928223,0.2823460102081299,,0.59676194190979,0.5050981044769287,0.25843000411987305,0.4867441654205322,0.24437499046325684,0.276414155960083,0.21858906745910645,0.2421741485595703,0.2660090923309326,0.5449779033660889,,0.2502439022064209,1.1741220951080322,0.5319938659667969,1.8923542499542236,0.5601983070373535,0.23801684379577637,,1.9279139041900635,,0.23609709739685059,0.6128289699554443,,1.7184169292449951,,,1.5584661960601807,1.1676218509674072,0.5681028366088867,0.2622690200805664,0.5754990577697754
1364,0.26792407035827637,0.2603261470794678,0.5517001152038574,,0.2230212688446045,0.8490009307861328,0.8545191287994385,0.5164878368377686,0.2655339241027832,,0.2462620735168457,0.2335832118988037,0.568256139755249,0.2799408435821533,0.2566549777984619,0.5620889663696289,0.2237260341644287,0.2844810485839844,,0.2823760509490967,0.911592960357666,0.5316836833953857,1.1357810497283936,0.5146238803863525,0.2712860107421875,0.23477578163146973,0.2250828742980957,0.2540929317474365,0.499377965927124,,0.24787688255310059,0.8835511207580566,1.6711299419403076,0.5485901832580566,0.55181884765625,0.25937724113464355,,0.9768812656402588,,0.23738503456115723,0.2695469856262207,,0.5208649635314941,,,0.532181978225708,0.5289421081542969,0.5318329334259033,0.24075913429260254,0.2895162105560303
1365,0.23556184768676758,0.23879480361938477,1.8113899230957031,,0.23639869689941406,0.8281240463256836,1.9115211963653564,0.5068738460540771,0.25019383430480957,,0.22545218467712402,0.23355579376220703,0.5130488872528076,0.2613949775695801,0.5215249061584473,0.5386149883270264,0.24521493911743164,0.555088996887207,,0.6130466461181641,1.6652500629425049,0.27079200744628906,0.5170953273773193,0.5149879455566406,0.2518627643585205,0.23717617988586426,0.25116968154907227,0.25022315979003906,0.5168740749359131,,0.26872920989990234,1.1652469635009766,1.8840808868408203,0.5511596202850342,0.7242801189422607,0.24410200119018555,,0.5682661533355713,,0.2306368350982666,0.28105902671813965,,1.2552666664123535,,,0.5524671077728271,0.5531542301177979,0.24160099029541016,0.2661430835723877,0.5622589588165283
1366,0.258134126663208,0.2712738513946533,1.2277541160583496,,0.24781489372253418,2.0827770233154297,0.8407852649688721,0.5491490364074707,0.2276768684387207,,0.25165224075317383,0.24696993827819824,0.5339248180389404,0.27985262870788574,0.9073069095611572,0.5316228866577148,0.25192809104919434,0.6394922733306885,,0.5876860618591309,1.7508480548858643,0.2611820697784424,1.390998125076294,3.2992260456085205,0.26553916931152344,0.24399209022521973,0.5481548309326172,0.24010586738586426,0.5116777420043945,,0.24843215942382812,1.1024599075317383,0.5651202201843262,0.6540558338165283,0.5682482719421387,0.24660015106201172,,0.538416862487793,,0.25594091415405273,0.2567780017852783,,0.5533440113067627,,,0.518028736114502,1.1524229049682617,0.3326280117034912,0.26181888580322266,0.5620379447937012
1367,0.252349853515625,0.24674773216247559,2.439333915710449,,0.24778103828430176,0.5942931175231934,0.8669800758361816,0.5355448722839355,0.23638391494750977,,0.26391100883483887,0.2293260097503662,1.0984108448028564,0.5934998989105225,0.2557399272918701,0.5804553031921387,0.2632482051849365,0.5616612434387207,,0.25890183448791504,2.230085849761963,0.295881986618042,0.4788200855255127,0.5307800769805908,0.26577305793762207,0.2440638542175293,0.2294139862060547,0.25550389289855957,0.9139740467071533,,0.2519228458404541,1.2052416801452637,0.5625929832458496,0.5292489528656006,0.5500991344451904,0.2671968936920166,,0.5856871604919434,,0.2555718421936035,0.29604005813598633,,0.5323898792266846,,,0.5522387027740479,0.9647541046142578,0.5200948715209961,0.2669210433959961,0.5357990264892578
1368,0.23552799224853516,0.2280900478363037,2.8154003620147705,,0.24042439460754395,0.8860049247741699,0.5299620628356934,0.9146180152893066,0.22853422164916992,,0.253925085067749,0.23133206367492676,0.5136640071868896,0.2682492733001709,0.23557519912719727,0.5529649257659912,0.24970102310180664,0.5889170169830322,,0.5853431224822998,1.0876028537750244,0.549065351486206,1.9007179737091064,0.21280503273010254,0.25681400299072266,0.2213141918182373,0.4980330467224121,0.26793885231018066,0.22930669784545898,,0.2478950023651123,2.142193078994751,1.7214910984039307,0.9086263179779053,0.9773859977722168,0.23461103439331055,,0.6033420562744141,,0.25044894218444824,0.3364129066467285,,0.5608348846435547,,,0.5196840763092041,0.8143510818481445,0.48281097412109375,0.2539558410644531,0.6074569225311279
1369,0.2614467144012451,0.2580077648162842,0.8440051078796387,,0.23361587524414062,1.2292540073394775,0.8689782619476318,0.5316612720489502,0.26260828971862793,,0.2509140968322754,0.23436975479125977,0.5365257263183594,0.284893274307251,0.9043028354644775,0.5286438465118408,0.22628188133239746,0.6111433506011963,,0.23654818534851074,1.9557530879974365,0.5172140598297119,1.1846580505371094,0.5167379379272461,0.26720499992370605,0.23838114738464355,0.5192229747772217,0.24688386917114258,0.5418808460235596,,0.224045991897583,2.5233728885650635,0.5627367496490479,0.5290508270263672,0.6671090126037598,0.23603034019470215,,1.346052885055542,,0.24896717071533203,0.2698180675506592,,0.9349808692932129,,,0.4883718490600586,0.5807437896728516,0.23152685165405273,0.24466586112976074,0.55985426902771
1370,0.2361137866973877,0.5243630409240723,0.9040300846099854,,0.22093796730041504,0.5997762680053711,0.5049912929534912,0.9144091606140137,0.24793100357055664,,0.24632787704467773,0.23345208168029785,0.5011608600616455,0.24846792221069336,0.25173187255859375,0.9160428047180176,0.25037431716918945,0.6106851100921631,,0.6089799404144287,1.0896461009979248,0.5377790927886963,0.5325250625610352,0.5092661380767822,0.26418304443359375,0.21826505661010742,0.3793160915374756,0.23286700248718262,1.172518253326416,,0.2637488842010498,1.243995189666748,0.5591580867767334,1.1752099990844727,0.2786860466003418,0.26325225830078125,,0.96903395652771,,0.2308821678161621,0.2839672565460205,,1.6167378425598145,,,0.5458900928497314,1.2153332233428955,0.23459410667419434,0.24455904960632324,0.25992608070373535
1371,0.2612600326538086,0.5354490280151367,1.5769500732421875,,0.24359917640686035,0.5797369480133057,0.5143580436706543,0.5326159000396729,0.2522568702697754,,0.24169707298278809,0.2740757465362549,1.142500877380371,0.3434910774230957,0.5025901794433594,0.5579519271850586,0.2584559917449951,1.0521798133850098,,0.6435298919677734,1.5412979125976562,0.25036072731018066,0.4916849136352539,0.25727224349975586,0.2640693187713623,0.2522251605987549,0.2250652313232422,0.23792695999145508,0.5202522277832031,,0.25066208839416504,1.1918480396270752,9.416574001312256,2.875922918319702,0.2805452346801758,0.2354440689086914,,0.5614008903503418,,0.24802684783935547,0.2787959575653076,,0.5532047748565674,,,0.5596158504486084,0.5614640712738037,0.23944783210754395,0.24853920936584473,0.5573480129241943
1372,0.2791130542755127,0.2455439567565918,0.5494389533996582,,0.24974989891052246,0.8968696594238281,0.8719007968902588,0.5516629219055176,0.24883127212524414,,0.23939800262451172,0.253126859664917,0.4973170757293701,0.24306106567382812,0.25518083572387695,0.26701903343200684,0.249129056930542,0.5978307723999023,,0.6155886650085449,1.1922650337219238,0.603482723236084,0.5485479831695557,0.23828792572021484,0.2619357109069824,0.23545098304748535,0.2538008689880371,0.2595560550689697,0.5464959144592285,,0.2526211738586426,0.7306597232818604,4.434929847717285,0.5645151138305664,0.5935268402099609,0.27617812156677246,,1.2166500091552734,,0.23232793807983398,0.2667088508605957,,0.5081360340118408,,,0.5098278522491455,0.5312669277191162,0.24086713790893555,0.2957906723022461,0.5601987838745117
1373,0.24043798446655273,0.23702287673950195,1.5606372356414795,,0.2393348217010498,0.8976237773895264,0.899482011795044,1.1651232242584229,0.22102808952331543,,0.2323148250579834,0.2362658977508545,0.5000588893890381,0.2631258964538574,0.25015997886657715,0.533782958984375,0.2324378490447998,1.021982192993164,,0.2413768768310547,2.454655885696411,0.5248508453369141,0.5184602737426758,0.21152305603027344,0.28893494606018066,0.2265470027923584,0.24700403213500977,0.2533230781555176,0.5493788719177246,,0.25004100799560547,1.7551722526550293,0.9704298973083496,0.5504357814788818,1.2861607074737549,0.24019885063171387,,0.5834450721740723,,0.23407697677612305,0.2438488006591797,,0.7987062931060791,,,0.5483438968658447,0.5866432189941406,0.2483687400817871,0.2546570301055908,0.5552372932434082
1374,0.23674702644348145,0.22837114334106445,0.9558389186859131,,0.24238896369934082,0.8216559886932373,0.9143970012664795,2.843719005584717,0.2643282413482666,,0.2344958782196045,0.22915005683898926,0.5205371379852295,0.30700111389160156,0.2502157688140869,0.5323572158813477,0.23433399200439453,0.5735859870910645,,0.626007080078125,1.9942121505737305,0.23885607719421387,0.5331439971923828,0.47821903228759766,0.2644999027252197,0.2503218650817871,0.24878883361816406,0.2620208263397217,0.8712811470031738,,0.2501649856567383,1.3319928646087646,0.5547420978546143,0.5473251342773438,0.26813292503356934,0.2496168613433838,,0.6276037693023682,,0.23364901542663574,0.25786304473876953,,1.2826941013336182,,,1.6474030017852783,0.5358548164367676,0.25803613662719727,0.9287128448486328,0.5501630306243896
1375,0.2586219310760498,0.2398529052734375,1.2466850280761719,,0.22686004638671875,0.880824089050293,0.9111957550048828,0.5385799407958984,0.22374200820922852,,0.23509812355041504,0.25991082191467285,0.535020112991333,0.285214900970459,0.24946308135986328,0.5636270046234131,0.23116278648376465,0.5857808589935303,,0.63356614112854,1.0259599685668945,0.6969518661499023,1.1512446403503418,0.21161317825317383,0.24062395095825195,0.2510831356048584,0.25496506690979004,0.23708200454711914,0.49805688858032227,,0.26513004302978516,1.805060863494873,0.9729866981506348,0.5511882305145264,0.9721102714538574,0.2318592071533203,,0.9363698959350586,,0.23230481147766113,0.27765822410583496,,1.030601978302002,,,0.8726980686187744,1.1945369243621826,0.22953391075134277,0.2662649154663086,0.5701339244842529
1376,0.26281189918518066,0.5948870182037354,1.5938119888305664,,0.23830604553222656,1.9085228443145752,0.49725794792175293,0.5040271282196045,0.23832011222839355,,0.23145723342895508,0.2544870376586914,0.5518732070922852,0.6006851196289062,0.548713207244873,1.0628900527954102,0.22760391235351562,0.5854079723358154,,0.616732120513916,1.783708095550537,0.540471076965332,1.1356489658355713,0.5500881671905518,0.279644250869751,0.2596302032470703,0.23804473876953125,0.23025774955749512,0.5055351257324219,,0.2459869384765625,1.057082176208496,0.5600671768188477,0.9021971225738525,1.31644606590271,0.2542247772216797,,0.5658359527587891,,0.24766898155212402,0.2836480140686035,,2.559959888458252,,,1.1884582042694092,1.1667139530181885,0.23846817016601562,0.2623171806335449,0.2629680633544922
1377,0.2908318042755127,0.22267508506774902,0.2410118579864502,,0.2191150188446045,0.8157989978790283,0.8385889530181885,0.5052881240844727,0.24280405044555664,,0.25988006591796875,0.23004674911499023,0.5089271068572998,0.5929462909698486,0.23227381706237793,0.5212297439575195,0.2471301555633545,0.30443406105041504,,0.6117382049560547,0.598747730255127,0.2597651481628418,1.101452112197876,0.5485212802886963,0.25145602226257324,0.22844910621643066,0.22924423217773438,0.22916102409362793,1.2009248733520508,,0.2225649356842041,2.0863118171691895,1.1778538227081299,0.5299210548400879,0.9878280162811279,0.2535228729248047,,0.9650497436523438,,0.23746204376220703,0.3352782726287842,,0.5478811264038086,,,0.5183539390563965,0.5596568584442139,0.23887085914611816,0.26293325424194336,0.2590620517730713
1378,0.25199007987976074,0.9247798919677734,1.030135154724121,,0.2420637607574463,0.8850319385528564,0.5010709762573242,0.8764371871948242,0.251420259475708,,0.2512631416320801,0.23415279388427734,0.5242049694061279,0.7424540519714355,0.5219550132751465,0.947767972946167,0.23441004753112793,0.3132801055908203,,0.2668581008911133,0.5305981636047363,0.2757101058959961,0.5036981105804443,0.5313639640808105,0.2947211265563965,0.23592805862426758,0.23293852806091309,0.2757418155670166,0.5158419609069824,,0.2544572353363037,1.1476800441741943,0.531606912612915,0.5796408653259277,0.6143269538879395,0.2648801803588867,,0.5668389797210693,,0.22255802154541016,0.26511216163635254,,1.1872620582580566,,,0.8760058879852295,0.550487756729126,0.22547674179077148,0.26130199432373047,0.3578169345855713
1379,0.27072596549987793,0.22078680992126465,0.5366740226745605,,0.2565500736236572,0.8673191070556641,0.5480208396911621,0.553394079208374,0.26442694664001465,,0.22885680198669434,0.23413491249084473,0.48096394538879395,0.27149486541748047,0.5320267677307129,0.5982511043548584,0.23130297660827637,0.6186327934265137,,0.6130340099334717,1.8981199264526367,0.48356103897094727,0.4873688220977783,0.24529504776000977,0.28170108795166016,0.23922467231750488,0.23456406593322754,0.2401132583618164,1.1889288425445557,,0.25052595138549805,1.1690001487731934,0.5681381225585938,0.5331120491027832,0.578341007232666,0.23403072357177734,,1.6789419651031494,,0.22741389274597168,0.5617070198059082,,0.5752367973327637,,,0.24583125114440918,0.5646169185638428,0.6776871681213379,0.2565329074859619,0.5342903137207031
1380,0.25934839248657227,0.5727570056915283,1.8071389198303223,,0.23883891105651855,0.5699801445007324,0.8779468536376953,1.3034629821777344,0.24900007247924805,,0.229736328125,0.2312939167022705,0.5288369655609131,0.32038283348083496,0.22670388221740723,0.5596449375152588,0.236497163772583,0.589073896408081,,0.3364279270172119,1.8703949451446533,0.5911500453948975,0.499096155166626,0.2138218879699707,0.27727413177490234,0.22291898727416992,0.25371384620666504,0.25697803497314453,0.5372552871704102,,0.2693970203399658,1.128425121307373,0.9671280384063721,0.5466270446777344,0.4344930648803711,0.260836124420166,,0.5774250030517578,,0.25255799293518066,0.5747499465942383,,0.5509109497070312,,,1.1583819389343262,0.5512619018554688,0.26982617378234863,0.267578125,0.24859118461608887
1381,0.2637062072753906,0.5033130645751953,0.8808069229125977,,0.22834992408752441,1.4383060932159424,0.8610222339630127,4.075714111328125,0.223006010055542,,0.25913500785827637,0.24898123741149902,0.549210786819458,0.2685229778289795,0.24826598167419434,0.5680510997772217,0.23006987571716309,0.5972731113433838,,0.26581883430480957,0.4971449375152588,0.23290610313415527,0.5052270889282227,0.5044920444488525,0.2664620876312256,0.25993990898132324,0.23747825622558594,0.25066709518432617,0.5126972198486328,,0.24718689918518066,0.5327701568603516,0.9664278030395508,0.5020918846130371,0.5931408405303955,0.23702502250671387,,0.568004846572876,,0.2519819736480713,0.724822998046875,,0.5610213279724121,,,0.502615213394165,1.1937952041625977,0.25390100479125977,0.26485204696655273,0.5088520050048828
1382,0.2611808776855469,0.5349149703979492,0.5321857929229736,,0.23966407775878906,0.5587508678436279,1.180907964706421,0.5027859210968018,0.25366806983947754,,0.26252174377441406,0.22608733177185059,0.5503008365631104,0.2780299186706543,0.2477128505706787,0.5613300800323486,0.25681185722351074,0.6109592914581299,,0.26031494140625,1.5037260055541992,0.541755199432373,0.5001552104949951,0.5229878425598145,0.25069212913513184,0.22911787033081055,0.2318880558013916,0.24012207984924316,0.8999300003051758,,0.25055909156799316,2.4150540828704834,1.4922349452972412,1.2498230934143066,1.336893081665039,0.273298978805542,,0.5468611717224121,,0.2319962978363037,0.24463820457458496,,1.8682677745819092,,,0.49677586555480957,0.5314371585845947,0.4857921600341797,0.26142168045043945,0.27335596084594727
1383,0.2567458152770996,0.2107999324798584,2.1630699634552,,0.24571990966796875,0.8366267681121826,1.0958869457244873,0.5706779956817627,0.25001096725463867,,0.25252819061279297,0.23305988311767578,1.1640598773956299,0.26349496841430664,0.24986696243286133,0.5669941902160645,0.2510550022125244,0.619574785232544,,0.26766395568847656,1.5514299869537354,0.5180771350860596,0.5047481060028076,0.5113940238952637,0.26166296005249023,0.23980021476745605,0.20399999618530273,0.24633169174194336,1.2025251388549805,,0.24772024154663086,1.2808489799499512,2.405785083770752,0.51519775390625,0.30053210258483887,0.23360919952392578,,0.24226713180541992,,0.23545479774475098,0.9680280685424805,,2.2987730503082275,,,0.9601731300354004,0.5316379070281982,0.25781917572021484,0.26619505882263184,0.5609958171844482
1384,0.2713940143585205,0.8709471225738525,0.9054281711578369,,0.23058009147644043,0.5569362640380859,0.8162150382995605,0.4983248710632324,0.26173996925354004,,0.24639630317687988,0.23279881477355957,0.49123692512512207,0.27807188034057617,0.22319293022155762,1.2153470516204834,0.2244582176208496,0.6096529960632324,,0.26274704933166504,1.8140919208526611,0.2805321216583252,1.1469950675964355,0.5299828052520752,0.25980377197265625,0.2251138687133789,0.5151941776275635,0.2322978973388672,0.5329558849334717,,0.22399520874023438,2.122462034225464,0.5368778705596924,0.9079830646514893,0.8872389793395996,0.2370898723602295,,0.5977342128753662,,0.23088479042053223,0.9646642208099365,,0.5616011619567871,,,1.4820597171783447,0.5453879833221436,0.48395705223083496,0.26009607315063477,0.9381370544433594
1385,0.2646300792694092,0.5448989868164062,0.8985211849212646,,0.21857285499572754,1.2022957801818848,0.8623929023742676,0.5083577632904053,0.22323203086853027,,0.2536158561706543,0.2322700023651123,0.4918069839477539,0.2752959728240967,0.2468578815460205,0.5821421146392822,0.25162601470947266,0.5872912406921387,,0.27890586853027344,1.1243610382080078,0.26186299324035645,0.5082080364227295,0.529181957244873,0.2745041847229004,0.21741485595703125,0.24494290351867676,0.22780513763427734,0.8798789978027344,,0.26570987701416016,1.196349859237671,0.9894461631774902,1.2088379859924316,0.585465669631958,0.26335930824279785,,0.6293330192565918,,0.22575926780700684,0.60036301612854,,0.5495660305023193,,,1.86509108543396,0.5331530570983887,0.22243905067443848,0.2824089527130127,0.24820399284362793
1386,0.25814104080200195,0.5779531002044678,0.531548261642456,,0.2443227767944336,1.527390956878662,0.22690510749816895,0.502539873123169,0.2463090419769287,,0.2344210147857666,0.251115083694458,0.4989349842071533,0.5549459457397461,0.2683439254760742,1.2445399761199951,0.25402402877807617,0.6097488403320312,,0.23903894424438477,0.5257608890533447,0.5459871292114258,1.1524462699890137,0.5089468955993652,0.2813568115234375,0.2678349018096924,0.25138092041015625,0.23158764839172363,0.8864080905914307,,0.25238513946533203,0.8397350311279297,1.172152042388916,1.5111050605773926,0.9975490570068359,0.2612159252166748,,0.5816769599914551,,0.24868416786193848,0.6435520648956299,,0.7318010330200195,,,1.2245869636535645,0.9149270057678223,0.5355708599090576,0.24062490463256836,0.2716848850250244
1387,0.2833740711212158,0.24455499649047852,2.2293241024017334,,0.22147512435913086,0.8558828830718994,1.8112671375274658,0.5384032726287842,0.24977517127990723,,0.24626708030700684,0.2318730354309082,0.5242190361022949,0.2730391025543213,0.25464916229248047,0.5420281887054443,0.2548189163208008,0.5968258380889893,,0.2367877960205078,1.5147888660430908,0.7273430824279785,1.0308351516723633,0.5353012084960938,0.277728796005249,0.25034117698669434,0.25383591651916504,0.23297905921936035,1.2580540180206299,,0.24780797958374023,1.133984088897705,0.5366339683532715,0.5625700950622559,1.3008089065551758,0.25608086585998535,,0.2271108627319336,,0.23575806617736816,0.25370097160339355,,0.5497939586639404,,,0.8580710887908936,1.188452959060669,0.5128138065338135,0.25015878677368164,1.050116777420044
1388,0.2635960578918457,0.5224299430847168,1.7922759056091309,,0.520805835723877,1.1422929763793945,1.3632776737213135,0.5376172065734863,0.22217202186584473,,0.2550959587097168,0.2329559326171875,0.5450389385223389,0.29723215103149414,0.8879778385162354,0.5742521286010742,0.23117995262145996,0.7859048843383789,,0.2549319267272949,2.1429409980773926,0.538424015045166,0.5470418930053711,0.49999427795410156,0.28607177734375,0.24736881256103516,0.25368309020996094,0.24965500831604004,0.9145710468292236,,0.24963998794555664,2.846384286880493,1.2628569602966309,1.183657169342041,1.308833122253418,0.2579782009124756,,0.5992491245269775,,0.2298290729522705,0.2725870609283447,,0.570106029510498,,,0.47939109802246094,1.2262818813323975,0.2586860656738281,0.26546788215637207,0.2716081142425537
1389,0.24152088165283203,0.8644788265228271,1.755751132965088,,0.8556680679321289,1.2452929019927979,1.827543020248413,0.5467503070831299,0.26737260818481445,,0.25252604484558105,0.22875308990478516,0.5404400825500488,0.2812209129333496,0.2412722110748291,1.2239391803741455,0.23219990730285645,0.2738480567932129,,0.2670438289642334,1.6048939228057861,0.3825390338897705,0.5246667861938477,0.2476191520690918,0.2601327896118164,0.25212693214416504,0.2469940185546875,0.23253297805786133,0.8907010555267334,,0.25156688690185547,1.3855187892913818,0.56166672706604,0.5300941467285156,1.2377221584320068,0.23726916313171387,,1.248039960861206,,0.23457598686218262,0.23720097541809082,,0.5603971481323242,,,1.0611510276794434,0.5051310062408447,0.23720097541809082,0.2659158706665039,0.5612521171569824
1390,0.2638401985168457,0.23777270317077637,1.5138168334960938,,0.22797513008117676,1.5817551612854004,0.5077800750732422,0.5062739849090576,0.24937796592712402,,0.24549293518066406,0.22944116592407227,0.5686039924621582,0.2573111057281494,0.2429821491241455,2.36350679397583,0.2309727668762207,0.5611007213592529,,0.28342700004577637,1.5392117500305176,1.2488491535186768,0.5306947231292725,0.523838996887207,0.24408221244812012,0.25147318840026855,0.20495891571044922,0.2327289581298828,0.8459579944610596,,0.2684450149536133,1.557373285293579,0.9646430015563965,1.2171969413757324,0.612199068069458,0.2346959114074707,,0.9183139801025391,,0.23314785957336426,0.9463980197906494,,0.5098419189453125,,,0.5819799900054932,0.5805032253265381,0.5225803852081299,0.27757811546325684,0.42549991607666016
1391,0.26050591468811035,0.2561972141265869,3.1855900287628174,,0.8636043071746826,1.2051870822906494,1.3930151462554932,0.5049757957458496,0.25012803077697754,,0.25849080085754395,0.25266003608703613,0.5050580501556396,0.31043100357055664,0.22577309608459473,0.5616168975830078,0.2243051528930664,0.5801169872283936,,0.2642521858215332,4.907260894775391,0.9930541515350342,0.5259299278259277,0.47068309783935547,0.27245593070983887,0.2526662349700928,0.23431110382080078,0.23068475723266602,1.8287999629974365,,0.23405098915100098,0.988091230392456,0.5554659366607666,0.648310661315918,0.6402633190155029,0.25124669075012207,,0.5807387828826904,,0.2506120204925537,0.5785109996795654,,1.5268032550811768,,,0.5126800537109375,1.148803949356079,0.23884916305541992,0.265927791595459,0.5776867866516113
1392,0.282149076461792,0.5344817638397217,2.171849012374878,,0.23861098289489746,0.8972420692443848,1.3547649383544922,1.1276788711547852,0.22096586227416992,,0.2781503200531006,0.22890186309814453,0.5203292369842529,0.2867577075958252,0.24519801139831543,0.5508112907409668,0.2556331157684326,0.5723378658294678,,0.2629108428955078,1.1778669357299805,0.6977319717407227,1.0936272144317627,0.2636139392852783,0.2494039535522461,0.21802210807800293,0.24455785751342773,0.22890400886535645,0.8648359775543213,,0.22716593742370605,3.4139208793640137,0.9209370613098145,1.204503059387207,0.6195478439331055,0.26883506774902344,,0.5963382720947266,,0.2545599937438965,1.0952918529510498,,0.5160670280456543,,,1.1066079139709473,1.195939064025879,0.5098540782928467,0.2647218704223633,0.27962207794189453
1393,0.26535725593566895,0.5202288627624512,1.2117350101470947,,0.24855399131774902,0.8806281089782715,1.2939469814300537,0.5045690536499023,0.24605798721313477,,0.24551796913146973,0.2375049591064453,1.1892521381378174,0.6457719802856445,0.24747681617736816,0.5684351921081543,0.2265329360961914,0.5822153091430664,,0.25472307205200195,4.864264965057373,0.3473808765411377,2.487694025039673,0.5374710559844971,0.2628021240234375,0.2421860694885254,0.22072696685791016,0.24726414680480957,0.5139799118041992,,0.22812604904174805,3.18624210357666,1.256211280822754,1.1600210666656494,0.5849061012268066,0.2381587028503418,,0.5455090999603271,,0.23401093482971191,0.2671182155609131,,0.5594789981842041,,,1.1471598148345947,0.5826938152313232,0.5115940570831299,0.25546860694885254,0.6310207843780518
1394,0.2608761787414551,0.5368838310241699,0.8780498504638672,,0.23537087440490723,0.8675682544708252,0.8509728908538818,0.5162320137023926,0.2390730381011963,,0.22881698608398438,0.2576029300689697,0.511146068572998,0.26865410804748535,0.22181105613708496,0.5203990936279297,0.2464919090270996,1.2664251327514648,,0.23799991607666016,0.9505453109741211,0.5469191074371338,0.5316450595855713,0.5484180450439453,0.249542236328125,0.22055411338806152,0.2491159439086914,0.23471522331237793,0.9083037376403809,,0.24987411499023438,1.51190185546875,0.9651756286621094,0.5645339488983154,0.8402678966522217,0.26368212699890137,,0.5691359043121338,,0.23067307472229004,0.2568650245666504,,0.5968081951141357,,,1.1545829772949219,1.2129919528961182,0.5150570869445801,0.24381208419799805,0.34110307693481445
1395,0.25397610664367676,0.5472187995910645,1.5887670516967773,,0.22132396697998047,0.3110949993133545,1.4961538314819336,0.5164380073547363,0.2434990406036377,,0.2483217716217041,0.24016284942626953,1.1384310722351074,0.28649091720581055,0.25167298316955566,0.5475409030914307,0.24682402610778809,0.5523731708526611,,0.2598609924316406,1.912959098815918,0.23130178451538086,0.5352728366851807,0.5598671436309814,0.24518394470214844,0.23778820037841797,0.2546229362487793,0.23208975791931152,0.9165031909942627,,0.26433277130126953,2.6103670597076416,0.5660080909729004,0.5829272270202637,0.3726789951324463,0.2621500492095947,,0.9352109432220459,,0.23398685455322266,0.2713358402252197,,0.5642299652099609,,,1.1368257999420166,1.1662540435791016,0.3033320903778076,0.5503430366516113,0.5770020484924316
1396,0.23400497436523438,0.5443880558013916,1.5411460399627686,,0.3803431987762451,0.8677420616149902,0.877810001373291,0.5309429168701172,0.22234606742858887,,0.2543978691101074,0.2464148998260498,0.530493974685669,0.6178059577941895,0.2545657157897949,0.5766432285308838,0.25565004348754883,0.5799651145935059,,0.25170087814331055,2.270695209503174,0.548907995223999,1.136988878250122,0.2544572353363037,0.27028703689575195,0.2611699104309082,0.2067701816558838,0.23249268531799316,0.913604736328125,,0.2494032382965088,3.5242462158203125,1.250500202178955,1.1832408905029297,0.5841081142425537,0.2619040012359619,,1.058199167251587,,0.25280189514160156,0.2451770305633545,,0.5231506824493408,,,0.5154688358306885,0.4564809799194336,0.48519396781921387,0.26374387741088867,0.5692479610443115
1397,0.2723121643066406,0.5792958736419678,1.2581360340118408,,0.24378013610839844,0.8829600811004639,0.5063991546630859,0.5216131210327148,0.25012731552124023,,0.2520890235900879,0.22766804695129395,0.5527911186218262,0.6110038757324219,0.24654102325439453,0.2451479434967041,0.2636420726776123,0.9782240390777588,,0.24799895286560059,1.5250191688537598,0.5381381511688232,0.5326797962188721,0.46783995628356934,0.24737215042114258,0.2207648754119873,0.23044300079345703,0.23330187797546387,0.9233222007751465,,0.2488851547241211,4.059205055236816,0.5582311153411865,0.5468170642852783,0.6815478801727295,0.25316619873046875,,0.5686922073364258,,0.260329008102417,0.2852292060852051,,0.555872917175293,,,0.5120718479156494,1.2435557842254639,0.5273008346557617,0.26404404640197754,0.25005006790161133
1398,0.24130821228027344,0.5658369064331055,0.9161217212677002,,0.22840380668640137,2.8825061321258545,0.8573927879333496,0.5015170574188232,0.25368499755859375,,0.23253607749938965,0.23154497146606445,0.8459460735321045,0.26468992233276367,0.2685058116912842,0.9645380973815918,0.2301928997039795,0.5976438522338867,,0.24571585655212402,9.145820140838623,0.2656118869781494,1.1288108825683594,0.49575328826904297,0.2750821113586426,0.24745798110961914,0.24465727806091309,0.24720215797424316,0.5461151599884033,,0.2478940486907959,1.430044174194336,1.6390619277954102,1.1934709548950195,0.5817220211029053,0.2630181312561035,,0.6082890033721924,,0.24307894706726074,0.4065968990325928,,0.535207986831665,,,0.4722130298614502,1.4175119400024414,0.5481150150299072,0.2724940776824951,0.6068177223205566
1399,0.249891996383667,0.4556772708892822,0.4707660675048828,,0.21790695190429688,0.9160802364349365,0.8540279865264893,0.5015659332275391,0.2651498317718506,,0.23356986045837402,0.23783111572265625,1.0948889255523682,0.27393102645874023,0.5187869071960449,0.5855848789215088,0.2364799976348877,0.5901739597320557,,0.2508981227874756,6.157979965209961,0.5742950439453125,0.49676990509033203,0.5033612251281738,0.2711811065673828,0.21695303916931152,0.22189807891845703,0.22879695892333984,1.2980222702026367,,0.22551608085632324,2.1201720237731934,0.5723662376403809,1.1740317344665527,0.5727360248565674,0.23677992820739746,,0.609591007232666,,0.2508280277252197,0.2588319778442383,,0.5648930072784424,,,0.5155110359191895,0.762927770614624,0.22871708869934082,0.5380120277404785,0.5524680614471436
1400,0.2503478527069092,0.2545342445373535,0.8687441349029541,,0.2364051342010498,0.6454267501831055,1.4984729290008545,0.5328121185302734,0.24933314323425293,,0.2316281795501709,0.25443196296691895,0.5300858020782471,0.2858297824859619,0.9096529483795166,0.5558991432189941,0.2704446315765381,0.6095030307769775,,0.26215028762817383,9.787864685058594,0.5858101844787598,1.189955234527588,0.4435608386993408,0.24914908409118652,0.22130179405212402,0.2515249252319336,0.23117995262145996,1.48777174949646,,0.26538586616516113,2.4182090759277344,1.2421140670776367,0.5250098705291748,0.6131739616394043,0.26074695587158203,,0.6298048496246338,,0.2283620834350586,0.2795851230621338,,0.579725980758667,,,2.2418088912963867,0.5584850311279297,0.24290704727172852,0.2610199451446533,0.5597171783447266
1401,0.24942398071289062,0.48203420639038086,0.4090590476989746,,0.2346198558807373,0.871851921081543,0.5376722812652588,0.5343201160430908,0.25182271003723145,,0.2245171070098877,0.2693209648132324,6.594635009765625,0.3063838481903076,0.2533230781555176,0.5739321708679199,0.2655301094055176,0.6119780540466309,,0.5899510383605957,2.507418155670166,0.5061099529266357,0.5022728443145752,0.49843621253967285,0.2537248134613037,0.2667808532714844,1.2303519248962402,0.2352750301361084,0.5565729141235352,,0.25636887550354004,0.21275782585144043,0.9549238681793213,0.530001163482666,1.3160209655761719,0.24179387092590332,,0.6016199588775635,,0.27129602432250977,0.25588178634643555,,0.5356040000915527,,,0.8880579471588135,1.2304110527038574,0.5231640338897705,0.5882208347320557,0.27344298362731934
1402,0.25964784622192383,0.23907208442687988,1.853050947189331,,0.25248003005981445,1.8034558296203613,1.3701820373535156,0.5482370853424072,0.24859094619750977,,0.24643778800964355,0.24090170860290527,1.147493839263916,0.9050168991088867,0.5481970310211182,0.546959638595581,0.26711010932922363,0.49358487129211426,,0.5870528221130371,1.511350154876709,0.27379798889160156,1.3100309371948242,0.233687162399292,0.26897382736206055,0.2499558925628662,0.24657297134399414,0.25585007667541504,0.8895690441131592,,0.22980403900146484,1.190284013748169,1.2111289501190186,0.546550989151001,0.6335580348968506,0.26334071159362793,,0.5647120475769043,,0.2307910919189453,1.240109920501709,,0.5487360954284668,,,1.5468111038208008,1.2025511264801025,0.24756789207458496,0.2825779914855957,0.5593428611755371
1403,0.25092101097106934,0.25604891777038574,0.8949439525604248,,0.48740315437316895,1.5182850360870361,1.51261305809021,0.852971076965332,0.22281503677368164,,0.24501705169677734,0.25449514389038086,1.1635448932647705,0.25608205795288086,0.24641680717468262,0.6087770462036133,0.25057101249694824,0.6095609664916992,,0.587040901184082,2.596912145614624,1.5033249855041504,0.5487291812896729,0.5038778781890869,0.26993417739868164,0.25147485733032227,0.253756046295166,0.26839113235473633,0.498427152633667,,0.24534392356872559,4.430836915969849,0.530738353729248,0.9015040397644043,0.9907000064849854,0.254086971282959,,0.5792951583862305,,0.23683476448059082,0.25585508346557617,,0.9619948863983154,,,2.549405813217163,1.276994228363037,0.2871870994567871,0.2678060531616211,0.5573289394378662
1404,0.23960494995117188,0.23331689834594727,1.4635560512542725,,0.2252058982849121,1.2283189296722412,0.8823108673095703,0.9587538242340088,0.26277709007263184,,0.24994182586669922,0.2295839786529541,0.5353009700775146,0.31861090660095215,0.22607016563415527,0.5290641784667969,0.25122618675231934,0.6215736865997314,,0.24358391761779785,2.398561954498291,0.5016920566558838,2.0426433086395264,0.549734354019165,0.2711029052734375,0.25259995460510254,0.2648928165435791,0.24875807762145996,0.8566226959228516,,0.25192713737487793,1.1412858963012695,0.9224457740783691,1.895509958267212,1.271291971206665,0.23002982139587402,,1.0356860160827637,,0.22964906692504883,0.2505981922149658,,0.581597089767456,,,0.5800189971923828,1.2077419757843018,0.2371819019317627,0.25203895568847656,0.5492799282073975
1405,0.2396848201751709,0.2392127513885498,1.178506851196289,,0.878849983215332,0.9013071060180664,1.1127948760986328,0.5349178314208984,0.2534339427947998,,0.2494490146636963,0.2494182586669922,0.5509121417999268,0.24696707725524902,0.2529940605163574,0.5616171360015869,0.22620487213134766,0.5909090042114258,,0.23433876037597656,1.2607221603393555,1.1636040210723877,0.5046000480651855,0.2427511215209961,0.25046300888061523,0.25126194953918457,0.20740771293640137,0.2501192092895508,0.8879501819610596,,0.2646200656890869,2.2480480670928955,0.5583481788635254,0.9268021583557129,2.0599920749664307,0.23491597175598145,,0.9403111934661865,,0.2407059669494629,0.26314496994018555,,0.5660140514373779,,,0.5327990055084229,1.1919190883636475,0.5040860176086426,0.2727642059326172,0.26706910133361816
1406,0.2619490623474121,0.2617509365081787,0.2985680103302002,,0.24471402168273926,1.9164149761199951,0.24229931831359863,0.5500290393829346,0.24982285499572754,,0.2510359287261963,0.26596713066101074,2.5786240100860596,0.2703537940979004,0.24016404151916504,1.231292963027954,0.24873924255371094,0.8524630069732666,,0.27181410789489746,4.1875200271606445,1.6723451614379883,0.5499980449676514,0.5027980804443359,0.25200581550598145,0.2566840648651123,0.23960304260253906,0.22737693786621094,1.4306018352508545,,0.22650718688964844,2.0977020263671875,0.9397459030151367,0.5543999671936035,0.6134979724884033,0.25640416145324707,,0.986717939376831,,0.24059200286865234,0.2765522003173828,,0.533574104309082,,,0.5343377590179443,1.1983888149261475,0.4915289878845215,0.26074910163879395,0.455111026763916
1407,0.27811098098754883,0.4996979236602783,3.2220170497894287,,0.2241230010986328,1.170922040939331,1.2592761516571045,0.549760103225708,0.2509651184082031,,0.2660253047943115,0.24904608726501465,0.4907951354980469,0.2850370407104492,0.2286510467529297,0.5613541603088379,0.26555490493774414,0.5696828365325928,,0.5894699096679688,1.8735432624816895,0.5358359813690186,0.5178580284118652,0.24271297454833984,0.27403807640075684,0.22572088241577148,0.2239842414855957,0.23035216331481934,1.4500150680541992,,0.2501637935638428,1.4915530681610107,1.4312119483947754,0.9493937492370605,0.5910329818725586,0.257343053817749,,0.9112370014190674,,0.2240300178527832,0.4752011299133301,,0.5444521903991699,,,1.893625020980835,1.911099910736084,0.3817169666290283,0.25839996337890625,0.59145188331604
1408,0.26796793937683105,0.26814794540405273,2.471050977706909,,0.21826624870300293,0.6006319522857666,1.6206462383270264,0.5487911701202393,0.25084781646728516,,0.2481842041015625,0.2444920539855957,0.5070350170135498,0.2955012321472168,0.23294401168823242,0.5846970081329346,0.2509939670562744,1.0243470668792725,,0.6128640174865723,3.206404209136963,0.261462926864624,1.1761748790740967,0.2129669189453125,0.2651371955871582,0.24711108207702637,0.27027106285095215,0.24703073501586914,0.9082257747650146,,0.2511470317840576,2.1654679775238037,0.5613570213317871,4.2503502368927,0.5597710609436035,0.2609279155731201,,0.5611050128936768,,0.23671317100524902,0.3007652759552002,,0.5974159240722656,,,1.3769810199737549,0.5196521282196045,0.2299809455871582,0.24208998680114746,0.579282283782959
1409,0.2631707191467285,0.5421290397644043,0.612847089767456,,0.24158215522766113,0.53096604347229,0.5336909294128418,0.5478549003601074,0.26477599143981934,,0.22490715980529785,0.2532491683959961,0.5505571365356445,0.3121960163116455,0.25751304626464844,0.5296387672424316,0.24513721466064453,0.6022529602050781,,0.2856006622314453,1.4831340312957764,0.5445597171783447,0.897075891494751,0.5084459781646729,0.27749085426330566,0.22042107582092285,1.2119927406311035,0.23183393478393555,1.269186019897461,,0.24431896209716797,1.1347427368164062,9.737151861190796,1.1953730583190918,1.2858328819274902,0.26201581954956055,,0.5484569072723389,,0.2330608367919922,0.2729318141937256,,0.5337071418762207,,,1.1464807987213135,0.3380239009857178,0.5217139720916748,0.28632497787475586,0.25007009506225586
1410,0.278867244720459,0.5179741382598877,3.596705198287964,,0.8534131050109863,1.9620332717895508,0.89028000831604,0.49141907691955566,0.22568392753601074,,0.2526867389678955,0.24433302879333496,0.5314218997955322,0.2843952178955078,0.2537248134613037,1.1830427646636963,0.2546510696411133,0.9671468734741211,,0.2630488872528076,3.737704038619995,0.25884008407592773,0.5311517715454102,0.5445749759674072,0.24939608573913574,0.254474401473999,0.25241923332214355,0.2345120906829834,0.6386291980743408,,0.2724919319152832,1.4305362701416016,1.7291240692138672,0.5337421894073486,0.46921324729919434,0.2660849094390869,,0.5654349327087402,,0.23031020164489746,0.28301167488098145,,0.562716007232666,,,5.661831855773926,1.2597949504852295,0.5326588153839111,0.24696993827819824,0.24771690368652344
1411,0.23887205123901367,0.5618629455566406,0.9000349044799805,,0.24849486351013184,0.8054978847503662,1.475982904434204,0.5504610538482666,0.2382359504699707,,0.24776291847229004,0.24468088150024414,0.5348250865936279,0.2738940715789795,0.2276911735534668,0.559096097946167,0.24807095527648926,1.2956817150115967,,0.2620217800140381,2.5398969650268555,0.23771381378173828,0.6510758399963379,0.5481040477752686,0.2717561721801758,0.266848087310791,1.201550006866455,0.23271894454956055,0.4969310760498047,,0.24219202995300293,1.169964075088501,0.5611310005187988,1.167198896408081,0.5928130149841309,0.26120996475219727,,0.6376550197601318,,0.255281925201416,0.2711312770843506,,0.547886848449707,,,0.6362748146057129,0.5646700859069824,0.5024387836456299,0.26621580123901367,0.5894830226898193
1412,0.2826666831970215,0.5457353591918945,0.5020229816436768,,0.7969672679901123,0.8411540985107422,2.161372184753418,0.5476188659667969,0.24410223960876465,,0.2658381462097168,0.25593996047973633,0.5451929569244385,0.2875180244445801,0.23305702209472656,2.6220548152923584,0.26647305488586426,0.604823112487793,,0.3016340732574463,7.584152698516846,0.5684399604797363,0.5343596935272217,0.5354001522064209,0.25634098052978516,0.25061893463134766,0.22958683967590332,0.23389005661010742,0.9268388748168945,,0.2545788288116455,1.8966240882873535,0.5530641078948975,1.4986178874969482,0.6155047416687012,0.25070786476135254,,0.9250028133392334,,0.22817516326904297,0.25768399238586426,,0.5236227512359619,,,0.48140382766723633,0.7018301486968994,0.5632171630859375,0.27848076820373535,0.5670511722564697
1413,0.2617619037628174,0.24810004234313965,1.2087452411651611,,0.8540570735931396,0.5948290824890137,1.8470971584320068,1.547785997390747,0.25247716903686523,,0.24786090850830078,0.24330401420593262,0.501399040222168,0.27655911445617676,0.967155933380127,0.5789461135864258,0.22756719589233398,0.6096699237823486,,0.279376745223999,12.514564275741577,0.5073230266571045,1.1643257141113281,0.5114240646362305,0.29397106170654297,0.2465529441833496,0.21530914306640625,0.2718501091003418,0.4597969055175781,,0.2379472255706787,1.1617627143859863,1.2683327198028564,0.5488052368164062,0.5916118621826172,0.24081206321716309,,0.5654346942901611,,0.24036788940429688,0.2589380741119385,,0.5147199630737305,,,0.4850120544433594,0.8151369094848633,0.25354504585266113,0.2540321350097656,0.2774791717529297
1414,0.2654259204864502,0.5632550716400146,1.596545934677124,,0.49471592903137207,1.891636848449707,1.2214548587799072,0.5516910552978516,0.26608920097351074,,0.25461578369140625,0.2567408084869385,0.5139708518981934,0.2746739387512207,0.22606635093688965,2.3480172157287598,0.24748635292053223,0.5906951427459717,,0.5796401500701904,1.8568811416625977,0.5149140357971191,1.1814546585083008,0.5347540378570557,0.28302693367004395,0.224517822265625,0.2418069839477539,0.2284231185913086,1.2714850902557373,,0.2284400463104248,1.164975881576538,0.53861403465271,0.5745620727539062,1.3186910152435303,0.2588460445404053,,0.592318058013916,,0.22604608535766602,0.6132869720458984,,0.557462215423584,,,2.837078094482422,1.2125637531280518,2.510867118835449,0.28293895721435547,0.26908302307128906
1415,0.26561999320983887,1.2432210445404053,1.5515222549438477,,0.2191309928894043,0.7937521934509277,1.5109138488769531,1.194735050201416,0.2511868476867676,,0.24177312850952148,0.2364809513092041,0.5315711498260498,0.6073331832885742,0.27371692657470703,2.6385958194732666,0.25100278854370117,1.2953650951385498,,0.5862550735473633,8.500389099121094,0.23400497436523438,0.5343139171600342,0.5276830196380615,0.26683998107910156,0.23691701889038086,1.798748254776001,0.24845600128173828,1.2610251903533936,,0.24584698677062988,5.064692974090576,1.2458748817443848,3.665121078491211,0.2917933464050293,0.26429295539855957,,0.5777020454406738,,0.25865697860717773,0.25479602813720703,,0.5322701930999756,,,0.562035083770752,1.2455811500549316,0.5319690704345703,0.24738621711730957,0.5541398525238037
1416,0.26190185546875,0.5777022838592529,0.30509495735168457,,0.2640361785888672,1.9002530574798584,1.2216689586639404,0.5357232093811035,0.2437877655029297,,0.23100495338439941,0.2759859561920166,0.5321521759033203,0.2789769172668457,0.24227404594421387,0.2493269443511963,0.2490830421447754,0.5877268314361572,,0.2561337947845459,13.910200119018555,0.5317518711090088,0.5058610439300537,0.4953470230102539,0.26100921630859375,0.25492143630981445,0.5373959541320801,0.2515687942504883,0.8744151592254639,,0.23441672325134277,1.8557708263397217,1.6644370555877686,0.5506718158721924,0.574409008026123,0.23649907112121582,,0.9200701713562012,,0.2539498805999756,0.6115589141845703,,0.5492918491363525,,,0.2517831325531006,1.1858561038970947,0.25470495223999023,0.2480471134185791,0.30396199226379395
1417,0.2710258960723877,0.5595879554748535,0.847236156463623,,0.22845697402954102,1.4398980140686035,1.220966100692749,0.5472569465637207,0.24929404258728027,,0.26265907287597656,0.24353718757629395,0.5229408740997314,0.27277112007141113,0.2271740436553955,1.1786906719207764,0.2672770023345947,0.5983762741088867,,0.2409212589263916,7.157657861709595,0.9495999813079834,0.48561596870422363,0.25355005264282227,0.27353692054748535,0.22211790084838867,0.22302818298339844,0.24184608459472656,0.5338728427886963,,0.2350940704345703,1.4368410110473633,1.2093238830566406,0.5320601463317871,0.580521821975708,0.2772972583770752,,0.5924370288848877,,0.2576301097869873,0.25710105895996094,,0.5369460582733154,,,1.2121968269348145,0.561953067779541,0.5888059139251709,0.2709929943084717,0.25998592376708984
1418,0.26808810234069824,0.5430028438568115,0.8629648685455322,,0.8562030792236328,0.8715190887451172,3.191654920578003,0.5321328639984131,0.22522711753845215,,0.25780367851257324,0.2534792423248291,0.5187408924102783,0.6167027950286865,0.23885798454284668,0.9491441249847412,0.24947690963745117,1.2667198181152344,,2.0112760066986084,13.452647924423218,0.5425450801849365,0.5002150535583496,0.5035951137542725,0.288377046585083,0.25212693214416504,0.2747969627380371,0.27239298820495605,1.4302680492401123,,0.2577648162841797,1.4457731246948242,0.9679348468780518,1.1665470600128174,0.6985478401184082,0.25414204597473145,,0.6009459495544434,,0.25264406204223633,0.35100889205932617,,0.3470289707183838,,,0.5491428375244141,0.5297179222106934,0.5488970279693604,0.27340173721313477,0.5438108444213867
1419,0.24786090850830078,0.5591681003570557,0.8934922218322754,,0.25100207328796387,0.8694519996643066,1.1987357139587402,0.5474390983581543,0.2673928737640381,,0.23313593864440918,0.23485779762268066,0.5157527923583984,0.24775314331054688,0.22903084754943848,1.5528209209442139,0.24619793891906738,1.0388522148132324,,0.2672579288482666,3.122724771499634,0.598517894744873,1.2845251560211182,0.46579408645629883,0.2516469955444336,0.25203514099121094,0.23029398918151855,0.24689888954162598,1.46107816696167,,0.24939799308776855,1.2024738788604736,0.5971918106079102,1.1644370555877686,0.24566984176635742,0.2346491813659668,,0.9808189868927002,,0.23416495323181152,0.270031213760376,,0.5605459213256836,,,0.8973369598388672,0.5102746486663818,0.2547173500061035,0.2559070587158203,0.26738691329956055
1420,0.2629837989807129,0.5355401039123535,1.5928850173950195,,0.24294710159301758,0.5491797924041748,0.9120678901672363,1.152754306793213,0.24937701225280762,,0.2342529296875,0.2343292236328125,0.5204341411590576,0.2921600341796875,0.23454999923706055,3.3858277797698975,0.22496724128723145,0.6080009937286377,,0.26250386238098145,3.6794121265411377,0.2397289276123047,1.1502280235290527,0.2532949447631836,0.2759830951690674,0.24519896507263184,0.5062260627746582,0.2409360408782959,1.5085246562957764,,0.2525937557220459,0.9181239604949951,1.234389066696167,2.570220708847046,0.5700747966766357,0.2525370121002197,,1.024949073791504,,0.235670804977417,0.24467921257019043,,0.5443761348724365,,,0.5450739860534668,1.1951050758361816,0.2536640167236328,0.2621910572052002,0.24913930892944336
1421,0.2634119987487793,0.5824770927429199,1.1445281505584717,,0.22894906997680664,1.2421250343322754,0.900385856628418,0.5069761276245117,0.2510371208190918,,0.2340860366821289,0.2817981243133545,0.9133298397064209,0.623762845993042,0.22548723220825195,1.2086498737335205,0.2516779899597168,0.6053178310394287,,0.26265406608581543,5.532217025756836,0.592515230178833,0.6165130138397217,0.2410895824432373,0.2514760494232178,0.26349520683288574,0.2430257797241211,0.22971820831298828,1.253566026687622,,0.2277829647064209,1.8211331367492676,1.2024600505828857,0.515042781829834,0.9519672393798828,0.2406618595123291,,0.7677121162414551,,0.273853063583374,0.2764911651611328,,0.5061402320861816,,,1.2041101455688477,1.2103490829467773,0.5218398571014404,0.24254918098449707,1.9437038898468018
1422,0.28672099113464355,0.5735960006713867,2.426041841506958,,0.23638701438903809,3.628866195678711,0.5283961296081543,0.4888601303100586,0.24907994270324707,,0.2496190071105957,0.2627139091491699,0.898216962814331,0.5992741584777832,0.23076605796813965,0.5944521427154541,0.2650718688964844,0.5911319255828857,,0.23991918563842773,2.9704067707061768,0.2387070655822754,1.127492904663086,0.521406888961792,0.28251194953918457,0.22787094116210938,0.5223698616027832,0.2613790035247803,0.49919915199279785,,0.23327088356018066,1.2163751125335693,0.5275750160217285,0.5036530494689941,0.27440810203552246,0.27933788299560547,,1.0321791172027588,,0.2288351058959961,0.9680068492889404,,0.5952849388122559,,,0.8880267143249512,1.1857240200042725,0.2860710620880127,0.25057005882263184,0.25991129875183105
1423,0.25796985626220703,0.5257360935211182,0.8812527656555176,,0.2330460548400879,2.2003860473632812,1.1474831104278564,0.5295140743255615,0.2491011619567871,,0.22959637641906738,0.23433899879455566,0.5854358673095703,0.2956528663635254,0.915363073348999,2.272451162338257,0.2515280246734619,0.6102252006530762,,0.24839496612548828,4.052883863449097,0.5203819274902344,0.5519258975982666,0.5225059986114502,0.29813599586486816,0.24159002304077148,0.8883819580078125,0.25173497200012207,1.5137059688568115,,0.23180103302001953,1.8568029403686523,18.30593991279602,0.48749518394470215,1.0376551151275635,0.26154398918151855,,0.9203569889068604,,0.24596118927001953,0.620560884475708,,0.5641350746154785,,,0.5046260356903076,0.5467219352722168,0.5268528461456299,0.2832310199737549,1.2671160697937012
1424,0.2656528949737549,0.5773000717163086,0.916409969329834,,0.8561971187591553,3.950446128845215,0.8361108303070068,0.5319209098815918,0.23952364921569824,,0.22620415687561035,0.23427510261535645,0.8520612716674805,0.2553079128265381,0.2276909351348877,1.9364039897918701,0.24927711486816406,0.6134369373321533,,0.5810108184814453,9.535544157028198,0.2694370746612549,1.168055772781372,0.5256330966949463,0.2728590965270996,0.22281193733215332,0.23844695091247559,0.23163890838623047,0.8540380001068115,,0.23304510116577148,1.4768118858337402,1.0538110733032227,0.5327651500701904,0.441364049911499,0.23750019073486328,,1.2799580097198486,,0.24869298934936523,0.28231000900268555,,0.5651991367340088,,,0.2575969696044922,1.2153050899505615,0.4909639358520508,0.29551005363464355,0.2840280532836914
1425,0.259998083114624,0.563316822052002,2.3740029335021973,,0.51904296875,1.5162580013275146,1.8864641189575195,0.5291121006011963,0.2215120792388916,,0.23302912712097168,0.25160694122314453,0.5069940090179443,0.28475093841552734,0.530174970626831,0.5400440692901611,0.25255680084228516,0.630889892578125,,0.24879121780395508,4.9674272537231445,0.5164082050323486,0.5048539638519287,0.2331531047821045,0.27080607414245605,0.25255799293518066,0.2543609142303467,0.23255014419555664,1.6118190288543701,,0.2513699531555176,1.4359300136566162,1.209670066833496,1.3504431247711182,0.6065471172332764,0.25699496269226074,,1.376100778579712,,0.2518651485443115,0.24649500846862793,,0.5381870269775391,,,3.5847952365875244,0.8033709526062012,0.5638279914855957,0.28235387802124023,0.2704291343688965
1426,0.2413311004638672,0.5323059558868408,0.4546329975128174,,0.25926780700683594,2.8811910152435303,0.8682830333709717,0.5182640552520752,0.24849581718444824,,0.23365092277526855,0.24767827987670898,0.5329160690307617,0.281998872756958,0.263808012008667,0.5690081119537354,0.24187588691711426,1.0154378414154053,,0.2608470916748047,17.39859390258789,0.254091739654541,0.5178167819976807,0.23048686981201172,0.25504088401794434,0.2674520015716553,0.2455739974975586,0.236098051071167,0.8910589218139648,,0.22983503341674805,1.1913580894470215,0.5580780506134033,0.6152126789093018,0.8413481712341309,0.23272275924682617,,0.91520094871521,,0.2704887390136719,0.2571830749511719,,0.545659065246582,,,5.141493082046509,1.193566083908081,0.5411138534545898,0.26570868492126465,0.5518627166748047
1427,0.2808859348297119,0.5301849842071533,0.9125499725341797,,0.8606908321380615,1.248654842376709,1.506486177444458,0.5211403369903564,0.24765276908874512,,0.24622297286987305,0.25579094886779785,1.1181929111480713,0.5169751644134521,0.23673224449157715,0.5287501811981201,0.26755595207214355,1.017125129699707,,0.2657320499420166,0.09678077697753906,1.2446367740631104,0.47960591316223145,0.5276181697845459,0.2450258731842041,0.2519259452819824,0.25855302810668945,0.2568812370300293,0.8914389610290527,,0.2396841049194336,2.458073139190674,0.5568230152130127,0.5516159534454346,1.3948369026184082,0.25335693359375,,0.9927113056182861,,0.23641586303710938,0.27923107147216797,,0.5317239761352539,,,1.5850858688354492,1.1778051853179932,0.5377237796783447,0.23994112014770508,0.5351228713989258
1428,0.27472901344299316,0.5508790016174316,0.8972442150115967,,0.5277678966522217,2.900184154510498,1.937096118927002,0.5165026187896729,0.25013184547424316,,0.2479391098022461,0.23840689659118652,0.5046257972717285,0.9773330688476562,0.9065980911254883,0.528627872467041,0.23165512084960938,1.0341172218322754,,0.2599329948425293,9.364731788635254,0.5815219879150391,0.903864860534668,0.5350890159606934,0.26393914222717285,0.25762104988098145,0.23640179634094238,0.2554171085357666,0.5410768985748291,,0.22542905807495117,1.1947181224822998,18.554269075393677,0.5769467353820801,0.5668480396270752,0.2534787654876709,,0.9653759002685547,,0.25359106063842773,0.25799012184143066,,0.5760807991027832,,,0.88673996925354,0.5289790630340576,1.150970697402954,0.2993581295013428,0.27865004539489746
1429,0.2469806671142578,0.5830862522125244,1.6734020709991455,,0.2728869915008545,5.248683929443359,0.5991947650909424,0.4956839084625244,0.26788830757141113,,0.2441847324371338,0.25711607933044434,0.5075972080230713,0.5903348922729492,0.2632749080657959,1.5099546909332275,0.24361586570739746,0.5947659015655518,,0.23953509330749512,1.830057144165039,0.5984230041503906,0.29314613342285156,0.5387802124023438,0.24953913688659668,0.21845793724060059,0.22635316848754883,0.22844791412353516,0.8857879638671875,,0.2536020278930664,1.2104601860046387,0.3300437927246094,1.5693247318267822,0.5866479873657227,0.26088786125183105,,0.5814158916473389,,0.2307751178741455,0.26214098930358887,,0.5470461845397949,,,2.5970680713653564,0.9155361652374268,0.251284122467041,0.26172804832458496,0.26648974418640137
1430,0.24380111694335938,0.5649912357330322,1.196997880935669,,0.4836432933807373,0.8273329734802246,0.8588409423828125,0.49991822242736816,0.2520270347595215,,0.2505457401275635,0.2474842071533203,0.4843430519104004,0.6244831085205078,0.2365560531616211,2.270068883895874,0.25911903381347656,0.6265311241149902,,0.2671360969543457,17.396305799484253,0.9700140953063965,0.4979987144470215,0.5257270336151123,0.2694520950317383,0.22100090980529785,0.2507641315460205,0.26009178161621094,1.2639029026031494,,0.268787145614624,1.1790332794189453,0.5599989891052246,0.5183777809143066,0.5858280658721924,0.26305198669433594,,0.5476553440093994,,0.2514922618865967,0.5778467655181885,,0.5332949161529541,,,0.5373058319091797,1.2190759181976318,0.5306131839752197,0.22507810592651367,0.5610880851745605
1431,0.2583291530609131,0.5655758380889893,0.9729459285736084,,0.261214017868042,1.843827247619629,0.8534500598907471,0.5020740032196045,0.24796009063720703,,0.23032402992248535,0.2633941173553467,0.8584940433502197,0.31293582916259766,0.2577030658721924,0.5714900493621826,0.23502588272094727,0.6037840843200684,,0.25929999351501465,14.31478500366211,0.5617358684539795,0.5617878437042236,0.4841887950897217,0.27686095237731934,0.2658572196960449,0.22510313987731934,0.24068713188171387,0.9172511100769043,,0.24721884727478027,1.163973093032837,1.2481770515441895,0.5639169216156006,0.6049962043762207,0.23393678665161133,,0.620265007019043,,0.25621819496154785,0.2895679473876953,,0.5662157535552979,,,1.5593879222869873,1.1800222396850586,0.4960927963256836,0.2897319793701172,0.34537816047668457
1432,0.2790391445159912,0.5338718891143799,1.1922681331634521,,0.22380423545837402,1.9405958652496338,0.9267637729644775,1.588721752166748,0.22653794288635254,,0.26145410537719727,0.24264311790466309,0.53597092628479,0.29053807258605957,0.2579169273376465,0.5270681381225586,0.27762722969055176,0.5867049694061279,,0.2513251304626465,10.505460977554321,0.5627319812774658,0.5369508266448975,0.5367491245269775,0.2664649486541748,0.21933507919311523,0.2642040252685547,0.25800299644470215,0.5201199054718018,,0.25006580352783203,2.0592641830444336,1.238149881362915,0.5446469783782959,0.5808968544006348,0.27715611457824707,,1.7040479183197021,,0.2554740905761719,0.24610590934753418,,0.9027109146118164,,,0.5165250301361084,1.1887562274932861,0.8601689338684082,0.5141150951385498,0.27210211753845215
1433,0.23731303215026855,0.5584938526153564,3.6638381481170654,,0.9074492454528809,1.2297947406768799,1.212561845779419,0.5324270725250244,0.24416208267211914,,0.25407886505126953,0.23158693313598633,1.5910887718200684,0.312514066696167,0.26029419898986816,0.5306477546691895,0.23743510246276855,0.611191987991333,,0.3267557621002197,6.918543100357056,0.9344131946563721,1.1830418109893799,0.5441620349884033,0.29967284202575684,0.25293588638305664,0.24907183647155762,0.25286293029785156,0.5278429985046387,,0.2506370544433594,1.17795729637146,1.1932790279388428,1.672827959060669,1.5184519290924072,0.2347548007965088,,0.6178052425384521,,0.256458044052124,0.25591301918029785,,0.5331339836120605,,,1.8805351257324219,0.5407919883728027,0.2523958683013916,0.28721094131469727,0.5632641315460205
1434,0.26358914375305176,0.559185266494751,0.8820538520812988,,0.22323918342590332,1.5774531364440918,2.190138339996338,0.5361678600311279,0.2677440643310547,,0.2485640048980713,0.2596409320831299,0.48924994468688965,0.3297908306121826,0.2342970371246338,0.5207841396331787,0.25553369522094727,1.0310728549957275,,0.22328805923461914,10.462163209915161,0.924260139465332,1.1812198162078857,0.4975917339324951,0.24639296531677246,0.2505931854248047,0.2718777656555176,0.2621726989746094,1.2303588390350342,,0.24838900566101074,1.8233709335327148,1.2095658779144287,0.5691001415252686,1.2762482166290283,0.2337331771850586,,1.3288309574127197,,0.2326951026916504,0.4531269073486328,,0.5795578956604004,,,0.9113810062408447,0.24346637725830078,0.27148008346557617,0.2714991569519043,0.57586669921875
1435,0.23769116401672363,0.5596749782562256,3.560943841934204,,0.24988102912902832,0.8699989318847656,1.1828978061676025,0.5213649272918701,0.24842000007629395,,0.24524712562561035,0.24017000198364258,0.5631811618804932,0.6373958587646484,0.2552182674407959,0.561284065246582,0.23140287399291992,0.5590839385986328,,0.24882102012634277,3.1084649562835693,0.5211849212646484,0.5121779441833496,0.5312871932983398,0.25015807151794434,0.237030029296875,0.36760711669921875,0.23543596267700195,1.212224006652832,,0.26265501976013184,2.4659111499786377,0.7591819763183594,1.1856579780578613,0.436525821685791,0.2619740962982178,,0.24340415000915527,,0.2337179183959961,0.26001596450805664,,0.9460761547088623,,,0.5138440132141113,1.1274809837341309,0.23161673545837402,0.2576332092285156,0.38168978691101074
1436,0.26143813133239746,0.5927259922027588,1.5321989059448242,,0.5337159633636475,3.2632219791412354,1.1583590507507324,0.5296390056610107,0.25074005126953125,,0.25568580627441406,0.2733330726623535,4.284615755081177,0.31989002227783203,0.3172430992126465,0.6127440929412842,0.24412226676940918,0.6089799404144287,,0.24078702926635742,8.919402122497559,0.23530793190002441,1.2199480533599854,0.5456216335296631,0.2751302719116211,0.23448586463928223,0.39004969596862793,0.23040413856506348,0.5071909427642822,,0.22573184967041016,1.1187231540679932,1.2142441272735596,0.520719051361084,1.296525001525879,0.26337599754333496,,0.9134361743927002,,0.27005910873413086,1.0656020641326904,,0.5298299789428711,,,1.564220905303955,1.2330398559570312,0.23423218727111816,0.2603797912597656,0.5430920124053955
1437,0.2831230163574219,0.5606188774108887,0.5346920490264893,,1.214879035949707,0.5730221271514893,2.8334453105926514,0.5125031471252441,0.25238990783691406,,0.2541930675506592,0.23927807807922363,1.3075220584869385,0.3076002597808838,1.2660329341888428,0.5838499069213867,0.2710232734680176,0.5894021987915039,,0.24367213249206543,3.4987919330596924,0.8759438991546631,1.2116353511810303,0.5110280513763428,0.2510547637939453,0.24486684799194336,0.23889875411987305,0.259113073348999,0.5141050815582275,,0.25391721725463867,1.4452159404754639,0.5574610233306885,0.56144118309021,0.5745229721069336,0.2525181770324707,,1.489480972290039,,0.23352718353271484,0.2683138847351074,,0.5289349555969238,,,0.5193140506744385,0.5152568817138672,0.5442187786102295,0.28691601753234863,0.24953985214233398
1438,0.2632169723510742,0.6056168079376221,5.1009368896484375,,0.4608170986175537,4.384103775024414,1.1833200454711914,0.5236577987670898,0.2502009868621826,,0.22709989547729492,0.2594449520111084,1.5897009372711182,0.29272007942199707,0.9146139621734619,0.5530102252960205,0.2400498390197754,0.591677188873291,,0.25059986114501953,2.929527759552002,0.408128023147583,0.7679779529571533,0.5784218311309814,0.29966092109680176,0.24642586708068848,0.25872111320495605,0.2570350170135498,0.5168242454528809,,0.24760818481445312,1.1347088813781738,1.2021129131317139,0.9186861515045166,0.5920600891113281,0.25969409942626953,,1.0049076080322266,,0.25951290130615234,0.6075119972229004,,0.5490140914916992,,,0.9179420471191406,1.2096378803253174,0.5122787952423096,0.24666213989257812,0.7506358623504639
1439,0.26166820526123047,0.5636250972747803,2.2647910118103027,,0.5304720401763916,1.8980121612548828,0.9294540882110596,0.5307199954986572,0.2635340690612793,,0.22788190841674805,0.23743581771850586,0.5239789485931396,0.2832820415496826,0.24942421913146973,0.5497820377349854,0.25905799865722656,0.6316390037536621,,0.22967028617858887,13.029729127883911,0.5247559547424316,1.1991660594940186,0.3636620044708252,0.2755908966064453,0.22625303268432617,1.1768808364868164,0.2578701972961426,1.2540969848632812,,0.2480759620666504,1.451901912689209,0.5277488231658936,1.2112340927124023,0.8506197929382324,0.24037504196166992,,0.9181890487670898,,0.2587273120880127,0.23999691009521484,,0.5361371040344238,,,0.8712308406829834,1.2189240455627441,0.5141749382019043,0.23754310607910156,0.5604591369628906
1440,0.24078726768493652,0.5479559898376465,1.337480068206787,,0.24387574195861816,1.863631248474121,0.5458359718322754,0.5057032108306885,0.22988414764404297,,0.23810601234436035,0.2318100929260254,1.189229965209961,0.2719261646270752,0.23899483680725098,0.24755382537841797,0.23815393447875977,0.6073658466339111,,0.24609112739562988,,0.5310509204864502,0.9240477085113525,0.5425071716308594,0.27353501319885254,0.24653387069702148,0.9438848495483398,0.23958516120910645,0.9014079570770264,,0.2804391384124756,1.1309149265289307,1.2454400062561035,0.5615859031677246,0.5604531764984131,0.24844694137573242,,1.3955740928649902,,0.23565006256103516,0.6092910766601562,,0.5319070816040039,,,0.519536018371582,0.5618786811828613,0.24834084510803223,0.3047449588775635,0.2687411308288574
1441,0.24834585189819336,0.5408599376678467,2.1522998809814453,,0.5221760272979736,0.8068649768829346,1.5574021339416504,0.5053679943084717,0.24124813079833984,,0.23020505905151367,0.25972580909729004,0.5358457565307617,0.6337740421295166,0.23054099082946777,0.23826289176940918,0.250535249710083,0.6308870315551758,,0.24877691268920898,,0.5176331996917725,0.4976511001586914,0.47993922233581543,0.2541630268096924,0.23631691932678223,0.2700510025024414,0.2624471187591553,0.9321589469909668,,0.25731420516967773,1.4619300365447998,1.2510976791381836,0.5369312763214111,0.6075739860534668,0.23819684982299805,,1.2898931503295898,,0.2755849361419678,0.5937321186065674,,0.32002782821655273,,,0.5022299289703369,1.2358059883117676,0.48662304878234863,0.25214409828186035,0.27508115768432617
1442,0.27841687202453613,0.5974419116973877,5.303132772445679,,0.5063438415527344,4.287355184555054,0.5013208389282227,0.9425868988037109,0.2545154094696045,,0.24885201454162598,0.23570680618286133,1.1963367462158203,0.32665395736694336,0.2675919532775879,1.1856131553649902,0.24577617645263672,0.5919020175933838,,0.2215428352355957,,0.5150017738342285,0.5254440307617188,0.5495998859405518,0.27559876441955566,0.24734902381896973,0.48860788345336914,0.2569291591644287,0.9114580154418945,,0.23633408546447754,1.7733752727508545,1.2456779479980469,0.5495390892028809,0.5923242568969727,0.25551700592041016,,0.9111230373382568,,0.24193906784057617,0.2642359733581543,,0.576909065246582,,,2.5808420181274414,0.5658607482910156,0.2770678997039795,0.5280482769012451,0.5799548625946045
1443,0.26727819442749023,0.5548391342163086,0.8782970905303955,,0.5436809062957764,5.9238808155059814,1.3489298820495605,1.067012071609497,0.25406479835510254,,0.23346614837646484,0.259706974029541,1.5604159832000732,0.29833102226257324,0.23688006401062012,0.6014120578765869,0.24046778678894043,0.5642900466918945,,0.24414587020874023,,0.49991393089294434,0.5170361995697021,0.7392070293426514,0.26291990280151367,0.22141218185424805,1.2457668781280518,0.24815106391906738,0.5494701862335205,,0.2284090518951416,1.1819419860839844,1.2480509281158447,0.9298818111419678,0.5841851234436035,0.2611680030822754,,0.6028759479522705,,0.24546098709106445,0.2640550136566162,,0.5516550540924072,,,0.8944299221038818,0.5199790000915527,1.2485592365264893,0.26783108711242676,0.5609269142150879
1444,0.2586989402770996,0.5915389060974121,2.949754238128662,,0.2566070556640625,1.942223072052002,1.5129520893096924,0.8821158409118652,0.2537369728088379,,0.23467588424682617,0.23821187019348145,2.315891981124878,0.28174877166748047,0.26190614700317383,1.268895149230957,0.23559308052062988,0.6133277416229248,,0.2491588592529297,,0.26966214179992676,0.49924612045288086,0.4120917320251465,0.2484898567199707,0.23301196098327637,0.9630451202392578,0.2428150177001953,1.2312119007110596,,0.25911903381347656,2.7054169178009033,0.5527288913726807,1.2331161499023438,0.6037278175354004,0.2669649124145508,,0.9678361415863037,,0.23303794860839844,0.2743837833404541,,0.5911917686462402,,,0.5322611331939697,0.8000688552856445,0.5159552097320557,0.534304141998291,0.2537531852722168
1445,0.2451920509338379,0.5500872135162354,1.6325769424438477,,0.5166327953338623,3.5604450702667236,1.5077450275421143,0.5048208236694336,0.2584998607635498,,0.23088717460632324,0.25610995292663574,1.9526917934417725,0.3006918430328369,0.2550649642944336,0.9423809051513672,0.23232507705688477,0.5893611907958984,,0.24657917022705078,,0.24843382835388184,1.0944151878356934,0.5072498321533203,0.2827188968658447,0.2497999668121338,0.2547111511230469,0.23724985122680664,0.5383479595184326,,0.2537968158721924,2.1643598079681396,1.1846730709075928,0.9180347919464111,0.557370662689209,0.26387810707092285,,0.5561819076538086,,0.25765490531921387,0.2390291690826416,,0.5678749084472656,,,4.842337131500244,1.2058279514312744,0.498399019241333,0.5620598793029785,0.2702198028564453
1446,0.2490849494934082,0.5234780311584473,6.9689600467681885,,0.7776980400085449,1.5069141387939453,0.5049130916595459,0.4942030906677246,0.2399439811706543,,0.22649908065795898,0.2655642032623291,0.5393810272216797,0.2628490924835205,0.24431800842285156,0.5379221439361572,0.23240876197814941,0.6120131015777588,,0.2353529930114746,,0.540581226348877,0.5012631416320801,0.5274569988250732,0.27767181396484375,0.2663872241973877,0.23972415924072266,0.25942301750183105,0.8925938606262207,,0.23111391067504883,3.0461180210113525,1.639941930770874,1.6260480880737305,1.3478479385375977,0.26468396186828613,,0.981072187423706,,0.251939058303833,0.2826201915740967,,0.5346729755401611,,,0.8999052047729492,0.7695760726928711,0.5129950046539307,0.25719308853149414,0.273090124130249
1447,0.2676050662994385,0.5296158790588379,2.9339239597320557,,0.24390387535095215,2.918807029724121,0.9129338264465332,0.5044810771942139,0.22947096824645996,,0.25282979011535645,0.2406458854675293,1.4833450317382812,0.2509770393371582,0.24710798263549805,0.5821771621704102,0.24902582168579102,0.6038830280303955,,0.2426738739013672,,0.5640261173248291,0.9653420448303223,0.5509090423583984,0.2687668800354004,0.2532789707183838,0.22813177108764648,0.2373819351196289,1.2692458629608154,,0.23340916633605957,2.753819704055786,1.2606017589569092,1.6023099422454834,1.0132720470428467,0.254122257232666,,1.0128560066223145,,0.26306700706481934,0.26513004302978516,,0.5550920963287354,,,2.228050947189331,0.5319750308990479,0.5148019790649414,0.2714388370513916,0.2496650218963623
1448,0.23563694953918457,0.2732100486755371,1.8080461025238037,,1.1675100326538086,1.229449987411499,0.5307159423828125,0.9042952060699463,0.25454282760620117,,0.2569160461425781,0.23329520225524902,0.8700199127197266,0.6388559341430664,0.22869086265563965,0.5555541515350342,0.2322709560394287,0.5669031143188477,,0.24502182006835938,,0.5308969020843506,0.22948122024536133,0.5742578506469727,0.29924917221069336,0.2506990432739258,0.24257373809814453,0.2745490074157715,0.9044406414031982,,0.2529590129852295,3.4918410778045654,1.203023910522461,0.5495989322662354,1.3847239017486572,0.2559843063354492,,0.9647459983825684,,0.23468875885009766,0.578650951385498,,0.5164260864257812,,,4.194004058837891,2.593559741973877,0.47500181198120117,0.2689478397369385,0.5710420608520508
1449,0.23801398277282715,0.5614960193634033,1.133655071258545,,0.8152661323547363,3.383836030960083,1.5779659748077393,0.5312073230743408,0.26378297805786133,,0.24927306175231934,0.25725412368774414,0.5645740032196045,0.28043127059936523,0.24814796447753906,0.542841911315918,0.25539207458496094,0.5808181762695312,,0.2384960651397705,,0.5308222770690918,0.5143883228302002,0.2375788688659668,0.24530386924743652,0.24128103256225586,0.8794739246368408,0.2507047653198242,1.3053269386291504,,0.22898006439208984,1.1191229820251465,1.2288329601287842,0.9282622337341309,1.3014709949493408,0.2345898151397705,,0.5840399265289307,,0.26128482818603516,0.6050460338592529,,0.9359729290008545,,,2.8860630989074707,1.2118918895721436,0.5107779502868652,0.5393030643463135,0.2796468734741211
1450,0.2638580799102783,0.6042790412902832,1.2259361743927002,,0.5078160762786865,0.2575700283050537,2.2697019577026367,0.5483798980712891,0.2508718967437744,,0.2503490447998047,0.2378549575805664,0.8543801307678223,0.6087627410888672,0.5410621166229248,1.5816340446472168,0.23047924041748047,0.6192009449005127,,0.25231385231018066,,0.5451929569244385,0.9246039390563965,0.5232481956481934,0.2628459930419922,0.22748398780822754,0.24501585960388184,0.23564600944519043,0.5350959300994873,,0.24797606468200684,1.448559284210205,1.2035670280456543,1.2004988193511963,1.2157020568847656,0.2349250316619873,,1.7171518802642822,,0.23836493492126465,1.2394139766693115,,0.5313520431518555,,,0.9145920276641846,1.1572363376617432,0.4809122085571289,0.248291015625,0.27814698219299316
1451,0.2616910934448242,0.5616662502288818,3.514711856842041,,0.2756080627441406,0.5714209079742432,1.2437009811401367,0.5313868522644043,0.24702906608581543,,0.24950718879699707,0.2767343521118164,1.5569720268249512,0.266376256942749,0.24138307571411133,1.282179832458496,0.24882197380065918,0.6007139682769775,,0.24692678451538086,,0.5114030838012695,0.4933629035949707,0.2539939880371094,0.26044702529907227,0.23567509651184082,0.24141621589660645,0.23135924339294434,0.5484669208526611,,0.22519803047180176,1.5343189239501953,18.400924921035767,1.8134887218475342,0.9581468105316162,0.2658822536468506,,0.9904971122741699,,0.24847984313964844,0.24448204040527344,,0.535365104675293,,,0.897845983505249,0.5556590557098389,0.23766088485717773,0.258253812789917,0.2538328170776367
1452,0.28157687187194824,0.577207088470459,7.314361095428467,,0.22350716590881348,2.23612380027771,0.8989348411560059,0.5339198112487793,0.2532989978790283,,0.256763219833374,0.2674281597137451,0.8839621543884277,0.688568115234375,0.25596117973327637,1.9602091312408447,0.2628810405731201,0.5887348651885986,,0.24338316917419434,,1.2079200744628906,0.2652432918548584,0.5051581859588623,0.26795506477355957,0.2405850887298584,0.5074019432067871,0.2626962661743164,0.5658800601959229,,0.23852300643920898,1.1465301513671875,18.465588092803955,0.5762839317321777,0.5896401405334473,0.27974700927734375,,1.0351972579956055,,0.24700284004211426,0.6241049766540527,,0.5476968288421631,,,3.2633070945739746,1.1831269264221191,0.523813009262085,0.26912903785705566,0.586043119430542
1453,0.26294493675231934,0.5453329086303711,5.5557591915130615,,0.9400348663330078,2.9531447887420654,0.9388930797576904,0.917003870010376,0.24844074249267578,,0.22844195365905762,0.2351059913635254,2.2673001289367676,0.2739708423614502,0.9386301040649414,0.5774731636047363,0.25553202629089355,0.6123671531677246,,0.25328493118286133,,0.526604175567627,0.933668851852417,0.5583298206329346,0.26920509338378906,0.22300267219543457,0.28386807441711426,0.2502110004425049,0.5387279987335205,,0.25981593132019043,1.150155782699585,8.725460052490234,0.5686948299407959,0.5917928218841553,0.26415514945983887,,2.3394691944122314,,0.259152889251709,0.2817678451538086,,0.5503828525543213,,,0.8860390186309814,4.234889030456543,0.9144120216369629,0.2772550582885742,0.5579347610473633
1454,0.2664010524749756,0.5526261329650879,1.5937938690185547,,0.24103116989135742,1.507066011428833,0.4920508861541748,5.483651161193848,0.2636737823486328,,0.25495314598083496,0.2599449157714844,0.864666223526001,0.2620270252227783,0.2653801441192627,1.9910824298858643,0.2382950782775879,1.0366411209106445,,0.24246978759765625,,1.2177622318267822,0.5166518688201904,0.5135281085968018,0.2788679599761963,0.2518460750579834,0.2609531879425049,0.2633247375488281,1.2214221954345703,,0.23600482940673828,1.8575289249420166,0.9673011302947998,0.6140060424804688,0.5560340881347656,0.23636794090270996,,0.6457240581512451,,0.2363290786743164,0.8437211513519287,,0.6311266422271729,,,0.8666048049926758,0.5448760986328125,0.5607061386108398,0.2493581771850586,0.5553159713745117
1455,0.2358870506286621,0.5442831516265869,4.2861340045928955,,0.25704503059387207,0.9368178844451904,2.2832388877868652,0.5129730701446533,0.2259509563446045,,0.25855112075805664,0.2358531951904297,2.615054130554199,0.5071728229522705,0.2534205913543701,1.2076339721679688,0.2584991455078125,0.5920336246490479,,0.23988890647888184,,0.5424370765686035,0.4962329864501953,0.515535831451416,0.2686748504638672,0.2546579837799072,0.8774762153625488,0.23716306686401367,0.5329630374908447,,0.25173497200012207,1.497685194015503,0.9649927616119385,0.5647647380828857,0.594994068145752,0.25612902641296387,,0.5811948776245117,,0.2617032527923584,0.28492283821105957,,0.5991039276123047,,,1.172255039215088,0.5281491279602051,0.5359549522399902,0.27571797370910645,0.2821981906890869
1456,0.2654430866241455,0.5809619426727295,4.6193931102752686,,0.24082684516906738,0.5714719295501709,0.8987550735473633,0.49880409240722656,0.24889183044433594,,0.2583928108215332,0.280379056930542,6.2190141677856445,0.3895292282104492,0.8420360088348389,1.278088092803955,0.2366962432861328,0.6097011566162109,,0.24402904510498047,,0.5295820236206055,0.500420093536377,0.546151876449585,0.2556469440460205,0.2513248920440674,0.26288795471191406,0.2577230930328369,0.33309221267700195,,0.23141694068908691,1.5766160488128662,0.9912822246551514,1.6155848503112793,0.3224210739135742,0.23782086372375488,,0.9526259899139404,,0.2553699016571045,0.24151086807250977,,0.5797481536865234,,,0.49924302101135254,1.2015862464904785,0.5170879364013672,0.2956087589263916,0.5668501853942871
1457,0.2800161838531494,0.5940711498260498,9.519973039627075,,0.2575228214263916,1.6020121574401855,3.5672762393951416,0.24029016494750977,0.2511160373687744,,0.2594878673553467,0.23446297645568848,0.4983501434326172,0.6696369647979736,0.2579171657562256,2.9659790992736816,0.24822115898132324,0.594677209854126,,0.253018856048584,,0.5770437717437744,0.5160069465637207,0.49961185455322266,0.2815523147583008,0.2422771453857422,0.6061451435089111,0.2369859218597412,1.227254867553711,,0.2565450668334961,4.246927738189697,0.2513151168823242,0.9206798076629639,0.5812139511108398,0.28085803985595703,,0.9938821792602539,,0.2565748691558838,1.0377168655395508,,1.1831259727478027,,,0.9002578258514404,0.5340790748596191,0.25156378746032715,0.25075793266296387,0.2702648639678955
1458,0.2629110813140869,0.9683141708374023,2.8203320503234863,,0.48521995544433594,0.5530209541320801,1.8922078609466553,1.224440097808838,0.2521018981933594,,0.25709009170532227,0.2640409469604492,0.8905646800994873,0.6613578796386719,0.2322070598602295,0.5428109169006348,0.2537510395050049,0.26602602005004883,,0.2418670654296875,,0.2558720111846924,0.4859330654144287,0.5129780769348145,0.28845787048339844,0.21840572357177734,0.28634214401245117,0.2491910457611084,1.2326998710632324,,0.22875523567199707,0.9101338386535645,0.29242801666259766,0.9604682922363281,0.5574226379394531,0.26578688621520996,,1.0487380027770996,,0.23873281478881836,0.2653350830078125,,0.580955982208252,,,0.5211911201477051,1.183985948562622,0.526975154876709,0.28180813789367676,0.25274205207824707
1459,0.24358606338500977,0.5837869644165039,0.8265249729156494,,0.2267160415649414,1.2590746879577637,0.9195411205291748,0.5214459896087646,0.26459789276123047,,0.2487199306488037,0.26387715339660645,0.885106086730957,0.27167391777038574,0.5829958915710449,0.5645749568939209,0.24982810020446777,0.6053159236907959,,0.25342702865600586,,0.5307629108428955,0.2361459732055664,0.5032389163970947,0.25594401359558105,0.24883818626403809,0.5134568214416504,0.25934600830078125,1.1971042156219482,,0.25377416610717773,1.7985060214996338,1.2444381713867188,0.5491149425506592,0.9824178218841553,0.26596903800964355,,0.9654629230499268,,0.2326200008392334,0.26409196853637695,,0.5322620868682861,,,0.4982619285583496,0.5316638946533203,0.5444550514221191,0.2697772979736328,0.5531880855560303
1460,0.25329089164733887,0.5946719646453857,2.9316461086273193,,0.9109036922454834,0.8703258037567139,0.5310029983520508,0.5437440872192383,0.2493300437927246,,0.22965288162231445,0.23586201667785645,0.5278308391571045,0.30623912811279297,0.2548179626464844,2.285745859146118,0.2496938705444336,1.0216960906982422,,0.24291300773620605,,0.5742740631103516,0.4815711975097656,1.207211971282959,0.2755861282348633,0.22229623794555664,1.2158739566802979,0.23836684226989746,2.550379991531372,,0.25130271911621094,3.7111427783966064,0.9690167903900146,1.9159889221191406,1.284243106842041,0.2648279666900635,,0.9997661113739014,,0.2594180107116699,0.30371785163879395,,0.5396180152893066,,,0.49534058570861816,0.2185649871826172,0.5475468635559082,0.24782323837280273,0.6165518760681152
1461,0.23801803588867188,0.5509119033813477,1.2467257976531982,,0.5102779865264893,0.5382049083709717,0.9141428470611572,0.9751110076904297,0.24969196319580078,,0.23988795280456543,0.2725718021392822,1.5763227939605713,0.6046299934387207,0.26526808738708496,0.5498566627502441,0.2521860599517822,0.5846920013427734,,0.24916505813598633,,2.000147819519043,0.5482172966003418,0.522061824798584,0.24698114395141602,0.2678263187408447,0.28046703338623047,0.2601149082183838,0.5754497051239014,,0.23091411590576172,1.488243818283081,0.5329420566558838,0.9173953533172607,0.5616300106048584,0.26340508460998535,,0.5875849723815918,,0.25359082221984863,0.6059350967407227,,0.5419719219207764,,,0.5269019603729248,0.5290241241455078,0.5437219142913818,0.32728123664855957,0.5548009872436523
1462,0.2699921131134033,0.5575621128082275,1.8503668308258057,,0.2533590793609619,1.5767600536346436,0.5390558242797852,0.49918699264526367,0.22819304466247559,,0.275968074798584,0.24301695823669434,0.9190881252288818,0.6216959953308105,0.2532327175140381,0.5908100605010986,0.2637760639190674,0.6119358539581299,,0.2432560920715332,,0.5967659950256348,0.568699836730957,0.5110807418823242,0.2751739025115967,0.24579691886901855,0.5258569717407227,0.23673772811889648,0.9240367412567139,,0.23375797271728516,1.907792091369629,0.5445687770843506,2.8858871459960938,0.587472677230835,0.27944207191467285,,1.022477149963379,,0.2607741355895996,0.6387031078338623,,0.5957269668579102,,,0.5234863758087158,1.199157953262329,0.5069880485534668,0.2962219715118408,0.272691011428833
1463,0.2407081127166748,0.6134500503540039,0.2662472724914551,,0.5148890018463135,1.5659208297729492,2.6458230018615723,0.5308952331542969,0.24720001220703125,,0.23747014999389648,0.23363924026489258,1.8420798778533936,0.27421116828918457,0.2524600028991699,0.600156307220459,0.2507467269897461,0.6162440776824951,,0.2711329460144043,,0.5258009433746338,1.1644508838653564,0.5322861671447754,0.26732778549194336,0.25428318977355957,0.26471996307373047,0.27659106254577637,1.2597999572753906,,0.23318195343017578,1.426743745803833,0.8005881309509277,0.5798149108886719,0.25137829780578613,0.23844313621520996,,0.8831701278686523,,0.2410888671875,0.2875819206237793,,0.5815398693084717,,,0.5140531063079834,0.59352707862854,0.5167059898376465,0.24736809730529785,0.5447077751159668
1464,0.2634010314941406,0.5460309982299805,4.181941986083984,,0.2520930767059326,0.5227267742156982,0.8935580253601074,0.5251879692077637,0.26467323303222656,,0.23217058181762695,0.25413990020751953,0.5004947185516357,0.6389639377593994,0.2485508918762207,1.214707851409912,0.22652578353881836,0.2806079387664795,,0.27437520027160645,,0.5471398830413818,0.5485470294952393,0.8870689868927002,0.24586009979248047,0.25055694580078125,0.5198330879211426,0.23688292503356934,0.5271742343902588,,0.2319941520690918,1.4779860973358154,1.0405018329620361,1.1970157623291016,0.5647070407867432,0.26633119583129883,,1.0435411930084229,,0.2565491199493408,0.2473611831665039,,0.5481936931610107,,,0.8985557556152344,1.2363009452819824,0.5580341815948486,0.6347486972808838,0.6887490749359131
1465,0.23707890510559082,0.5797481536865234,0.576038122177124,,0.24903392791748047,1.3990049362182617,1.6074917316436768,0.5144820213317871,0.25052428245544434,,0.23132705688476562,0.24343180656433105,3.921262264251709,0.33908915519714355,0.2604939937591553,1.2645931243896484,0.24609088897705078,0.6118383407592773,,0.2678067684173584,,0.37157702445983887,0.5318031311035156,0.5139420032501221,0.280195951461792,0.22510075569152832,0.5681579113006592,0.2319200038909912,0.24396586418151855,,0.24563884735107422,0.6323950290679932,1.0130198001861572,0.5947079658508301,1.2994718551635742,0.2631702423095703,,1.0261452198028564,,0.26110386848449707,0.5792191028594971,,0.567612886428833,,,0.8569221496582031,0.5624489784240723,0.5209898948669434,0.31209492683410645,0.5420980453491211
1466,0.2604668140411377,0.5676259994506836,0.5457668304443359,,0.505316972732544,2.8431999683380127,0.9458451271057129,0.5462079048156738,0.24993491172790527,,0.23356175422668457,0.27131199836730957,0.4976999759674072,0.2984178066253662,0.23203611373901367,0.26497817039489746,0.2513248920440674,0.56070876121521,,0.26377391815185547,,1.1852049827575684,1.1668260097503662,0.5298960208892822,0.2882680892944336,0.24813508987426758,0.48369479179382324,0.2616598606109619,1.2986688613891602,,0.2586362361907959,2.3858110904693604,0.5363850593566895,0.5649051666259766,1.2763581275939941,0.2634298801422119,,0.3005099296569824,,0.2539680004119873,0.6133677959442139,,0.9308102130889893,,,0.5166060924530029,1.2343511581420898,0.5180461406707764,0.24928879737854004,0.276386022567749
1467,0.2531473636627197,0.5624940395355225,7.391503810882568,,0.5065038204193115,0.8780930042266846,0.9277801513671875,1.0568230152130127,0.25006794929504395,,0.2747650146484375,0.24001097679138184,0.545525074005127,0.2545919418334961,0.26265597343444824,0.23880600929260254,0.2677040100097656,0.2887697219848633,,0.26470088958740234,,0.5635809898376465,1.1980822086334229,0.8791511058807373,0.26706695556640625,0.23730802536010742,0.4871048927307129,0.23289108276367188,1.457751750946045,,0.239821195602417,2.5833301544189453,0.9702260494232178,1.5981390476226807,0.5782158374786377,0.28414487838745117,,0.2588651180267334,,0.26441097259521484,0.24054980278015137,,0.5329432487487793,,,3.6650261878967285,1.2279810905456543,0.5290229320526123,0.2333822250366211,0.2516927719116211
1468,0.25922703742980957,0.2538869380950928,4.615253925323486,,0.24262785911560059,1.6034743785858154,1.5972800254821777,0.9133071899414062,0.25014781951904297,,0.2307140827178955,0.2569241523742676,0.5428869724273682,0.30096888542175293,0.9647560119628906,0.6375441551208496,0.2417600154876709,0.5849180221557617,,0.2628769874572754,,0.5681910514831543,2.2063522338867188,0.5470237731933594,0.27251100540161133,0.23071002960205078,0.5464708805084229,0.24895501136779785,0.5117120742797852,,0.25664401054382324,2.7550551891326904,0.965386152267456,2.006760358810425,1.6898410320281982,0.2619659900665283,,1.6954269409179688,,0.26305603981018066,0.6384718418121338,,0.5438899993896484,,,1.2569329738616943,1.2358388900756836,0.9288439750671387,0.9812960624694824,0.5595219135284424
1469,0.2376248836517334,0.5844998359680176,3.7482190132141113,,0.9205608367919922,1.9247019290924072,0.4666781425476074,1.5889239311218262,0.24106907844543457,,0.24682092666625977,0.24095678329467773,0.8483421802520752,0.2798588275909424,0.24211502075195312,1.8359551429748535,0.25838780403137207,0.2897791862487793,,0.2435758113861084,,0.5588641166687012,0.5042901039123535,0.5002570152282715,0.2726109027862549,0.2438662052154541,0.237562894821167,0.26268601417541504,1.4628667831420898,,0.2489616870880127,2.1911191940307617,0.5581560134887695,0.6153199672698975,1.2593252658843994,0.25985097885131836,,0.882087230682373,,0.23540186882019043,0.2634761333465576,,0.5482370853424072,,,0.8668742179870605,0.5180811882019043,0.5157148838043213,0.3035619258880615,0.5785889625549316
1470,0.23508405685424805,0.2588770389556885,0.5125360488891602,,0.23895502090454102,1.2114980220794678,0.5293397903442383,0.9315860271453857,0.2506561279296875,,0.2590000629425049,0.23214006423950195,0.8289399147033691,0.29711294174194336,0.2688271999359131,1.9071428775787354,0.23955512046813965,0.5870509147644043,,0.25168895721435547,,0.5209619998931885,1.2370100021362305,0.8548119068145752,0.27532100677490234,0.25145697593688965,0.5134799480438232,0.2360858917236328,1.5207741260528564,,0.27080512046813965,0.9106040000915527,1.2497272491455078,0.5271270275115967,0.2895681858062744,0.24052691459655762,,0.9726169109344482,,0.2633981704711914,0.6449358463287354,,1.265333890914917,,,0.8611369132995605,1.2037687301635742,0.552069902420044,0.24280500411987305,0.2845950126647949
1471,0.2590780258178711,0.24348902702331543,3.036242961883545,,1.3892991542816162,1.242722988128662,0.4893927574157715,1.2278118133544922,0.2480781078338623,,0.25890088081359863,0.27417588233947754,0.5149440765380859,0.33789992332458496,0.23120713233947754,1.9139282703399658,0.2333240509033203,0.5762631893157959,,0.2457718849182129,,0.5632021427154541,0.30787110328674316,1.061263084411621,0.2521679401397705,0.2665419578552246,0.2629849910736084,0.26184797286987305,0.5272138118743896,,0.23644471168518066,2.2955009937286377,0.2843639850616455,1.2128169536590576,1.2872328758239746,0.23641300201416016,,1.4078261852264404,,0.2816641330718994,0.25362205505371094,,0.5441679954528809,,,2.931346893310547,1.1756181716918945,0.5214951038360596,0.2665719985961914,0.268110990524292
1472,0.25231099128723145,0.26659464836120605,10.556934833526611,,0.2685840129852295,0.5437369346618652,0.9096517562866211,0.5351033210754395,0.24956798553466797,,0.2562079429626465,0.23668885231018066,1.1594672203063965,0.28310704231262207,0.23419499397277832,1.2343530654907227,0.265045166015625,0.5614640712738037,,0.24583983421325684,,0.5944390296936035,0.5710968971252441,0.5116133689880371,0.28125691413879395,0.23868012428283691,0.26521801948547363,0.23461580276489258,1.237187147140503,,0.22902131080627441,3.259181022644043,0.29071998596191406,3.3135368824005127,1.0207841396331787,0.25936317443847656,,2.4320690631866455,,0.265474796295166,1.0136568546295166,,0.5629181861877441,,,0.5122532844543457,1.2276380062103271,0.5088720321655273,0.27373385429382324,0.671734094619751
1473,0.26175689697265625,0.26349973678588867,5.319871187210083,,0.2493150234222412,0.5713317394256592,1.5531060695648193,5.328678131103516,0.252575159072876,,0.2577681541442871,0.2595210075378418,0.5676009654998779,0.2994680404663086,0.26415491104125977,3.0527141094207764,0.26166701316833496,0.587982177734375,,0.24827098846435547,,0.6303789615631104,0.5211708545684814,1.612847089767456,0.3033409118652344,0.2203388214111328,0.5442550182342529,0.24738192558288574,0.9146921634674072,,0.24128103256225586,3.1135549545288086,0.534937858581543,0.5543780326843262,1.279587745666504,0.26460957527160645,,2.081171989440918,,0.23217391967773438,1.2856788635253906,,0.5557279586791992,,,1.5375571250915527,0.9826891422271729,0.5150799751281738,0.27434492111206055,0.28440093994140625
1474,0.26639604568481445,0.3635439872741699,0.2600538730621338,,0.25018310546875,1.1691970825195312,0.8794722557067871,1.1055569648742676,0.26451802253723145,,0.24648714065551758,0.2365102767944336,1.561115026473999,0.6344761848449707,0.2342510223388672,0.521151065826416,0.2635190486907959,0.29245710372924805,,0.24745416641235352,,0.8826799392700195,0.48871397972106934,0.5673420429229736,0.26903510093688965,0.23792695999145508,0.24021196365356445,0.26267409324645996,0.540107011795044,,0.233673095703125,2.1543490886688232,1.2951200008392334,1.5811879634857178,0.5876450538635254,0.26358795166015625,,0.28336405754089355,,0.2621879577636719,0.6521580219268799,,0.5344500541687012,,,0.5295789241790771,0.5772271156311035,0.5015521049499512,0.2526559829711914,0.31702566146850586
1475,0.2626821994781494,0.27307796478271484,4.805614948272705,,0.2418990135192871,2.2778937816619873,2.2203187942504883,0.5353550910949707,0.24916315078735352,,0.22858715057373047,0.23336315155029297,0.5488390922546387,0.6401631832122803,0.23762083053588867,2.675969123840332,0.2648007869720459,0.3002920150756836,,0.24620890617370605,,0.9191522598266602,1.2179529666900635,0.5012297630310059,0.2830326557159424,0.22644972801208496,0.26220011711120605,0.23477983474731445,0.21779727935791016,,0.25025272369384766,6.688393831253052,0.995640754699707,0.5309860706329346,0.5732989311218262,0.26497316360473633,,0.9980499744415283,,0.24954485893249512,0.25219202041625977,,0.9622561931610107,,,1.3003602027893066,1.237065076828003,0.5428338050842285,0.25472307205200195,0.5710022449493408
1476,0.26300811767578125,0.2625899314880371,16.351778030395508,,0.9697446823120117,0.8982791900634766,0.47762084007263184,0.5278599262237549,0.24126696586608887,,0.2453460693359375,0.2711179256439209,0.910789966583252,0.2715749740600586,0.24949312210083008,1.2509686946868896,0.23767995834350586,0.5648977756500244,,0.2581648826599121,,0.5329320430755615,1.1009368896484375,2.8948240280151367,0.272921085357666,0.26277589797973633,0.49425482749938965,0.2638249397277832,1.2215161323547363,,0.23214006423950195,7.4521379470825195,1.1878831386566162,1.1987597942352295,1.2836427688598633,0.26152920722961426,,1.7407512664794922,,0.26700687408447266,0.6529178619384766,,0.5640640258789062,,,6.237612009048462,0.5375630855560303,0.5355980396270752,0.2787599563598633,0.316547155380249
1477,0.25266504287719727,0.44568777084350586,3.245742082595825,,0.5511400699615479,0.5567939281463623,1.2363710403442383,2.508467197418213,0.22490692138671875,,0.2694966793060303,0.23173117637634277,2.856865167617798,0.2831408977508545,0.9346790313720703,1.2235169410705566,0.27485013008117676,0.30472397804260254,,0.24158096313476562,,0.9473662376403809,0.8952507972717285,0.5321791172027588,0.2711212635040283,0.26111793518066406,0.2798459529876709,0.2327101230621338,1.2094998359680176,,0.23445868492126465,2.807703971862793,0.7744288444519043,0.5331089496612549,0.6677429676055908,0.2543649673461914,,2.3265349864959717,,0.5140769481658936,0.26265716552734375,,0.9942200183868408,,,4.888276100158691,1.1082849502563477,0.5294337272644043,0.29532814025878906,0.5589888095855713
1478,0.23679685592651367,0.24551081657409668,3.322172164916992,,0.24419307708740234,1.2100930213928223,1.166409969329834,0.5110151767730713,0.23103690147399902,,0.2558720111846924,0.24227213859558105,1.245009183883667,0.282027006149292,0.24422407150268555,0.5268139839172363,0.23963284492492676,0.6114828586578369,,0.2478342056274414,,0.5635561943054199,0.5458090305328369,0.5012531280517578,0.266124963760376,0.23120617866516113,0.8856198787689209,0.25032711029052734,1.5323052406311035,,0.23210906982421875,1.671294927597046,0.9943211078643799,0.5158252716064453,1.2434728145599365,0.23606395721435547,,3.1627731323242188,,0.2497560977935791,0.26072120666503906,,1.2684268951416016,,,1.9196252822875977,1.2116098403930664,0.5023589134216309,0.2621479034423828,0.5764298439025879
1479,0.25108909606933594,0.5902049541473389,4.269282102584839,,0.5032622814178467,1.5554771423339844,1.5085687637329102,0.5115458965301514,0.24940109252929688,,0.2334127426147461,0.23682594299316406,0.8876707553863525,1.1634278297424316,0.2331690788269043,1.2476279735565186,0.23727679252624512,0.584169864654541,,0.24709296226501465,,0.9162232875823975,0.2423539161682129,0.5486228466033936,0.2772197723388672,0.23741507530212402,0.24900412559509277,0.25301599502563477,1.5357329845428467,,0.23102617263793945,2.9997990131378174,0.9912428855895996,2.6440577507019043,1.2386970520019531,0.25861692428588867,,0.6358520984649658,,0.497816801071167,0.5719170570373535,,0.5540769100189209,,,1.1834590435028076,0.5459909439086914,0.4987671375274658,0.26007771492004395,0.5428149700164795
1480,0.2446742057800293,0.5758121013641357,8.926201105117798,,0.2338871955871582,2.292095899581909,0.5189430713653564,0.5394399166107178,0.23927593231201172,,0.2317366600036621,0.26387786865234375,1.4889881610870361,0.25398826599121094,0.25244593620300293,0.2640829086303711,0.2475578784942627,0.5824840068817139,,0.24984502792358398,,0.5646390914916992,0.5390868186950684,0.7309789657592773,0.27501511573791504,0.22212505340576172,0.5935139656066895,0.23129010200500488,1.90299391746521,,0.24438071250915527,0.24986028671264648,1.2576220035552979,1.2140851020812988,0.3226141929626465,0.26870107650756836,,1.3256030082702637,,0.8694279193878174,0.7785217761993408,,0.9491050243377686,,,0.4993581771850586,0.5386538505554199,0.5270531177520752,0.2714650630950928,0.6128082275390625
1481,0.25360703468322754,0.578681230545044,17.620060205459595,,0.23262786865234375,1.2371642589569092,1.931912899017334,0.4940822124481201,0.22521209716796875,,0.23346710205078125,0.2826838493347168,2.4919168949127197,0.8530280590057373,0.2400829792022705,0.5634682178497314,0.2455296516418457,0.28546690940856934,,0.2458939552307129,,1.2658782005310059,0.9800078868865967,1.1949830055236816,0.2851121425628662,0.2675161361694336,0.5317261219024658,0.25330519676208496,0.9873790740966797,,0.26010775566101074,6.570276737213135,1.6634421348571777,0.5662000179290771,0.5588209629058838,0.25978779792785645,,1.379647970199585,,0.27343106269836426,0.28670597076416016,,1.2004380226135254,,,0.4786999225616455,0.5635030269622803,0.5322268009185791,0.2740302085876465,0.5407679080963135
1482,0.2608020305633545,0.5831499099731445,15.33779001235962,,0.8900144100189209,7.135986089706421,1.5953459739685059,1.1758289337158203,0.24332499504089355,,0.2473900318145752,0.2703409194946289,1.1040802001953125,0.2981870174407959,0.26082682609558105,0.7355520725250244,0.26892900466918945,0.5744051933288574,,0.24592089653015137,,0.5657551288604736,1.1045520305633545,1.1880371570587158,0.27313899993896484,0.223283052444458,0.9212620258331299,0.23827505111694336,1.5230817794799805,,0.24297094345092773,6.737282991409302,1.016205072402954,4.348989248275757,0.9611592292785645,0.28275394439697266,,1.3708009719848633,,0.5491750240325928,0.5584638118743896,,1.17140793800354,,,0.5128090381622314,1.1840929985046387,0.534149169921875,0.27782177925109863,0.27019405364990234
1483,0.25197434425354004,0.5514938831329346,17.73893690109253,,0.27524662017822266,1.23409104347229,2.201146125793457,0.549342155456543,0.2500932216644287,,0.23214483261108398,0.25151586532592773,2.487473964691162,0.3158719539642334,0.8815338611602783,0.5675830841064453,0.24245214462280273,0.305217981338501,,0.24080705642700195,,1.285452127456665,0.9020359516143799,1.1775150299072266,0.2984049320220947,0.23948383331298828,0.5141990184783936,0.27932286262512207,0.5310609340667725,,0.25388288497924805,1.1813457012176514,1.0038700103759766,3.9645578861236572,0.6293258666992188,0.2630949020385742,,0.2638840675354004,,0.2305290699005127,0.5697829723358154,,1.1274850368499756,,,1.9156310558319092,0.5309329032897949,0.553264856338501,0.2366809844970703,0.6311290264129639
1484,0.24115729331970215,0.5511300563812256,12.365031242370605,,0.23107600212097168,6.256500005722046,0.5070679187774658,0.5050449371337891,0.24175620079040527,,0.256364107131958,0.2401721477508545,0.5304749011993408,0.25650715827941895,0.23424410820007324,1.243798017501831,0.25994014739990234,0.3066120147705078,,0.26202917098999023,,0.5912930965423584,1.1249780654907227,0.5189120769500732,0.26914119720458984,0.23095393180847168,0.5605111122131348,0.2354722023010254,0.525252103805542,,0.25069403648376465,2.170624017715454,1.641313076019287,0.5646169185638428,0.5723600387573242,0.2386939525604248,,1.7006328105926514,,0.248521089553833,0.6088390350341797,,1.2127389907836914,,,0.547623872756958,1.18218994140625,0.8668949604034424,0.28209996223449707,0.23396897315979004
1485,0.2374870777130127,0.5652449131011963,1.5766878128051758,,0.9164669513702393,1.5694520473480225,0.5142488479614258,3.138101816177368,0.24913883209228516,,0.24598288536071777,0.2316112518310547,0.6177318096160889,0.2909820079803467,0.2658071517944336,0.24974274635314941,0.2611887454986572,0.6535322666168213,,0.2488877773284912,,0.5239300727844238,0.5172040462493896,3.946913003921509,0.2505831718444824,0.24053406715393066,0.5507628917694092,0.2597811222076416,1.2662289142608643,,0.266402006149292,1.1731600761413574,0.5933361053466797,1.196626901626587,1.003342866897583,0.23653817176818848,,4.632012844085693,,0.23563313484191895,0.2611660957336426,,0.5744647979736328,,,0.8969290256500244,1.2112171649932861,0.48557019233703613,0.27347683906555176,0.2665071487426758
1486,0.25834012031555176,0.5635221004486084,1.1405248641967773,,0.2626681327819824,0.5858738422393799,2.2706120014190674,0.5350568294525146,0.25366902351379395,,0.2566049098968506,0.2761189937591553,2.5659987926483154,0.2735469341278076,1.146934986114502,1.9046669006347656,0.23570919036865234,0.5744118690490723,,0.24708008766174316,,0.5283551216125488,1.1047277450561523,0.5293049812316895,0.2560911178588867,0.24268198013305664,0.5328290462493896,0.23901700973510742,0.36316800117492676,,0.24545526504516602,0.9133968353271484,1.2858428955078125,0.5337400436401367,0.2962000370025635,0.24818801879882812,,1.388603925704956,,0.2310950756072998,0.2892439365386963,,1.2242579460144043,,,0.5362808704376221,0.5514500141143799,0.5529789924621582,0.25301575660705566,0.2609102725982666
1487,0.2825510501861572,0.5812110900878906,5.581488847732544,,0.21967387199401855,7.203101873397827,0.93038010597229,0.5343921184539795,0.2480146884918213,,0.2533729076385498,0.2407071590423584,0.5820760726928711,0.2785451412200928,0.21680593490600586,0.23449182510375977,0.2822108268737793,0.6046788692474365,,0.2493727207183838,,0.5796422958374023,0.5527768135070801,0.5514562129974365,0.2614877223968506,0.23551225662231445,0.2372419834136963,0.23088693618774414,1.2208991050720215,,0.22662997245788574,2.2342913150787354,1.278752088546753,0.5487899780273438,1.2818360328674316,0.26557183265686035,,2.0726780891418457,,0.23316693305969238,1.0284948348999023,,1.5533969402313232,,,0.5031578540802002,0.5582320690155029,4.280797958374023,0.27246999740600586,0.2942841053009033
1488,0.26595282554626465,0.5731062889099121,3.5248608589172363,,0.2599649429321289,2.887723922729492,0.9181230068206787,0.5620429515838623,0.2501208782196045,,0.2301187515258789,0.26030397415161133,3.537606716156006,0.29607105255126953,0.9198169708251953,1.236421823501587,0.26740217208862305,0.5913631916046143,,0.27350282669067383,,0.5784881114959717,0.5053050518035889,1.2001991271972656,0.28125905990600586,0.21960210800170898,0.5108978748321533,0.275177001953125,0.5483541488647461,,0.24859285354614258,1.482187032699585,0.5622272491455078,1.198138952255249,1.2929980754852295,0.24857282638549805,,0.6368041038513184,,0.23251914978027344,0.24493622779846191,,0.5273129940032959,,,4.876809120178223,0.5068812370300293,0.5437171459197998,0.25339174270629883,0.5443527698516846
1489,0.2643270492553711,0.5668621063232422,1.6307039260864258,,0.25847697257995605,0.6952838897705078,2.2383759021759033,1.1844019889831543,0.26581788063049316,,0.23218703269958496,0.2339489459991455,0.9084329605102539,0.2970852851867676,0.23165607452392578,0.6006689071655273,0.2628669738769531,0.5871889591217041,,0.25748109817504883,,0.5521509647369385,1.1718368530273438,1.887474775314331,0.25963306427001953,0.23527002334594727,0.478151798248291,0.23524880409240723,0.8897867202758789,,0.24152684211730957,1.4548897743225098,0.5394487380981445,0.5330078601837158,0.4075357913970947,0.2478349208831787,,1.3199138641357422,,0.24959802627563477,0.29610323905944824,,0.5466699600219727,,,1.304084062576294,0.5634355545043945,0.6616289615631104,0.23327016830444336,0.27249979972839355
1490,0.26139402389526367,0.556128978729248,17.63578701019287,,0.24677014350891113,0.8597891330718994,0.4988079071044922,0.6976141929626465,0.24952220916748047,,0.22928309440612793,0.261171817779541,1.5249080657958984,1.0568609237670898,0.44168615341186523,1.9529080390930176,0.26320886611938477,0.6058039665222168,,0.24254083633422852,,1.199601173400879,0.5486400127410889,0.21853280067443848,0.2956080436706543,0.23128485679626465,0.4165208339691162,0.2623910903930664,2.4508769512176514,,0.24892497062683105,4.443779945373535,1.2031080722808838,1.1699073314666748,0.5934910774230957,0.2489759922027588,,0.2640089988708496,,0.23115181922912598,0.5777180194854736,,0.5342068672180176,,,0.509692907333374,0.5627939701080322,0.7458987236022949,0.28920483589172363,0.29134607315063477
1491,0.26449012756347656,0.5550539493560791,17.496012926101685,,0.2647881507873535,0.2384791374206543,0.897252082824707,4.867478132247925,0.2229747772216797,,0.23004698753356934,0.25263309478759766,3.558194398880005,0.28205418586730957,0.252701997756958,0.26229000091552734,0.2376110553741455,0.28439879417419434,,0.27904582023620605,,1.2406249046325684,0.545058012008667,1.8594820499420166,0.286862850189209,0.2547111511230469,0.5619850158691406,0.23863554000854492,0.5111238956451416,,0.23198699951171875,2.2217259407043457,0.5610470771789551,10.908649206161499,0.5720288753509521,0.24474883079528809,,5.327495813369751,,0.2269430160522461,0.6066410541534424,,0.8648838996887207,,,0.5352041721343994,1.1937711238861084,0.6319949626922607,0.27940797805786133,0.5850210189819336
1492,0.2599649429321289,0.548882246017456,5.881133079528809,,0.2464580535888672,0.6405611038208008,0.5162899494171143,0.5030069351196289,0.252748966217041,,0.2517988681793213,0.23337507247924805,0.8419339656829834,0.2998054027557373,0.23926496505737305,0.5611488819122314,0.27553486824035645,0.6079530715942383,,0.2693490982055664,,0.5450921058654785,0.5555613040924072,1.8637690544128418,0.2953319549560547,0.23044419288635254,0.5497739315032959,0.258756160736084,0.9135081768035889,,0.23625683784484863,0.9137239456176758,0.25212574005126953,3.616291046142578,0.564035177230835,0.26334381103515625,,0.9994940757751465,,0.22818684577941895,0.6316530704498291,,0.9037058353424072,,,3.5809738636016846,0.5330488681793213,0.4924640655517578,0.26162195205688477,0.5587160587310791
1493,0.259868860244751,0.559952974319458,4.9486589431762695,,0.24702692031860352,0.5494232177734375,0.8734440803527832,2.938387870788574,0.24742698669433594,,0.23076415061950684,0.2608048915863037,3.871401071548462,0.29960107803344727,0.24890708923339844,0.5667650699615479,0.23663592338562012,0.29126477241516113,,0.2512998580932617,,0.576120138168335,0.5285091400146484,1.2479617595672607,0.28468799591064453,0.24143218994140625,0.54703688621521,0.253309965133667,3.2649006843566895,,0.25942420959472656,1.1845860481262207,0.9733772277832031,1.1657142639160156,1.3087959289550781,0.23328399658203125,,1.4262971878051758,,0.24496006965637207,0.6062321662902832,,0.5762488842010498,,,0.49971699714660645,0.5478990077972412,0.5277490615844727,0.31190991401672363,0.6455967426300049
1494,0.2662830352783203,0.5618588924407959,9.004719972610474,,0.28358983993530273,10.128915071487427,2.8060600757598877,0.5244371891021729,0.268341064453125,,0.23267602920532227,0.2348930835723877,1.4645109176635742,0.2799959182739258,0.5502338409423828,1.9342520236968994,0.23485994338989258,0.6147489547729492,,0.2478320598602295,,1.2947871685028076,0.5503249168395996,0.5546770095825195,0.3004121780395508,0.22393202781677246,0.5388989448547363,0.25797176361083984,0.8865468502044678,,0.22771573066711426,0.9247002601623535,1.252838134765625,0.5305581092834473,1.6296038627624512,0.25615525245666504,,0.9688630104064941,,0.2720210552215576,0.6041898727416992,,0.5507910251617432,,,6.456788063049316,1.1848499774932861,0.5428028106689453,0.2800760269165039,0.5445089340209961
1495,0.2618591785430908,0.562067985534668,,,0.24224209785461426,0.9152538776397705,0.5115771293640137,0.5037181377410889,0.24872088432312012,,0.23817181587219238,0.2639188766479492,1.5619502067565918,0.27907824516296387,0.25777721405029297,2.657217025756836,0.2609841823577881,0.5934979915618896,,0.24649810791015625,,0.6284501552581787,0.524111270904541,1.241312026977539,0.27591490745544434,0.22023510932922363,0.5469720363616943,0.2350599765777588,0.5413520336151123,,0.2534971237182617,1.71970796585083,0.9314110279083252,1.1804912090301514,0.5692179203033447,0.23958611488342285,,0.6254410743713379,,0.24796319007873535,0.6118149757385254,,0.5626888275146484,,,1.2374892234802246,0.6283011436462402,0.49730396270751953,0.2694978713989258,0.5399260520935059
1496,0.266589879989624,0.529799222946167,,,0.2552030086517334,0.9176239967346191,0.5307619571685791,0.5157489776611328,0.25159692764282227,,0.2547190189361572,0.2811770439147949,0.9211061000823975,0.27681779861450195,0.24118709564208984,0.707082986831665,0.26373815536499023,0.593148946762085,,0.2641270160675049,,1.2060658931732178,0.49511003494262695,0.5312538146972656,0.2843639850616455,0.25218796730041504,0.9370598793029785,0.26508426666259766,1.2185020446777344,,0.25931620597839355,4.48946475982666,0.9703712463378906,0.5678880214691162,0.6343972682952881,0.2624399662017822,,1.9193389415740967,,0.2500040531158447,0.6066758632659912,,3.333564043045044,,,0.5475060939788818,1.3897409439086914,0.48943209648132324,0.259829044342041,0.2852339744567871
1497,0.2799968719482422,0.5784850120544434,,,0.2593257427215576,1.2078540325164795,0.5066506862640381,0.9731760025024414,0.24763274192810059,,0.24654698371887207,0.26496386528015137,0.5260369777679443,0.3205430507659912,0.9311769008636475,0.5827569961547852,0.28072094917297363,0.2877480983734131,,0.24738526344299316,,0.5575809478759766,0.5053801536560059,1.9550378322601318,0.2958688735961914,0.2368917465209961,0.7938048839569092,0.2635209560394287,0.5160109996795654,,0.24309182167053223,4.388925790786743,0.22758698463439941,0.5799610614776611,0.35535192489624023,0.2788259983062744,,2.1129090785980225,,0.23793625831604004,0.5699210166931152,,0.5478169918060303,,,1.5794970989227295,0.5304980278015137,0.530170202255249,0.24944305419921875,0.2871832847595215
1498,0.2642488479614258,0.5334515571594238,,,0.23836803436279297,2.2245821952819824,0.9422357082366943,0.6719310283660889,0.22507691383361816,,0.24248409271240234,0.264188289642334,0.5481939315795898,0.28609371185302734,0.23235201835632324,1.2006888389587402,0.2378840446472168,0.278670072555542,,0.2422478199005127,,0.2501809597015381,0.5386478900909424,0.21866178512573242,0.30815696716308594,0.2280101776123047,0.9471299648284912,0.2561039924621582,0.5629897117614746,,0.25689220428466797,1.4982831478118896,0.25739336013793945,0.5502877235412598,0.6097867488861084,0.2374589443206787,,0.6306769847869873,,0.22607803344726562,0.2437880039215088,,0.5313060283660889,,,0.5208649635314941,0.5255570411682129,0.5159451961517334,0.2737081050872803,0.5455238819122314
1499,0.24137067794799805,0.6103489398956299,,,0.254575252532959,0.726283073425293,0.9144120216369629,0.8558878898620605,0.26783299446105957,,0.24748682975769043,0.23378920555114746,0.5339372158050537,0.28868722915649414,0.2593507766723633,1.2077507972717285,0.25937485694885254,0.26561999320983887,,0.2726011276245117,,0.5297799110412598,0.5646021366119385,1.1697280406951904,0.29078078269958496,0.24358797073364258,0.9616529941558838,0.2577087879180908,1.503558874130249,,0.24204802513122559,3.2779979705810547,0.973452091217041,0.5816340446472168,0.6661357879638672,0.249359130859375,,2.358880043029785,,0.22905683517456055,1.3402740955352783,,0.9366240501403809,,,0.9106240272521973,0.5434880256652832,0.5375306606292725,0.2798750400543213,0.5443310737609863
1500,0.26021289825439453,0.5583257675170898,,,0.23046207427978516,0.9369230270385742,1.5873348712921143,0.8777496814727783,0.2490229606628418,,0.258958101272583,0.26626086235046387,0.5350091457366943,0.2955300807952881,0.23558926582336426,1.9085910320281982,0.26038336753845215,0.6434769630432129,,0.25654101371765137,,0.5258898735046387,1.1828668117523193,0.5858221054077148,0.2579188346862793,0.22164607048034668,0.5314688682556152,0.2371509075164795,0.5444438457489014,,0.27064967155456543,5.614565849304199,0.23988819122314453,0.5255780220031738,1.002164363861084,0.23415112495422363,,7.5494420528411865,,0.234954833984375,1.368962049484253,,0.9097390174865723,,,0.913118839263916,1.2208521366119385,0.8560287952423096,0.2774169445037842,0.6474382877349854
1501,0.27168798446655273,0.5534110069274902,,,0.2393190860748291,17.449039220809937,0.5075991153717041,0.5524899959564209,0.24497509002685547,,0.23774409294128418,0.2805979251861572,0.891815185546875,0.27779388427734375,0.2631871700286865,0.5725901126861572,0.246506929397583,0.5835068225860596,,0.2826828956604004,,0.6341261863708496,0.5271501541137695,0.8372688293457031,0.27765488624572754,0.26436400413513184,0.9888219833374023,0.25861310958862305,0.8840041160583496,,0.25490307807922363,1.882200002670288,1.2897729873657227,0.5317721366882324,0.38010382652282715,0.2645258903503418,,2.439464807510376,,0.2544529438018799,0.5799570083618164,,0.5586209297180176,,,0.5194721221923828,0.5203759670257568,0.5757761001586914,0.6105260848999023,0.2643120288848877
1502,0.267974853515625,0.5462331771850586,,,0.2319948673248291,5.176123857498169,1.517076015472412,0.534736156463623,0.25790905952453613,,0.2501108646392822,0.23708605766296387,1.7734849452972412,1.0523409843444824,0.2514078617095947,1.8878610134124756,0.25952887535095215,0.793097972869873,,0.28377819061279297,,0.5319452285766602,0.5102250576019287,0.5535469055175781,0.2736780643463135,0.2248549461364746,0.9270179271697998,0.23543715476989746,0.5282957553863525,,0.23416495323181152,10.634297132492065,2.31547474861145,0.5271518230438232,0.2572762966156006,0.26550889015197754,,0.6500029563903809,,0.22258472442626953,1.112739086151123,,1.0431621074676514,,,0.8742561340332031,0.580280065536499,0.49811387062072754,0.25930118560791016,0.2832450866699219
1503,0.24286365509033203,0.5829520225524902,,,0.24802088737487793,6.329602003097534,0.8666198253631592,0.5337831974029541,0.24700284004211426,,0.22891902923583984,0.25992798805236816,0.4984629154205322,0.2686913013458252,0.25986719131469727,0.5606052875518799,0.25612974166870117,0.3004631996154785,,0.26193809509277344,,0.5275602340698242,0.49213314056396484,0.26635289192199707,0.2953619956970215,0.2432560920715332,0.22335433959960938,0.28074193000793457,0.507530927658081,,0.2551238536834717,1.2314989566802979,1.2936220169067383,1.1800007820129395,0.5733890533447266,0.2608671188354492,,1.318932056427002,,0.25157928466796875,0.6106150150299072,,1.5523710250854492,,,0.9048130512237549,0.5311248302459717,0.3816959857940674,0.2617757320404053,0.5455248355865479
1504,0.2539479732513428,0.5580348968505859,,,0.2182481288909912,10.389991998672485,0.9125499725341797,0.9603502750396729,0.2661879062652588,,0.22835516929626465,0.2664811611175537,1.2642817497253418,0.2925448417663574,0.23800921440124512,2.3667032718658447,0.24203801155090332,0.5389790534973145,,0.26009607315063477,,0.5446970462799072,0.5156228542327881,1.2260732650756836,0.28679800033569336,0.25208401679992676,0.9604959487915039,0.26561903953552246,1.8918519020080566,,0.2427811622619629,5.238655090332031,1.2474000453948975,0.5466518402099609,0.6065678596496582,0.26294398307800293,,2.81276535987854,,0.24306607246398926,0.6414082050323486,,1.5747787952423096,,,1.9174251556396484,1.3970592021942139,0.4960932731628418,0.24925899505615234,0.28976011276245117
1505,0.24169611930847168,0.5921070575714111,,,0.8962569236755371,3.5022377967834473,1.9101309776306152,0.5359392166137695,0.2478787899017334,,0.22940897941589355,0.2635061740875244,2.4426329135894775,0.3026149272918701,0.5245699882507324,4.436959981918335,0.2585458755493164,0.2599599361419678,,0.24228191375732422,,0.8690581321716309,1.1938490867614746,1.2424981594085693,0.2663748264312744,0.25745677947998047,0.930305004119873,0.26494574546813965,3.645772933959961,,0.2672238349914551,4.14251184463501,0.5594141483306885,1.2162539958953857,0.5965080261230469,0.26392412185668945,,0.9949657917022705,,0.23149800300598145,0.619027853012085,,1.2808640003204346,,,1.5429019927978516,1.3676416873931885,0.51407790184021,0.2609670162200928,0.5574960708618164
1506,0.2485942840576172,0.5614299774169922,,,0.2487030029296875,14.7028067111969,0.8970730304718018,0.5345110893249512,0.22836780548095703,,0.23040103912353516,0.2801632881164551,2.28753399848938,1.0628905296325684,0.23680377006530762,0.9108288288116455,0.23872780799865723,0.5712108612060547,,0.26761484146118164,,0.5245730876922607,0.5484600067138672,2.6838572025299072,0.25622010231018066,0.2543008327484131,0.9080789089202881,0.2654111385345459,3.637416124343872,,0.253978967666626,3.221298933029175,2.394315004348755,0.5489323139190674,1.069793939590454,0.25902700424194336,,1.021737813949585,,0.2590768337249756,1.4019191265106201,,0.9712200164794922,,,0.5387930870056152,1.1537959575653076,0.4851219654083252,0.2693970203399658,0.2748076915740967
1507,0.2565009593963623,0.548691987991333,,,0.2338550090789795,17.552829265594482,2.235882043838501,0.5299551486968994,0.2465651035308838,,0.25223803520202637,0.23843908309936523,2.4877889156341553,0.31402587890625,0.27667689323425293,0.9505119323730469,0.26708507537841797,0.9592750072479248,,0.2795438766479492,,1.1984272003173828,0.532757043838501,0.7989640235900879,0.2530629634857178,0.2279949188232422,0.901745080947876,0.23537993431091309,0.5282542705535889,,0.2498788833618164,4.2079150676727295,0.5354981422424316,0.560554027557373,2.1341381072998047,0.2821540832519531,,3.9473230838775635,,0.25817394256591797,1.0243520736694336,,1.600329875946045,,,2.252027750015259,0.5309288501739502,1.1620678901672363,0.25217723846435547,0.2954690456390381
1508,0.24529290199279785,0.5242607593536377,,,1.163424015045166,5.470231771469116,0.5489659309387207,1.1427268981933594,0.2572660446166992,,0.26091909408569336,0.2642476558685303,0.4989449977874756,0.29028773307800293,0.938349723815918,0.9479758739471436,0.25305819511413574,0.814655065536499,,0.26596784591674805,,0.5166139602661133,0.5326640605926514,2.5727999210357666,0.27622389793395996,0.24272513389587402,0.9168362617492676,0.2689478397369385,2.2300901412963867,,0.24310612678527832,4.850372076034546,0.5632710456848145,0.5510580539703369,0.5753400325775146,0.24014687538146973,,0.27326369285583496,,0.23413395881652832,0.27650904655456543,,1.2280218601226807,,,0.49526000022888184,0.5304961204528809,0.5196139812469482,0.2674367427825928,0.6100728511810303
1509,0.25357890129089355,0.25196194648742676,,,0.23240280151367188,15.628570079803467,1.5636358261108398,0.9709718227386475,0.2526531219482422,,0.23948884010314941,0.2630791664123535,0.5007569789886475,0.292863130569458,1.6549029350280762,0.5969290733337402,0.23619723320007324,0.2843821048736572,,0.2651510238647461,,0.532296895980835,0.5519380569458008,0.48159313201904297,0.27468228340148926,0.24239492416381836,0.9129431247711182,0.2533538341522217,0.524526834487915,,0.22984766960144043,2.5235469341278076,0.5705678462982178,0.5794413089752197,1.558279275894165,0.26689910888671875,,1.358957052230835,,0.23164010047912598,0.6345038414001465,,0.9656400680541992,,,1.1504759788513184,1.1977858543395996,0.5084559917449951,0.29680919647216797,0.5409607887268066
1510,0.24105024337768555,0.5612900257110596,,,0.23277020454406738,0.23422694206237793,0.9367697238922119,0.5365438461303711,0.22889018058776855,,0.2577528953552246,0.266071081161499,2.2311301231384277,0.3015329837799072,0.6158468723297119,0.9369809627532959,0.26529574394226074,0.26305270195007324,,0.25760316848754883,,0.5512139797210693,1.1785340309143066,0.24301600456237793,0.2880897521972656,0.2240617275238037,0.5457737445831299,0.2372269630432129,0.5436909198760986,,0.2690160274505615,10.057837963104248,0.5789511203765869,0.5325751304626465,1.0539469718933105,0.2573411464691162,,1.7093629837036133,,0.5324511528015137,0.24462413787841797,,1.3137388229370117,,,11.870671033859253,0.5338969230651855,1.319528341293335,0.285351037979126,0.297374963760376
1511,0.25366806983947754,0.6093301773071289,,,0.9608159065246582,11.299452066421509,1.8242769241333008,4.228157043457031,0.23758316040039062,,0.23643112182617188,0.2796039581298828,0.548591136932373,1.4398200511932373,0.3049159049987793,2.3071889877319336,0.2650339603424072,0.26531314849853516,,0.2671670913696289,,1.7660369873046875,0.9801909923553467,0.26575398445129395,0.2918508052825928,0.24805998802185059,0.8299300670623779,0.2637050151824951,0.543262243270874,,0.23895621299743652,2.4667270183563232,0.5838840007781982,0.5449299812316895,1.3039040565490723,0.242110013961792,,2.7739551067352295,,0.23623991012573242,0.2730240821838379,,1.5656321048736572,,,0.5442299842834473,0.5534162521362305,0.5009169578552246,0.5981829166412354,0.5646159648895264
1512,0.25962185859680176,0.5631592273712158,,,0.9648971557617188,0.2492380142211914,0.49689817428588867,0.9125988483428955,0.22826910018920898,,0.2523040771484375,0.26525425910949707,0.5398609638214111,0.27970004081726074,0.2668468952178955,3.0270931720733643,0.2543981075286865,0.5701141357421875,,0.24004292488098145,,0.5141677856445312,0.5819499492645264,1.2103569507598877,0.2695329189300537,0.23852205276489258,0.908599853515625,0.2671821117401123,0.9433798789978027,,0.2649359703063965,1.1315488815307617,1.2267429828643799,0.553278923034668,1.0505928993225098,0.2682352066040039,,1.0851609706878662,,0.25440216064453125,0.6143670082092285,,0.5955338478088379,,,4.519627094268799,0.5663168430328369,0.5050950050354004,0.3157627582550049,0.33069682121276855
1513,0.24583816528320312,0.548367977142334,,,0.25450801849365234,2.7825090885162354,4.271186113357544,0.5149571895599365,0.2249290943145752,,0.2564699649810791,0.25959324836730957,0.5293641090393066,0.2717461585998535,0.9677062034606934,0.8573338985443115,0.25962233543395996,0.29147791862487793,,0.2683548927307129,,0.5330681800842285,0.5238137245178223,0.5544850826263428,0.28728604316711426,0.2264399528503418,0.9261431694030762,0.27782106399536133,0.21501898765563965,,0.234421968460083,2.530390977859497,4.425706148147583,0.5175433158874512,0.5766823291778564,0.24602627754211426,,1.3155641555786133,,0.24346518516540527,1.3758559226989746,,1.5658917427062988,,,3.521759033203125,1.454469919204712,0.536020040512085,0.25013303756713867,0.2503528594970703
1514,0.24084901809692383,0.5480391979217529,,,0.2598378658294678,0.5313770771026611,2.5980238914489746,0.9275510311126709,0.2511119842529297,,0.2384958267211914,0.24194884300231934,0.5291321277618408,0.27374720573425293,0.2842850685119629,0.5896639823913574,0.2621009349822998,0.2853128910064697,,0.25612711906433105,,0.5465450286865234,0.5151379108428955,0.5399491786956787,0.2652590274810791,0.24487590789794922,0.5589790344238281,0.2388169765472412,1.5331499576568604,,0.2599921226501465,2.464911937713623,2.0659711360931396,0.5441782474517822,1.2855839729309082,0.25166797637939453,,0.25192999839782715,,0.2545170783996582,1.3693108558654785,,1.3150410652160645,,,0.5164170265197754,0.5652422904968262,0.5032351016998291,0.2840430736541748,0.25691795349121094
1515,0.24527692794799805,0.24922490119934082,,,0.23746204376220703,4.127121925354004,0.5504770278930664,0.5100080966949463,0.23604822158813477,,0.26095080375671387,0.2670159339904785,0.572746992111206,0.27026987075805664,0.2562727928161621,0.8712079524993896,0.23808598518371582,0.5941469669342041,,0.27094292640686035,,0.5002930164337158,0.7119908332824707,1.5893890857696533,0.2550380229949951,0.2506289482116699,0.9033489227294922,0.2584409713745117,0.5538709163665771,,0.2572300434112549,0.8969442844390869,0.9746551513671875,3.4641780853271484,1.5577340126037598,0.23981428146362305,,2.08293080329895,,0.238677978515625,0.6206152439117432,,3.748258113861084,,,0.5502829551696777,0.5509798526763916,0.5474531650543213,0.24593782424926758,0.28482985496520996
1516,0.25298190116882324,0.6042160987854004,,,0.9358389377593994,14.926101922988892,0.5348777770996094,1.5929369926452637,0.22778773307800293,,0.23654913902282715,0.2807581424713135,0.5024189949035645,0.2730140686035156,0.23850798606872559,0.8618979454040527,0.23372483253479004,0.2672240734100342,,0.2783699035644531,,0.25211286544799805,1.16225004196167,0.5765399932861328,0.29663610458374023,0.255023717880249,0.6094620227813721,0.2633342742919922,1.5732789039611816,,0.2529878616333008,1.916520118713379,0.6597399711608887,0.5291802883148193,1.1063802242279053,0.26412105560302734,,0.6176488399505615,,0.2612779140472412,0.6391229629516602,,0.5828640460968018,,,1.204068899154663,0.543569803237915,1.1119441986083984,0.2921919822692871,0.27028822898864746
1517,0.25995802879333496,0.5805420875549316,,,0.2487940788269043,11.387779951095581,3.591630220413208,1.0769920349121094,0.246323823928833,,0.27681803703308105,0.2657151222229004,0.49770283699035645,0.30254697799682617,0.25484609603881836,1.2388989925384521,0.27618408203125,0.25821781158447266,,0.2622966766357422,,0.5143258571624756,0.514301061630249,0.541799783706665,0.29056525230407715,0.22334003448486328,0.5653970241546631,0.2347393035888672,0.516340970993042,,0.23088884353637695,2.224792957305908,1.2500059604644775,1.1708810329437256,0.5818700790405273,0.27904415130615234,,2.793045997619629,,0.23781299591064453,0.2533609867095947,,4.035607814788818,,,1.193011999130249,1.2137317657470703,0.5437920093536377,0.28629112243652344,0.5906829833984375
1518,0.25098204612731934,0.4940028190612793,,,0.2644202709197998,17.32686996459961,2.2888050079345703,0.5131728649139404,0.24553179740905762,,0.2401111125946045,0.26413631439208984,0.5329163074493408,0.2924838066101074,0.23798608779907227,0.9210050106048584,0.26482319831848145,0.30567193031311035,,0.26152491569519043,,0.5792582035064697,0.5336918830871582,1.2385919094085693,0.3104698657989502,0.2346937656402588,0.5362088680267334,0.28343796730041504,0.5345969200134277,,0.24240589141845703,1.597938060760498,0.9648239612579346,0.5813901424407959,0.5881891250610352,0.2682969570159912,,1.2979648113250732,,0.2305920124053955,0.6142799854278564,,0.5756771564483643,,,0.8765988349914551,2.632995128631592,0.538804292678833,0.26426100730895996,0.5481479167938232
1519,0.24481987953186035,0.5786771774291992,,,0.24770474433898926,0.09631896018981934,0.5476300716400146,0.5359320640563965,0.2663230895996094,,0.23285293579101562,0.2650868892669678,0.5163803100585938,0.29326319694519043,0.27909398078918457,2.30287504196167,0.26549386978149414,0.572134256362915,,0.24234700202941895,,2.3193039894104004,0.5460150241851807,1.28255295753479,0.26558589935302734,0.23787808418273926,0.5456759929656982,0.26351094245910645,0.5297307968139648,,0.25676798820495605,3.5052871704101562,0.5962071418762207,3.9522898197174072,0.6298329830169678,0.26364803314208984,,0.2471001148223877,,0.232558012008667,0.6265010833740234,,0.5704569816589355,,,7.476196765899658,0.5312759876251221,0.5160307884216309,0.5926909446716309,0.5566232204437256
1520,0.24630308151245117,0.5808660984039307,,,0.23225116729736328,17.58059000968933,1.8423256874084473,0.5304100513458252,0.2517249584197998,,0.24897098541259766,0.2514770030975342,0.49974513053894043,0.2864241600036621,0.2402200698852539,0.314497709274292,0.2361278533935547,0.2721109390258789,,0.26358914375305176,,0.5079629421234131,1.6836309432983398,1.2850291728973389,0.25568222999572754,0.22579216957092285,1.0851411819458008,0.26703882217407227,0.5565609931945801,,0.253812313079834,1.1653072834014893,1.2890586853027344,0.21659421920776367,0.39299893379211426,0.2639322280883789,,2.069998025894165,,0.23029398918151855,0.25636982917785645,,2.0073699951171875,,,1.2344913482666016,0.5342330932617188,0.513148307800293,0.2699568271636963,0.5441977977752686
1521,0.2442917823791504,0.5728251934051514,,,0.2574007511138916,17.53643298149109,1.2469329833984375,0.5321872234344482,0.22643208503723145,,0.25002503395080566,0.2635531425476074,0.5164711475372314,0.2723672389984131,0.26003408432006836,2.26359486579895,0.2591257095336914,0.5971701145172119,,0.28350210189819336,,0.5540351867675781,0.5278701782226562,0.5603702068328857,0.2632577419281006,0.26288390159606934,0.5466921329498291,0.2621166706085205,0.5062727928161621,,0.2621171474456787,4.196225166320801,1.9333159923553467,0.5601341724395752,1.302696943283081,0.260692834854126,,5.269598960876465,,0.261462926864624,0.634368896484375,,0.5286002159118652,,,0.5296189785003662,1.2323172092437744,0.5152051448822021,0.3083488941192627,0.29004430770874023
1522,0.2904701232910156,0.5852780342102051,,,0.5510179996490479,,0.9101300239562988,1.1754200458526611,0.2521660327911377,,0.2579472064971924,0.23908019065856934,0.9605481624603271,0.2731478214263916,0.2520151138305664,0.6061298847198486,0.2806239128112793,0.5641138553619385,,0.26160502433776855,,1.0296599864959717,1.785949945449829,1.2642850875854492,0.2535538673400879,0.255551815032959,0.5307490825653076,0.26607227325439453,0.5300021171569824,,0.23813796043395996,3.081711769104004,0.5610239505767822,1.1961369514465332,0.7249751091003418,0.25684523582458496,,5.34544825553894,,0.5666029453277588,0.5806982517242432,,5.154199123382568,,,1.4778668880462646,2.578845977783203,0.544572114944458,0.32393407821655273,0.2882370948791504
1523,0.2607448101043701,0.5814671516418457,,,0.5398950576782227,,0.47809791564941406,1.1883070468902588,0.2445051670074463,,0.26367902755737305,0.25600695610046387,2.2273669242858887,0.2722938060760498,0.2727978229522705,0.9158110618591309,0.23691892623901367,0.599315881729126,,0.2666890621185303,,0.5612328052520752,1.2141571044921875,1.2197859287261963,0.2761571407318115,0.23650598526000977,2.919013023376465,0.27948808670043945,0.21504497528076172,,0.25537586212158203,1.1532771587371826,1.2661330699920654,0.5511670112609863,0.9196798801422119,0.26573634147644043,,1.3198161125183105,,0.23308396339416504,0.6137130260467529,,0.9716701507568359,,,0.9043920040130615,1.280879259109497,0.5156280994415283,0.255389928817749,0.5448520183563232
1524,0.26668787002563477,0.5620360374450684,,,0.2513880729675293,,1.5035679340362549,0.5359487533569336,0.27190279960632324,,0.2618448734283447,0.26656579971313477,0.5522279739379883,0.27484703063964844,0.2656209468841553,1.5667829513549805,0.2657170295715332,0.5898590087890625,,0.2623140811920166,,0.9228429794311523,0.5334038734436035,1.1456949710845947,0.27288103103637695,0.22535490989685059,1.233232021331787,0.22955799102783203,0.5791499614715576,,0.2325282096862793,4.255522012710571,1.6888530254364014,0.5478847026824951,0.5904209613800049,0.26191210746765137,,1.3049421310424805,,0.2621769905090332,0.5714340209960938,,1.3979578018188477,,,1.5130047798156738,5.300971984863281,1.197448968887329,0.2505919933319092,0.3228790760040283
1525,0.26012182235717773,0.28192591667175293,,,0.5328402519226074,,0.8690323829650879,0.5324769020080566,0.2451629638671875,,0.24019408226013184,0.26636290550231934,0.5471727848052979,0.27907872200012207,0.24062108993530273,1.5899052619934082,0.2627992630004883,1.3711857795715332,,0.26089978218078613,,0.572930097579956,0.5243749618530273,0.24871087074279785,0.28760409355163574,0.26345014572143555,0.7595031261444092,0.23975205421447754,0.8815200328826904,,0.24791216850280762,5.25890588760376,0.5600268840789795,0.5308811664581299,0.5918929576873779,0.26757001876831055,,3.6866259574890137,,0.23659300804138184,0.6129100322723389,,0.5307607650756836,,,6.999552965164185,0.5489532947540283,0.5045452117919922,0.2724180221557617,0.5616188049316406
1526,0.2626817226409912,0.5723252296447754,,,0.5323388576507568,,1.839836835861206,0.4956018924713135,0.25075292587280273,,0.23493123054504395,0.2831292152404785,0.5145678520202637,0.27264904975891113,0.2544717788696289,1.5702180862426758,0.26735997200012207,0.30799007415771484,,0.2838301658630371,,0.9228799343109131,0.4990577697753906,0.5272598266601562,0.26586389541625977,0.25275588035583496,0.536611795425415,0.26027917861938477,1.5847938060760498,,0.2361898422241211,8.374801874160767,0.5299320220947266,0.5326857566833496,0.5810348987579346,0.26243138313293457,,2.05021071434021,,0.561535120010376,1.6324660778045654,,2.3608431816101074,,,4.061656951904297,0.5350630283355713,0.4819357395172119,0.31224989891052246,0.26908206939697266
1527,0.28099918365478516,0.5154330730438232,,,0.5540881156921387,,2.3921010494232178,1.0174901485443115,0.24138784408569336,,0.25164008140563965,0.260056734085083,0.5292119979858398,0.2740461826324463,0.243455171585083,0.9150269031524658,0.2822299003601074,0.57706618309021,,0.2422168254852295,,1.2268381118774414,0.5538880825042725,1.1986448764801025,0.25635695457458496,0.22436022758483887,0.5794661045074463,0.23824787139892578,0.24976015090942383,,0.23061108589172363,7.60116720199585,1.0450387001037598,0.535499095916748,0.650109052658081,0.2838101387023926,,0.23632311820983887,,0.5448300838470459,0.9040241241455078,,1.6009385585784912,,,0.8935809135437012,0.5608551502227783,1.6025149822235107,0.2823972702026367,0.5387969017028809
1528,0.264678955078125,0.2666621208190918,,,0.9284601211547852,,0.9563789367675781,0.5339031219482422,0.22751498222351074,,0.23361587524414062,0.2614729404449463,0.534074068069458,0.27488112449645996,0.2601320743560791,0.6447608470916748,0.2567272186279297,0.2843661308288574,,0.2609689235687256,,2.5709140300750732,0.5098311901092529,0.4873538017272949,0.2792961597442627,0.24708318710327148,0.9538366794586182,0.27726101875305176,0.530613899230957,,0.2338559627532959,4.016661882400513,0.5371949672698975,0.5190389156341553,0.5736861228942871,0.25928306579589844,,5.45623517036438,,0.23736882209777832,2.0852890014648438,,0.5353479385375977,,,3.249513864517212,3.933198928833008,0.23306488990783691,0.28246498107910156,0.5434548854827881
1529,0.2442469596862793,0.27498793601989746,,,0.9328358173370361,,1.4919958114624023,0.4995298385620117,0.24498510360717773,,0.23593878746032715,0.24044013023376465,0.6136307716369629,0.27515506744384766,0.26247501373291016,0.5652611255645752,0.2451791763305664,0.3031587600708008,,0.26357293128967285,,0.9163169860839844,0.5505259037017822,1.2314350605010986,0.2622361183166504,0.25478410720825195,0.9447977542877197,0.23705816268920898,0.5444200038909912,,0.23426008224487305,1.6364638805389404,1.3400039672851562,12.013245105743408,1.277536153793335,0.23943686485290527,,3.9463441371917725,,0.271010160446167,0.6052908897399902,,3.7461140155792236,,,5.208375930786133,1.239250898361206,1.8946011066436768,0.32991695404052734,0.2787749767303467
1530,0.2652859687805176,0.5645318031311035,,,0.965142011642456,,1.2176048755645752,0.5096991062164307,0.23794078826904297,,0.26441192626953125,0.2641761302947998,0.5342369079589844,0.6276280879974365,0.26568102836608887,0.6175398826599121,0.23394393920898438,0.5729022026062012,,0.26586008071899414,,0.24943280220031738,0.5040030479431152,1.2781097888946533,0.24894309043884277,0.23784303665161133,0.9596359729766846,0.25926709175109863,0.9005658626556396,,0.24826598167419434,9.160258054733276,0.543004035949707,1.217538833618164,1.0264980792999268,0.2523629665374756,,2.8438119888305664,,0.24453091621398926,0.2962977886199951,,0.9351339340209961,,,4.061907052993774,0.9086940288543701,0.9898676872253418,0.2778041362762451,0.2775568962097168
1531,0.25430893898010254,0.5630898475646973,,,0.9663569927215576,,4.586086273193359,1.0005481243133545,0.26317405700683594,,0.2626652717590332,0.2814509868621826,0.5366957187652588,0.29507899284362793,0.26038599014282227,0.8598430156707764,0.2497570514678955,0.27199673652648926,,0.26331281661987305,,0.5377750396728516,0.8938181400299072,0.9708101749420166,0.2744908332824707,0.2703580856323242,2.4648008346557617,0.23309898376464844,0.5219063758850098,,0.22779226303100586,2.6178579330444336,1.3295881748199463,1.2582030296325684,1.0582408905029297,0.25834202766418457,,5.3333330154418945,,0.26136112213134766,1.040158987045288,,1.963273048400879,,,0.9163658618927002,0.5809547901153564,1.0895180702209473,0.2774803638458252,0.5792038440704346
1532,0.28926920890808105,0.557811975479126,,,0.2876760959625244,,0.8526601791381836,0.5203487873077393,0.23344993591308594,,0.28165698051452637,0.26560425758361816,1.2582311630249023,0.29158926010131836,0.23781776428222656,0.9207441806793213,0.25792503356933594,0.5957090854644775,,0.26172900199890137,,0.533566951751709,1.1982779502868652,0.2620849609375,0.27193284034729004,0.2280418872833252,0.9652388095855713,0.2339482307434082,0.5317151546478271,,0.25296902656555176,8.549251079559326,1.0001659393310547,1.3651602268218994,0.62870192527771,0.2851526737213135,,2.0734660625457764,,0.26526618003845215,1.7026000022888184,,0.503680944442749,,,17.660107135772705,0.5674798488616943,0.7349340915679932,0.2694268226623535,0.965785026550293
1533,0.2554740905761719,0.2554299831390381,,,0.2559220790863037,,0.5156190395355225,1.1252319812774658,0.23229598999023438,,0.23788785934448242,0.2622559070587158,0.5323598384857178,0.3122260570526123,0.5590920448303223,0.8954157829284668,0.2585618495941162,0.6061270236968994,,0.26263928413391113,,0.5510580539703369,0.8995778560638428,0.2193760871887207,0.2740490436553955,0.24870586395263672,0.9376819133758545,0.27798891067504883,0.5060880184173584,,0.256450891494751,6.082127809524536,0.9674081802368164,0.6416237354278564,0.996225118637085,0.2642331123352051,,10.164970874786377,,0.23624491691589355,0.6116340160369873,,2.3921542167663574,,,17.4310941696167,0.579725980758667,1.1861140727996826,0.2776200771331787,0.5452921390533447
1534,0.26931309700012207,0.637160062789917,,,0.2699568271636963,,5.291804075241089,0.5103769302368164,0.2488710880279541,,0.23059821128845215,0.264585018157959,0.5409739017486572,0.2822120189666748,0.9753310680389404,0.5900368690490723,0.2374861240386963,0.28779101371765137,,0.2414560317993164,,0.5102322101593018,0.5291080474853516,4.050016164779663,0.26381587982177734,0.24085497856140137,0.9806311130523682,0.26627111434936523,0.9049668312072754,,0.23692822456359863,2.267688035964966,1.3052639961242676,1.4253849983215332,1.0752050876617432,0.25956296920776367,,7.599353790283203,,0.2341461181640625,1.013380765914917,,0.5755140781402588,,,0.5401432514190674,1.2328641414642334,3.642271041870117,0.26076698303222656,0.2506561279296875
1535,0.25777721405029297,0.5625307559967041,,,0.2509300708770752,,1.1978771686553955,1.2195849418640137,0.23144793510437012,,0.25620412826538086,0.26021289825439453,0.5334618091583252,0.2911710739135742,0.28852391242980957,0.5801396369934082,0.26106691360473633,0.5902919769287109,,0.2647712230682373,,0.9216949939727783,1.2013821601867676,0.3008291721343994,0.2710998058319092,0.2309408187866211,0.9984939098358154,0.2630321979522705,2.832024097442627,,0.24751591682434082,0.8982899188995361,1.0023901462554932,0.6843419075012207,1.1350390911102295,0.26537227630615234,,4.919924020767212,,0.25948119163513184,0.6345381736755371,,2.966313123703003,,,0.9220926761627197,1.2645082473754883,3.021714925765991,0.2822558879852295,0.3152048587799072
1536,0.24326682090759277,0.27600717544555664,,,0.2382059097290039,,0.5049538612365723,0.509174108505249,0.24523115158081055,,0.24133920669555664,0.2551240921020508,1.5554521083831787,0.27414679527282715,0.9585328102111816,0.5509710311889648,0.23656606674194336,0.5954620838165283,,0.2619168758392334,,0.5631632804870605,1.1026668548583984,0.555178165435791,0.27557802200317383,0.24877429008483887,0.965968132019043,0.23613905906677246,1.2562270164489746,,0.23321008682250977,5.159542083740234,1.030606985092163,0.6383600234985352,0.5764749050140381,0.2615351676940918,,17.202844858169556,,0.26236891746520996,0.608558177947998,,1.9344909191131592,,,17.12208104133606,1.190323829650879,0.559837818145752,0.29142189025878906,0.5439069271087646
1537,0.28774309158325195,0.26792192459106445,,,0.26401782035827637,,4.555730819702148,0.5515270233154297,0.23048090934753418,,0.27536511421203613,0.26699280738830566,0.5346872806549072,0.2976682186126709,0.945195198059082,0.8442480564117432,0.2758059501647949,0.6196238994598389,,0.27861714363098145,,0.5364880561828613,0.5490670204162598,1.2042789459228516,0.2527778148651123,0.23628020286560059,1.014220952987671,0.2591521739959717,2.2009150981903076,,0.2343730926513672,1.6523420810699463,0.5371179580688477,0.6948058605194092,0.5543632507324219,0.25874805450439453,,19.117302179336548,,0.23713302612304688,0.610994815826416,,0.5598001480102539,,,17.701851844787598,0.5285711288452148,0.5319879055023193,0.2946960926055908,0.5762150287628174
1538,0.257793664932251,0.2710399627685547,,,0.2535579204559326,,0.9373199939727783,1.1828088760375977,0.23420023918151855,,0.23525309562683105,0.26907968521118164,0.5313479900360107,1.0260059833526611,0.2516927719116211,1.692173719406128,0.23409485816955566,0.6140942573547363,,0.2886941432952881,,0.5240018367767334,1.8434410095214844,0.6127240657806396,0.2988409996032715,0.23154711723327637,0.26415491104125977,0.2560262680053711,1.4528298377990723,,0.25476932525634766,1.9821417331695557,2.085763931274414,6.96446418762207,0.3288588523864746,0.26715993881225586,,19.188021898269653,,0.3279149532318115,0.6252188682556152,,0.5267691612243652,,,18.023038148880005,1.1618707180023193,0.5325582027435303,0.2791759967803955,0.5445919036865234
1539,0.27016496658325195,0.265244722366333,,,0.270982027053833,,0.8771378993988037,0.5321428775787354,0.24711203575134277,,0.2324848175048828,0.2631111145019531,0.5657937526702881,0.2958660125732422,0.2588222026824951,0.8734848499298096,0.23447704315185547,0.5648238658905029,,0.25342798233032227,,1.6545679569244385,0.912865161895752,1.2490921020507812,0.2851901054382324,0.2245469093322754,0.34527015686035156,0.23668694496154785,1.195603847503662,,0.23034310340881348,5.159153938293457,0.9832918643951416,1.1999239921569824,0.6092579364776611,0.26352906227111816,,19.051702976226807,,0.5272567272186279,0.6096258163452148,,2.639981985092163,,,18.092854022979736,0.8967139720916748,2.2715299129486084,0.26790690422058105,0.2716538906097412
1540,0.25501585006713867,0.5769667625427246,,,0.9260520935058594,,1.8201022148132324,0.5385527610778809,0.23663711547851562,,0.23569607734680176,0.25987982749938965,0.5039567947387695,0.2776761054992676,0.5380399227142334,0.8611440658569336,0.2593400478363037,0.596350908279419,,0.26640892028808594,,1.0000929832458496,1.5839650630950928,1.4929747581481934,0.2678089141845703,0.22868895530700684,0.8952581882476807,0.24744606018066406,0.5290827751159668,,0.26483821868896484,4.635110139846802,0.9843847751617432,0.5514469146728516,0.5925700664520264,0.26352405548095703,,19.03963804244995,,0.24434828758239746,0.5935096740722656,,0.542949914932251,,,17.489224195480347,0.28744983673095703,1.255199909210205,0.3393430709838867,0.316303014755249
1541,0.2694060802459717,0.5517749786376953,,,0.2562901973724365,,0.9107072353363037,0.5302021503448486,0.23026704788208008,,0.23012399673461914,0.2882530689239502,0.5290892124176025,0.29073619842529297,0.5756819248199463,1.281346082687378,0.23923420906066895,0.6047887802124023,,0.2528529167175293,,1.204455852508545,0.9020001888275146,0.3923611640930176,0.29163599014282227,0.2615773677825928,0.24934101104736328,0.24946928024291992,0.5328781604766846,,0.25012922286987305,0.5675878524780273,0.5631003379821777,0.5647428035736084,2.1218678951263428,0.25855588912963867,,19.166786909103394,,0.251920223236084,0.6579930782318115,,0.5568678379058838,,,17.46438717842102,0.5791928768157959,0.5300619602203369,0.28400301933288574,0.5612249374389648
1542,0.27819013595581055,0.6057569980621338,,,0.8646750450134277,,2.117136240005493,0.5313880443572998,0.232255220413208,,0.27260804176330566,0.2509148120880127,1.1768319606781006,0.6985049247741699,0.26774001121520996,0.8942620754241943,0.27422189712524414,0.5919508934020996,,0.24863791465759277,,0.527306079864502,2.248720169067383,0.5294857025146484,0.2898521423339844,0.25867319107055664,0.9238870143890381,0.24967575073242188,0.5432848930358887,,0.2537863254547119,0.9130268096923828,0.24989104270935059,0.5619001388549805,1.0542356967926025,0.28529787063598633,,19.09514617919922,,0.25769615173339844,0.6110129356384277,,1.9517288208007812,,,1.2671611309051514,1.235745906829834,0.5878710746765137,0.26575374603271484,0.7564113140106201
1543,0.2568831443786621,0.2789461612701416,,,0.2592008113861084,,1.281114101409912,0.5165610313415527,0.2274460792541504,,0.24576878547668457,0.24407196044921875,0.5516440868377686,0.3213839530944824,0.265394926071167,1.2865338325500488,0.24446821212768555,0.60894775390625,,0.27435803413391113,,0.5942108631134033,0.548490047454834,0.9464483261108398,0.28545713424682617,0.23508000373840332,0.5443940162658691,0.2591888904571533,0.5255358219146729,,0.23686981201171875,1.9522390365600586,0.9798111915588379,1.25534987449646,0.6111850738525391,0.254680871963501,,4.5696702003479,,0.2500431537628174,0.29315710067749023,,1.2287249565124512,,,17.69950580596924,1.138545036315918,1.2014811038970947,0.29407310485839844,0.2563619613647461
1544,0.24838709831237793,0.5948090553283691,,,0.280210018157959,,1.3719241619110107,0.4993119239807129,0.247344970703125,,0.250730037689209,0.23502492904663086,0.5368046760559082,1.8103888034820557,0.2542989253997803,0.9335761070251465,0.24395394325256348,0.5927948951721191,,0.2539401054382324,,0.8343942165374756,0.5615689754486084,1.268549919128418,0.2658569812774658,0.2279360294342041,0.5528848171234131,0.25891900062561035,1.2353591918945312,,0.2592949867248535,1.0907292366027832,0.5634260177612305,0.5470199584960938,1.0684120655059814,0.23921585083007812,,19.22109580039978,,0.5561699867248535,0.5968677997589111,,0.5471940040588379,,,3.1189680099487305,1.6321709156036377,0.5300478935241699,0.3013129234313965,0.2578318119049072
1545,0.2655799388885498,0.6141312122344971,,,0.23993682861328125,,1.2268562316894531,0.5272917747497559,0.23818683624267578,,0.24672913551330566,0.2594430446624756,0.5253188610076904,1.0749690532684326,0.2679598331451416,0.9233579635620117,0.2322371006011963,0.5829572677612305,,0.2722301483154297,,2.3105530738830566,1.0303828716278076,0.3719460964202881,0.2716350555419922,0.24060893058776855,0.9454300403594971,0.239912748336792,0.5278511047363281,,0.25186896324157715,4.8251190185546875,1.2421901226043701,6.363300800323486,1.0915930271148682,0.24280595779418945,,19.190274953842163,,0.2721390724182129,0.6478080749511719,,0.9236772060394287,,,17.73741388320923,1.2163901329040527,0.8879261016845703,0.6133239269256592,0.31580591201782227
1546,0.2635159492492676,0.4043698310852051,,,0.8725812435150146,,2.562379837036133,0.5335948467254639,0.2563910484313965,,0.25362491607666016,0.28835082054138184,0.5563540458679199,0.28359031677246094,0.28236818313598633,0.9125509262084961,0.2588498592376709,0.605010986328125,,0.2516458034515381,,1.6013576984405518,0.915550947189331,0.5299961566925049,0.27643299102783203,0.2674829959869385,1.3713841438293457,0.2347099781036377,1.1608331203460693,,0.2296149730682373,4.408015966415405,0.2789633274078369,0.7791988849639893,0.5967869758605957,0.24831295013427734,,18.329562187194824,,0.2795708179473877,0.6309559345245361,,0.545325756072998,,,,0.5662720203399658,0.5309929847717285,0.2760012149810791,0.5823521614074707
1547,0.2781519889831543,0.2829720973968506,,,0.25006937980651855,,1.2563519477844238,0.5515310764312744,0.24053502082824707,,0.2594623565673828,0.25946903228759766,0.5436301231384277,0.30017590522766113,0.24353599548339844,1.6247828006744385,0.25269198417663574,0.578279972076416,,0.2644531726837158,,0.5263838768005371,1.1972968578338623,0.9612529277801514,0.28113508224487305,0.22663497924804688,0.2945549488067627,0.24833106994628906,0.548687219619751,,0.26232099533081055,11.632389783859253,3.0398969650268555,0.5114498138427734,0.6129200458526611,0.26792383193969727,,19.170830965042114,,0.26284170150756836,0.2633810043334961,,0.5484359264373779,,,,1.2649221420288086,1.239637851715088,0.6143710613250732,0.27577781677246094
1548,0.2691819667816162,0.273975133895874,,,0.23640918731689453,,1.8934061527252197,0.5304229259490967,0.23078703880310059,,0.2533681392669678,0.2687859535217285,0.5383388996124268,1.0664920806884766,0.25443196296691895,0.9101419448852539,0.264585018157959,0.5600979328155518,,0.24719595909118652,,0.5348889827728271,1.445511817932129,0.2298412322998047,0.2940061092376709,0.2514181137084961,1.1635329723358154,0.268172025680542,0.544647216796875,,0.23750615119934082,2.1682870388031006,0.9839580059051514,0.5292079448699951,0.2801811695098877,0.24625086784362793,,,,0.5665450096130371,0.26384997367858887,,0.5200178623199463,,,,2.532316207885742,2.3141281604766846,0.31871604919433594,0.6461842060089111
1549,0.25151896476745605,0.3002779483795166,,,0.5227060317993164,,0.9459412097930908,0.5144121646881104,0.24907803535461426,,0.2308971881866455,0.25494885444641113,1.179591178894043,0.2962007522583008,0.24499106407165527,1.9390969276428223,0.26369380950927734,0.5802230834960938,,0.2656073570251465,,0.5784640312194824,1.4422039985656738,0.5380270481109619,0.28559112548828125,0.2453920841217041,0.2845921516418457,0.24062013626098633,0.8744680881500244,,0.25940608978271484,12.396604061126709,2.287297010421753,0.5558969974517822,1.036456823348999,0.24788403511047363,,,,0.5638439655303955,0.38321471214294434,,1.6753027439117432,,,,0.9323468208312988,1.204164981842041,0.3009641170501709,0.285797119140625
1550,0.2706129550933838,0.5854220390319824,,,0.2738230228424072,,1.1642377376556396,0.5271129608154297,0.22616004943847656,,0.2399587631225586,0.26684093475341797,0.5347588062286377,0.28348398208618164,0.2450408935546875,0.8671450614929199,0.2636559009552002,0.5583391189575195,,0.25972890853881836,,0.5278708934783936,0.4969620704650879,0.40164995193481445,0.2863898277282715,0.25472497940063477,0.49156713485717773,0.26154589653015137,0.5268537998199463,,0.2602670192718506,3.2166080474853516,0.9516630172729492,1.7003178596496582,0.5882060527801514,0.2463209629058838,,,,0.5534849166870117,0.2442309856414795,,3.3993849754333496,,,,0.5784659385681152,1.1944010257720947,0.2851409912109375,0.2696959972381592
1551,0.2461991310119629,0.5600781440734863,,,0.25952696800231934,,1.228870153427124,0.5460038185119629,0.23139500617980957,,0.25787997245788574,0.2552061080932617,0.5214769840240479,0.294266939163208,0.2706899642944336,1.981393814086914,0.23937726020812988,0.578413724899292,,0.26549792289733887,,0.5588171482086182,0.4997282028198242,0.2551290988922119,0.2957770824432373,0.25470471382141113,0.6148860454559326,0.26568603515625,1.3353219032287598,,0.25331711769104004,2.9491939544677734,0.27890586853027344,1.3857202529907227,1.041774034500122,0.2388298511505127,,,,0.2179560661315918,0.26671695709228516,,1.2639219760894775,,,,0.9348721504211426,3.87874698638916,0.6475319862365723,0.2932102680206299
1552,0.2835259437561035,0.2703821659088135,,,0.26308107376098633,,0.9405429363250732,0.5418281555175781,0.236799955368042,,0.25955796241760254,0.2622690200805664,0.47844910621643066,0.2957298755645752,0.26915693283081055,1.9372150897979736,0.27134108543395996,0.6047370433807373,,0.26206398010253906,,0.5799736976623535,0.8720462322235107,0.21255707740783691,0.2690849304199219,0.23858880996704102,0.5349171161651611,0.26358509063720703,0.5308301448822021,,0.23913884162902832,7.152572870254517,1.9006991386413574,7.113971948623657,1.54178786277771,0.26221799850463867,,,,0.9547350406646729,0.29108500480651855,,6.617255210876465,,,,1.2343378067016602,1.207366943359375,0.2780730724334717,0.5710391998291016
1553,0.25040292739868164,0.5945901870727539,,,0.27373695373535156,,2.982274055480957,0.5019388198852539,0.23091578483581543,,0.2550971508026123,0.2678689956665039,0.534905195236206,0.2811739444732666,0.5522098541259766,2.592808961868286,0.24106693267822266,0.5780718326568604,,0.2771179676055908,,0.716987133026123,0.5309009552001953,0.9326529502868652,0.29971981048583984,0.2525341510772705,0.5495209693908691,0.2786061763763428,0.5446169376373291,,0.23094916343688965,1.2586150169372559,0.5923268795013428,1.2448930740356445,1.0202949047088623,0.24821805953979492,,,,0.5349588394165039,0.2895822525024414,,1.6321611404418945,,,,0.5630719661712646,0.49908995628356934,0.255342960357666,0.5815849304199219
1554,0.24559998512268066,0.2859530448913574,,,0.24957013130187988,,2.9114010334014893,0.5008590221405029,0.2526428699493408,,0.2464439868927002,0.2649350166320801,0.5397450923919678,0.29587388038635254,0.2422342300415039,0.9471249580383301,0.2628178596496582,1.3278558254241943,,0.2476050853729248,,1.6665451526641846,0.7158458232879639,0.4960958957672119,0.27147603034973145,0.2259819507598877,0.9688310623168945,0.23933887481689453,0.53106689453125,,0.25771212577819824,2.2842140197753906,0.5609562397003174,3.2564971446990967,0.594933032989502,0.2504861354827881,,,,0.26480913162231445,1.2981798648834229,,3.7111780643463135,,,,1.235684871673584,1.1196849346160889,0.2818419933319092,0.26589274406433105
1555,0.24681878089904785,0.29419612884521484,,,0.2528209686279297,,1.348717212677002,0.9561583995819092,0.2613968849182129,,0.24427270889282227,0.26279592514038086,0.5326812267303467,0.30526089668273926,0.244858980178833,2.6987338066101074,0.26219916343688965,0.5872600078582764,,0.2605710029602051,,0.5341832637786865,0.4991312026977539,0.48226094245910645,0.27348875999450684,0.2484300136566162,0.5568699836730957,0.26294517517089844,0.9012830257415771,,0.2533149719238281,7.731101036071777,2.317305088043213,1.2075750827789307,0.5813248157501221,0.24411702156066895,,,,0.24953770637512207,0.26714324951171875,,0.5816240310668945,,,,0.5321340560913086,1.1695606708526611,0.27704381942749023,0.25989770889282227
1556,0.27384328842163086,0.2612779140472412,,,0.24712181091308594,,2.228119134902954,0.5346910953521729,0.23611187934875488,,0.23019194602966309,0.28427982330322266,0.5495610237121582,0.3019709587097168,0.26488208770751953,1.2798278331756592,0.23919272422790527,0.6162712574005127,,0.2454509735107422,,0.5145940780639648,0.4915499687194824,1.1489381790161133,0.2588009834289551,0.272122859954834,0.5241632461547852,0.26466822624206543,0.5306589603424072,,0.26410818099975586,5.119261980056763,0.3947150707244873,0.9494979381561279,0.9800841808319092,0.249711275100708,,,,0.2797849178314209,0.63736891746521,,2.2793447971343994,,,,0.5612809658050537,0.5061299800872803,0.2763819694519043,0.279163122177124
1557,0.269320011138916,0.2819340229034424,,,0.24868297576904297,,3.8693878650665283,0.5294158458709717,0.23087120056152344,,0.27503299713134766,0.2549140453338623,0.505241870880127,1.0627381801605225,0.5763890743255615,2.6639418601989746,0.27604198455810547,0.6337490081787109,,0.5735809803009033,,0.5953912734985352,0.9084610939025879,0.8464610576629639,0.26645612716674805,0.23854589462280273,0.578942060470581,0.2676570415496826,0.5484950542449951,,0.23405098915100098,,0.2516012191772461,0.5600230693817139,1.352405071258545,0.26297903060913086,,,,0.529047966003418,0.28713321685791016,,1.2544958591461182,,,,1.2347431182861328,0.5294139385223389,0.2914998531341553,1.6093239784240723
1558,0.2451162338256836,0.2498009204864502,,,0.25997281074523926,,0.5486290454864502,0.9371988773345947,0.2567250728607178,,0.23349404335021973,0.24208307266235352,0.5065879821777344,0.28032588958740234,0.265636682510376,0.8670201301574707,0.2641162872314453,0.6086077690124512,,0.27246999740600586,,0.5441982746124268,0.8990540504455566,1.0859310626983643,0.30061960220336914,0.23039698600769043,0.5440409183502197,0.2811720371246338,0.5434622764587402,,0.23326992988586426,,0.5379369258880615,0.5345420837402344,1.3147141933441162,0.24386096000671387,,,,0.9029622077941895,0.26188182830810547,,1.6257667541503906,,,,0.5477859973907471,1.1417479515075684,0.594811201095581,0.3606131076812744
1559,0.27466821670532227,0.26343297958374023,,,0.25360584259033203,,2.285799980163574,0.5036327838897705,0.257551908493042,,0.23381900787353516,0.26427125930786133,0.561953067779541,0.6809296607971191,0.980323076248169,0.9285199642181396,0.2621150016784668,0.5631499290466309,,0.261228084564209,,1.1745409965515137,0.8872897624969482,0.7676341533660889,0.25462985038757324,0.23234891891479492,0.5269088745117188,0.2627389430999756,3.6176469326019287,,0.25876498222351074,,0.5439620018005371,0.5654911994934082,1.010512113571167,0.24324488639831543,,,,0.2602047920227051,0.46195101737976074,,1.2645900249481201,,,,0.5736818313598633,0.5255839824676514,0.2831118106842041,0.26392221450805664
1560,0.25758790969848633,0.262310266494751,,,0.24515199661254883,,1.3461592197418213,0.9527051448822021,0.25852394104003906,,0.23074007034301758,0.2654600143432617,0.5333347320556641,0.28705310821533203,0.582373857498169,0.9482882022857666,0.24184298515319824,0.5824172496795654,,0.23128890991210938,,0.697040319442749,0.844412088394165,1.2803149223327637,0.2876310348510742,0.23212504386901855,5.805155038833618,0.25941991806030273,0.5224766731262207,,0.25480079650878906,,0.561086893081665,0.5346047878265381,0.5791351795196533,0.244981050491333,,,,0.24817514419555664,0.4416236877441406,,6.0850670337677,,,,0.5340979099273682,6.061007022857666,0.25334620475769043,0.2631502151489258
1561,0.26817917823791504,0.26999402046203613,,,0.23847174644470215,,1.1965198516845703,1.1825957298278809,0.23522710800170898,,0.23403692245483398,0.2822701930999756,0.5330836772918701,0.6369791030883789,0.264754056930542,0.5808167457580566,0.251539945602417,0.5899391174316406,,0.24698305130004883,,4.1041789054870605,1.156986951828003,1.1986873149871826,0.263826847076416,0.2420651912689209,0.5090579986572266,0.23571515083312988,1.1489472389221191,,0.23214483261108398,,2.748232364654541,0.540524959564209,1.8696179389953613,0.24805307388305664,,,,0.257781982421875,0.6282958984375,,0.5630919933319092,,,,1.202545166015625,2.72426700592041,0.2832198143005371,0.26087021827697754
1562,0.26916003227233887,0.2517549991607666,,,0.23992609977722168,,0.5121939182281494,0.5160157680511475,0.23470592498779297,,0.2494039535522461,0.2631189823150635,0.5520799160003662,0.29950594902038574,0.2622988224029541,0.45874714851379395,0.26240992546081543,0.5898749828338623,,0.2706151008605957,,0.5304830074310303,1.146360158920288,0.5628712177276611,0.2894270420074463,0.22998309135437012,0.2868332862854004,0.23778390884399414,0.49895286560058594,,0.25896382331848145,,1.0234129428863525,0.5405309200286865,0.6037449836730957,0.26351308822631836,,,,0.2548840045928955,0.28580284118652344,,3.0566630363464355,,,,0.5657918453216553,0.2593369483947754,0.30522799491882324,0.2820549011230469
1563,0.2745838165283203,0.2728300094604492,,,0.27016711235046387,,0.7207322120666504,0.5502769947052002,0.2335672378540039,,0.22827792167663574,0.2638740539550781,0.5029001235961914,0.31960511207580566,0.26659178733825684,0.6120510101318359,0.2531929016113281,0.6377220153808594,,0.23983287811279297,,0.5573859214782715,0.5000698566436768,1.2047648429870605,0.31292080879211426,0.23802399635314941,0.5523099899291992,0.2804708480834961,0.5390262603759766,,0.2356739044189453,,1.4850082397460938,1.2229418754577637,1.088982105255127,0.24684858322143555,,,,0.23455595970153809,0.265988826751709,,2.710158109664917,,,,1.0497279167175293,0.5357069969177246,0.3118879795074463,0.2783539295196533
1564,0.279188871383667,0.25199007987976074,,,0.24965500831604004,,0.8790988922119141,0.5478188991546631,0.2717020511627197,,0.2567780017852783,0.2650942802429199,0.49125218391418457,0.27818822860717773,0.27231907844543457,2.0103602409362793,0.2716028690338135,0.6116530895233154,,0.2723686695098877,,0.5134568214416504,0.9114010334014893,1.1957011222839355,0.2696502208709717,0.2277538776397705,0.5823380947113037,0.2751479148864746,0.5324108600616455,,0.26385998725891113,,0.5664939880371094,7.020789861679077,0.5846037864685059,0.25266504287719727,,,,0.2521820068359375,0.26752376556396484,,0.5822498798370361,,,,2.179596185684204,1.9238309860229492,0.27972984313964844,0.5526049137115479
1565,0.24881911277770996,0.5582780838012695,,,0.37336015701293945,,0.8736069202423096,0.49887585639953613,0.23473882675170898,,0.2522897720336914,0.23742079734802246,0.9122810363769531,0.29657912254333496,0.24179887771606445,0.8982260227203369,0.26096177101135254,0.5634500980377197,,0.593804121017456,,1.217728853225708,0.533236026763916,0.29735708236694336,0.2683389186859131,0.24294090270996094,0.5453231334686279,0.23957490921020508,0.9004359245300293,,0.252532958984375,,0.9223260879516602,1.236246109008789,0.9563729763031006,0.26735401153564453,,,,0.26288700103759766,0.6159200668334961,,1.6945581436157227,,,,0.8437070846557617,17.34522008895874,0.2613649368286133,0.2553672790527344
1566,0.24594426155090332,0.2699570655822754,,,0.5603656768798828,,0.5034081935882568,0.4991159439086914,0.23165488243103027,,0.24885106086730957,0.26614880561828613,0.544191837310791,0.2831258773803711,0.2567729949951172,0.9318680763244629,0.25887012481689453,0.5821700096130371,,0.2641940116882324,,1.2488601207733154,0.5333099365234375,0.24803781509399414,0.25777530670166016,0.2744872570037842,0.6995820999145508,0.260944128036499,0.5618860721588135,,0.25983500480651855,,0.5488429069519043,1.2278070449829102,0.624945878982544,0.23999404907226562,,,,0.23850011825561523,0.9753589630126953,,2.1028058528900146,,,,0.9862980842590332,1.850663185119629,0.26111912727355957,0.2753419876098633
1567,0.2959780693054199,0.27649593353271484,,,1.2658069133758545,,0.7402760982513428,0.5273432731628418,0.23767399787902832,,0.26273059844970703,0.25255513191223145,0.49375200271606445,0.2968258857727051,0.2508101463317871,0.9150362014770508,0.2572300434112549,0.6051619052886963,,0.24571990966796875,,0.9406158924102783,1.1812858581542969,0.5274622440338135,0.26293492317199707,0.23657703399658203,0.5767397880554199,0.25679588317871094,0.5464909076690674,,0.2375032901763916,,1.0675380229949951,1.2643682956695557,0.6281712055206299,0.28568387031555176,,,,0.25846195220947266,0.649346113204956,,0.5428290367126465,,,,1.2302582263946533,5.838454961776733,0.25896310806274414,0.3031799793243408
1568,0.27884697914123535,0.2775700092315674,,,0.3581409454345703,,5.849248170852661,1.215242862701416,0.25718092918395996,,0.25092101097106934,0.257554292678833,0.5403010845184326,0.30614423751831055,0.24376320838928223,0.2550468444824219,0.24930191040039062,0.611454963684082,,0.5695528984069824,,1.6982603073120117,0.532473087310791,0.7485840320587158,0.27654600143432617,0.2250828742980957,0.5252296924591064,0.2511298656463623,0.5263621807098389,,0.2343769073486328,,1.0750877857208252,1.2479891777038574,1.227994680404663,0.2536611557006836,,,,0.23782920837402344,0.609968900680542,,0.5456662178039551,,,,0.581719160079956,2.8630640506744385,0.3174018859863281,0.5417811870574951
1569,0.27921414375305176,0.2636270523071289,,,0.5133309364318848,,3.1118669509887695,0.5365211963653564,0.262768030166626,,0.25067687034606934,0.26436686515808105,0.5025780200958252,0.28774189949035645,0.26819705963134766,0.5673630237579346,0.2625279426574707,0.5796210765838623,,0.25736403465270996,,4.721018075942993,0.873004674911499,0.4844648838043213,0.26273107528686523,0.22495293617248535,0.5308201313018799,0.24085092544555664,1.1290161609649658,,0.254101037979126,,0.968726634979248,0.5482523441314697,0.57257080078125,0.24416494369506836,,,,0.24674487113952637,0.9887399673461914,,2.7026619911193848,,,,0.5594511032104492,0.5155930519104004,0.26273202896118164,0.5467982292175293
1570,0.27689385414123535,0.6088907718658447,,,0.5296142101287842,,0.5222997665405273,0.5317230224609375,0.2538280487060547,,0.24640583992004395,0.26427793502807617,0.5370259284973145,0.29114222526550293,0.24582672119140625,0.556981086730957,0.2626461982727051,0.9928739070892334,,1.1035833358764648,,2.6770477294921875,0.5145280361175537,0.49852681159973145,0.26200413703918457,0.2384319305419922,0.5296151638031006,0.24520182609558105,0.5465879440307617,,0.2570381164550781,,0.6148951053619385,0.5309550762176514,0.30599474906921387,0.24683094024658203,,,,0.23162102699279785,0.28876376152038574,,2.3557376861572266,,,,1.2414462566375732,0.4929780960083008,0.29675912857055664,0.2549629211425781
1571,0.27738404273986816,0.5761330127716064,,,0.2834150791168213,,3.5747358798980713,0.5475289821624756,0.24508285522460938,,0.23186612129211426,0.27997589111328125,1.2463231086730957,0.2732667922973633,0.24488401412963867,1.544431209564209,0.2858150005340576,0.5789511203765869,,0.22815203666687012,,2.8899810314178467,0.936892032623291,0.5014798641204834,0.29256129264831543,0.24282503128051758,0.2733147144317627,0.25081491470336914,0.5386362075805664,,0.259382963180542,,0.5781939029693604,0.5502140522003174,1.0064918994903564,0.25112128257751465,,,,0.2770259380340576,0.27866506576538086,,0.9178369045257568,,,,0.5315127372741699,1.8037159442901611,0.2990097999572754,0.583158016204834
1572,0.27095508575439453,0.26493310928344727,,,0.5292432308197021,,0.5140600204467773,0.5495927333831787,0.23413395881652832,,0.25897693634033203,0.26380300521850586,0.5329258441925049,0.29805707931518555,0.23868799209594727,0.8795218467712402,0.2692301273345947,0.6396059989929199,,0.26859188079833984,,16.624205112457275,0.5533101558685303,0.5479516983032227,0.28454113006591797,0.24310302734375,0.5411210060119629,0.24541783332824707,0.4981498718261719,,0.23684382438659668,,1.2156894207000732,0.5397670269012451,1.001528263092041,0.2605249881744385,,,,0.5458180904388428,0.67659592628479,,0.5125329494476318,,,,0.5832157135009766,0.5280840396881104,0.25826001167297363,0.5955188274383545
1573,0.24866390228271484,0.3110377788543701,,,0.9468598365783691,,1.2184529304504395,1.5459110736846924,0.2334611415863037,,0.254439115524292,0.23717880249023438,0.5345439910888672,0.2886040210723877,0.248093843460083,1.358649730682373,0.25000596046447754,0.6284711360931396,,0.31856274604797363,,0.5504641532897949,0.8512787818908691,1.2599449157714844,0.3153398036956787,0.2579507827758789,0.2862589359283447,0.2719700336456299,0.5358247756958008,,0.25852394104003906,,1.691884994506836,0.5437729358673096,0.9051580429077148,0.24481511116027832,,,,0.242203950881958,0.2519369125366211,,8.177526950836182,,,,0.5807530879974365,17.38972282409668,0.2855212688446045,0.630061149597168
1574,0.27321696281433105,0.294921875,,,0.26785993576049805,,3.263753890991211,0.5360598564147949,0.24797797203063965,,0.24724698066711426,0.2657599449157715,2.838315010070801,0.33036208152770996,0.25034403800964355,0.902101993560791,0.2456808090209961,0.5671019554138184,,0.24255704879760742,,4.10291600227356,0.5515859127044678,0.5408761501312256,0.27234506607055664,0.2410140037536621,0.5600740909576416,0.2385869026184082,1.845796823501587,,0.23949122428894043,,0.5616121292114258,0.5383031368255615,1.0445590019226074,0.24057698249816895,,,,0.2722280025482178,0.6545429229736328,,2.398597002029419,,,,0.634044885635376,0.7491450309753418,0.2726929187774658,0.5933258533477783
1575,0.25205397605895996,0.29677605628967285,,,0.2576432228088379,,0.5043022632598877,2.263340950012207,0.2371199131011963,,0.25275397300720215,0.2638719081878662,3.169795036315918,1.0846521854400635,0.24655413627624512,0.9480071067810059,0.23607087135314941,1.0207011699676514,,0.5792052745819092,,18.632863998413086,0.4918222427368164,0.8766951560974121,0.2852480411529541,0.25015807151794434,0.5519719123840332,0.25383591651916504,0.7494022846221924,,0.2721233367919922,,2.191499948501587,0.5075020790100098,0.3335990905761719,0.2508888244628906,,,,0.9056718349456787,0.24744701385498047,,1.2812838554382324,,,,2.027722120285034,2.8267390727996826,0.30144190788269043,0.5663840770721436
1576,0.27399682998657227,0.2860689163208008,,,0.539003849029541,,4.910002946853638,0.8789329528808594,0.25855398178100586,,0.24568772315979004,0.28284192085266113,0.5374090671539307,0.303851842880249,0.24806761741638184,0.6182208061218262,0.24851036071777344,0.6373002529144287,,0.5925438404083252,,0.48181796073913574,0.5233907699584961,1.273136854171753,0.2978489398956299,0.24262595176696777,0.5558919906616211,0.2354750633239746,0.5256290435791016,,0.23369193077087402,,0.5658607482910156,8.460247039794922,0.5710799694061279,0.2422168254852295,,,,0.26267290115356445,0.2620401382446289,,0.5663599967956543,,,,1.2191970348358154,1.6285078525543213,0.274899959564209,0.5349159240722656
1577,0.29572296142578125,0.27203893661499023,,,0.255936861038208,,5.882296085357666,0.5514910221099854,0.24817681312561035,,0.26484084129333496,0.2637519836425781,4.880574941635132,0.28054189682006836,0.9443111419677734,1.574728012084961,0.2630131244659424,0.2732810974121094,,0.6015737056732178,,1.2502038478851318,0.5562670230865479,0.503101110458374,0.2850019931793213,0.25060391426086426,0.26476383209228516,0.23783302307128906,1.7885088920593262,,0.23580288887023926,,4.883137941360474,0.5462789535522461,1.024413824081421,0.27233099937438965,,,,0.26097798347473145,0.28992605209350586,,1.2245750427246094,,,,1.2609379291534424,12.624873876571655,0.27710580825805664,0.26236987113952637
1578,0.2812919616699219,0.28209686279296875,,,0.2511589527130127,,1.8371059894561768,1.4353909492492676,0.24893689155578613,,0.23281478881835938,0.2669239044189453,0.5495400428771973,0.3015108108520508,0.5762448310852051,1.5453271865844727,0.24894475936889648,0.5988070964813232,,0.5982248783111572,,1.2480080127716064,1.2280797958374023,0.5033669471740723,0.2953028678894043,0.25206995010375977,0.26772284507751465,0.2796306610107422,0.5607302188873291,,0.26444506645202637,,0.9842381477355957,1.192289113998413,0.5988421440124512,0.26961278915405273,,,,0.24351787567138672,0.2485520839691162,,0.565173864364624,,,,1.2826147079467773,1.1264410018920898,0.270902156829834,0.27970194816589355
1579,0.27037501335144043,0.5910959243774414,,,0.24248719215393066,,4.247139930725098,2.210390090942383,0.25617408752441406,,0.23987889289855957,0.25774693489074707,0.48587608337402344,0.28039073944091797,0.9585962295532227,1.4744288921356201,0.2464158535003662,0.6074578762054443,,0.26824307441711426,,0.5750219821929932,1.1854047775268555,0.3558063507080078,0.2684590816497803,0.2494349479675293,0.24207210540771484,0.2641310691833496,0.48046088218688965,,0.2642970085144043,,2.0216829776763916,0.5303130149841309,1.2639751434326172,0.2653968334197998,,,,0.2627410888671875,0.5028378963470459,,0.5383307933807373,,,,0.5628602504730225,1.145711898803711,0.25191378593444824,0.2585482597351074
1580,0.25423383712768555,0.5519130229949951,,,0.272507905960083,,6.27916693687439,1.2099671363830566,0.22826886177062988,,0.26055312156677246,0.2371079921722412,5.572548151016235,0.2819020748138428,0.2546570301055908,0.6006338596343994,0.253903865814209,0.5839419364929199,,0.23890399932861328,,1.7093522548675537,0.651796817779541,1.034071922302246,0.28163886070251465,0.2537820339202881,0.5595009326934814,0.26521873474121094,0.5422263145446777,,0.2529418468475342,,4.430717945098877,0.5214869976043701,1.6037371158599854,0.2572770118713379,,,,0.23550081253051758,0.2823300361633301,,2.3822081089019775,,,,0.5822679996490479,1.1801667213439941,0.27692604064941406,0.5414652824401855
1581,0.25266599655151367,0.590228796005249,,,0.23822307586669922,,0.9114561080932617,2.860200881958008,0.22864532470703125,,0.2358698844909668,0.25560617446899414,0.9209179878234863,0.28151988983154297,0.2747941017150879,1.2027559280395508,0.2645390033721924,0.588036298751831,,0.5873489379882812,,0.55718994140625,0.5183758735656738,1.2178869247436523,0.25910305976867676,0.2559700012207031,0.5657327175140381,0.2635519504547119,0.7584717273712158,,0.25609803199768066,,0.973060131072998,0.533062219619751,0.5404469966888428,0.2411341667175293,,,,0.9331159591674805,0.24787688255310059,,1.2486169338226318,,,,1.2837440967559814,2.0337002277374268,0.2564888000488281,0.2823328971862793
1582,0.29315185546875,0.2536201477050781,,,0.25676512718200684,,5.180015802383423,1.8759801387786865,0.23999309539794922,,0.24838995933532715,0.25188517570495605,3.5649240016937256,0.30199408531188965,0.26759791374206543,0.9243919849395752,0.25768399238586426,0.5871717929840088,,0.5598220825195312,,0.983234167098999,0.8914422988891602,0.9200918674468994,0.29130983352661133,0.22803616523742676,0.29117512702941895,0.2612428665161133,0.5609006881713867,,0.24185514450073242,,0.5729761123657227,1.5746350288391113,0.5431439876556396,0.28025102615356445,,,,0.2336728572845459,0.3977787494659424,,0.5478248596191406,,,,1.244596242904663,2.4753549098968506,0.2634701728820801,0.5479476451873779
1583,0.27866220474243164,0.5879330635070801,,,0.5095632076263428,,2.8222830295562744,1.5640859603881836,0.25697994232177734,,0.23260903358459473,0.25391411781311035,1.839322805404663,0.30269598960876465,0.264240026473999,0.8850917816162109,0.26789188385009766,0.5901868343353271,,0.5783617496490479,,1.2682280540466309,0.2270679473876953,1.2445662021636963,0.2999691963195801,0.22517991065979004,0.26072001457214355,0.25408411026000977,0.5264194011688232,,0.23332810401916504,,1.0053529739379883,0.5318012237548828,0.9976491928100586,0.2618889808654785,,,,0.8886592388153076,0.2875792980194092,,1.2482430934906006,,,,0.5506999492645264,17.049703121185303,0.26155877113342285,0.5659809112548828
1584,0.2779967784881592,0.2725191116333008,,,0.2604200839996338,,2.5972750186920166,1.6034862995147705,0.2618229389190674,,0.23314285278320312,0.23978710174560547,3.202752113342285,0.2882099151611328,0.9617419242858887,2.5845680236816406,0.2631237506866455,0.6349830627441406,,0.5876858234405518,,0.5997509956359863,0.5382781028747559,0.5249571800231934,0.2721879482269287,0.2333528995513916,0.26068782806396484,0.26885390281677246,0.4905588626861572,,0.2563462257385254,,1.2866852283477783,1.2112681865692139,1.002181053161621,0.2654988765716553,,,,1.0977439880371094,0.3054070472717285,,2.265054941177368,,,,1.236194133758545,0.7363221645355225,0.2597818374633789,0.542147159576416
1585,0.2742021083831787,0.2575209140777588,,,0.5638890266418457,,2.88161301612854,1.1996259689331055,0.25496792793273926,,0.23095393180847168,0.25301289558410645,4.172992944717407,0.6634640693664551,0.5663156509399414,3.525881052017212,0.26965904235839844,0.5665011405944824,,0.5461061000823975,,1.2799828052520752,0.5007719993591309,1.6369330883026123,0.2906792163848877,0.23623013496398926,0.24359488487243652,0.2641139030456543,0.5482921600341797,,0.2532463073730469,,0.9493522644042969,0.5630671977996826,0.591500997543335,0.2665128707885742,,,,0.26018691062927246,0.29047417640686035,,0.5720839500427246,,,,0.5762801170349121,2.148768901824951,0.27965688705444336,0.27746105194091797
1586,0.25531792640686035,0.2866837978363037,,,0.2729480266571045,,2.2291409969329834,0.5294549465179443,0.23656320571899414,,0.2609291076660156,0.2612040042877197,3.575645923614502,0.284404993057251,0.24821710586547852,1.5782439708709717,0.2759101390838623,0.6276330947875977,,0.591498851776123,,0.5639619827270508,0.9277329444885254,1.7991878986358643,0.2929089069366455,0.2719130516052246,0.5341629981994629,0.2608921527862549,1.1492221355438232,,0.2608771324157715,,0.5649340152740479,10.297821998596191,0.2966790199279785,0.2617487907409668,,,,0.23764824867248535,0.2689080238342285,,1.6101598739624023,,,,0.582874059677124,1.6159989833831787,0.2607238292694092,0.5402553081512451
1587,0.28227710723876953,0.268665075302124,,,0.25226807594299316,,1.1922969818115234,2.245133876800537,0.22984790802001953,,0.25246715545654297,0.254335880279541,5.603509187698364,0.6038320064544678,0.24226713180541992,1.5400581359863281,0.27600574493408203,0.5761599540710449,,0.24982094764709473,,1.2671687602996826,0.5524001121520996,0.5229706764221191,0.2816290855407715,0.2486419677734375,0.27145886421203613,0.26727986335754395,1.1791629791259766,,0.23579096794128418,,0.6086452007293701,0.5484058856964111,0.5770018100738525,0.2741057872772217,,,,0.27648019790649414,0.26560115814208984,,0.5837130546569824,,,,0.5443639755249023,6.2324888706207275,0.25542688369750977,0.28627705574035645
1588,0.2537417411804199,0.2823760509490967,,,0.5458071231842041,,5.111653089523315,2.9262380599975586,0.2580840587615967,,0.2609128952026367,0.2392408847808838,17.532010078430176,0.28115105628967285,0.24166393280029297,0.8993239402770996,0.26455068588256836,0.5796060562133789,,0.6129109859466553,,0.5430159568786621,0.5186889171600342,1.2219688892364502,0.2895669937133789,0.25110292434692383,0.5454850196838379,0.2829148769378662,1.5308139324188232,,0.2595791816711426,,0.6275739669799805,1.2221629619598389,0.826218843460083,0.2371058464050293,,,,0.22002172470092773,0.2943270206451416,,0.5790019035339355,,,,0.554466962814331,2.952533006668091,0.2657589912414551,0.27471303939819336
1589,0.2547330856323242,0.29567718505859375,,,0.24289608001708984,,0.9449107646942139,1.1875321865081787,0.2631690502166748,,0.2362210750579834,0.2675337791442871,17.46590495109558,1.1012461185455322,0.9458141326904297,1.3358371257781982,0.2406771183013916,0.58744215965271,,0.24586105346679688,,1.7208218574523926,0.8740060329437256,0.5460789203643799,0.2626628875732422,0.2449498176574707,0.5511999130249023,0.2522389888763428,0.8966729640960693,,0.23842406272888184,,2.604537010192871,0.9452190399169922,1.0173320770263672,0.24423599243164062,,,,0.5356040000915527,0.2508358955383301,,0.969062089920044,,,,0.5624868869781494,0.9725069999694824,0.28432226181030273,0.5572421550750732
1590,0.27585601806640625,0.27767300605773926,,,0.26453304290771484,,1.5030829906463623,1.018057107925415,0.2519359588623047,,0.2322399616241455,0.2647230625152588,5.626330852508545,2.622648000717163,0.26166820526123047,0.8668889999389648,0.26636624336242676,0.5835311412811279,,0.5963280200958252,,0.5481929779052734,0.5528159141540527,1.236212968826294,0.2913548946380615,0.23168396949768066,0.5119001865386963,0.23890185356140137,0.5322680473327637,,0.24968600273132324,,1.229457139968872,1.2475807666778564,0.6080360412597656,0.25170183181762695,,,,0.25767087936401367,0.2859950065612793,,0.5611889362335205,,,,0.5512990951538086,2.942080020904541,0.2909069061279297,0.5498561859130859
1591,0.27561020851135254,0.2770390510559082,,,0.2862739562988281,,8.916444778442383,1.2553091049194336,0.24800610542297363,,0.2583630084991455,0.2793598175048828,5.961151361465454,0.28130292892456055,0.5833818912506104,2.0188848972320557,0.2638211250305176,0.563370943069458,,0.5635049343109131,,1.2271451950073242,0.5474450588226318,1.2513761520385742,0.29537105560302734,0.2566521167755127,0.2704000473022461,0.2395000457763672,0.54970383644104,,0.2584559917449951,,0.5343201160430908,0.566032886505127,0.6036231517791748,0.24589967727661133,,,,0.2795729637145996,0.2926051616668701,,0.5650029182434082,,,,1.0760750770568848,0.5080680847167969,0.31609511375427246,0.27770090103149414
1592,0.29656195640563965,0.650540828704834,,,0.254497766494751,,10.537505865097046,0.5141298770904541,0.2505378723144531,,0.2600882053375244,0.2641310691833496,13.706594944000244,0.6646578311920166,0.9665229320526123,1.2460289001464844,0.2794978618621826,0.561953067779541,,0.3032987117767334,,0.586787223815918,0.9230329990386963,0.5804622173309326,0.2877330780029297,0.2281968593597412,0.23148608207702637,0.26379990577697754,0.5179870128631592,,0.23444104194641113,,0.5549192428588867,0.547753095626831,3.968106985092163,0.2691981792449951,,,,0.2389509677886963,0.3511631488800049,,1.232234239578247,,,,1.2164630889892578,0.49861598014831543,0.2823810577392578,0.29117417335510254
1593,0.27721118927001953,0.2711448669433594,,,0.27314114570617676,,0.9031960964202881,0.544727087020874,0.24837398529052734,,0.2354569435119629,0.25399112701416016,17.55476713180542,0.2933199405670166,0.2610650062561035,0.9293551445007324,0.26830196380615234,0.6132709980010986,,0.24457502365112305,,0.5603439807891846,0.5480842590332031,1.2388012409210205,0.3151359558105469,0.23841309547424316,0.25743603706359863,0.2769789695739746,0.5381782054901123,,0.26242613792419434,,1.2543458938598633,1.18464994430542,0.583543062210083,0.24174904823303223,,,,0.25777578353881836,0.6193220615386963,,0.5653529167175293,,,,1.2044289112091064,0.8805959224700928,0.28768420219421387,0.5384888648986816
1594,0.25397801399230957,0.2755777835845947,,,0.26210689544677734,,4.767936944961548,0.522777795791626,0.2450389862060547,,0.24840092658996582,0.25461411476135254,2.822119951248169,0.2850151062011719,0.5862720012664795,0.9522156715393066,0.2564198970794678,0.5964109897613525,,0.23149418830871582,,0.932075023651123,0.542607307434082,1.6260669231414795,0.285567045211792,0.2296769618988037,0.257094144821167,0.23871111869812012,0.5375120639801025,,0.23689603805541992,,0.9782328605651855,0.5326900482177734,1.3644940853118896,0.2559990882873535,,,,0.23930788040161133,0.28846096992492676,,1.671534776687622,,,,1.2126479148864746,0.48374509811401367,0.2819540500640869,0.25255298614501953
1595,0.2464609146118164,0.2850668430328369,,,0.258770227432251,,2.4577150344848633,0.5302121639251709,0.24479913711547852,,0.24303317070007324,0.24071002006530762,9.298451900482178,0.29521989822387695,0.2604691982269287,1.5792078971862793,0.26401615142822266,0.5980038642883301,,0.5447831153869629,,0.5346698760986328,0.871344804763794,1.000312089920044,0.29673099517822266,0.23975324630737305,0.5360581874847412,0.26157689094543457,0.5477371215820312,,0.27414679527282715,,0.9528951644897461,1.1818480491638184,2.893927812576294,0.26389384269714355,,,,0.24702882766723633,0.5727291107177734,,0.5613408088684082,,,,0.534085750579834,16.464908123016357,0.2579689025878906,0.2591390609741211
1596,0.2733938694000244,0.27666306495666504,,,0.5363199710845947,,0.8615691661834717,2.2468080520629883,0.25699687004089355,,0.2595970630645752,0.27840685844421387,17.444844007492065,0.27016186714172363,0.2677268981933594,0.6158978939056396,0.24129581451416016,0.5877759456634521,,0.5470461845397949,,1.2266340255737305,0.5294098854064941,1.2448546886444092,0.2731351852416992,0.2711670398712158,0.5135290622711182,0.2593867778778076,0.5311408042907715,,0.243088960647583,,0.5606791973114014,0.5180559158325195,0.6045181751251221,0.23863816261291504,,,,0.264955997467041,0.27802324295043945,,1.2799029350280762,,,,0.5373091697692871,5.663743019104004,0.6116180419921875,0.2868950366973877
1597,0.2684500217437744,0.27542805671691895,,,0.543583869934082,,0.8760831356048584,2.9199202060699463,0.23943805694580078,,0.25100088119506836,0.2666800022125244,0.4328348636627197,0.28668689727783203,0.27460503578186035,1.0946059226989746,0.27039504051208496,0.5905771255493164,,0.5458729267120361,,1.2498440742492676,0.5159471035003662,1.2308380603790283,0.2838609218597412,0.2397909164428711,0.2659142017364502,0.23817086219787598,0.24538493156433105,,0.2315692901611328,,0.5721640586853027,1.2080202102661133,0.2608489990234375,0.283250093460083,,,,0.2330160140991211,0.2861182689666748,,1.2661314010620117,,,,0.5583820343017578,0.5364620685577393,0.2734220027923584,0.8387320041656494
1598,0.27604198455810547,0.29613685607910156,,,0.5278971195220947,,7.982301950454712,0.5370278358459473,0.25757598876953125,,0.2619619369506836,0.2651538848876953,17.625257968902588,0.31174683570861816,0.2706000804901123,1.693140983581543,0.2523930072784424,0.569119930267334,,0.5309090614318848,,0.566558837890625,0.5016012191772461,1.2011051177978516,0.31139397621154785,0.2246241569519043,0.24395012855529785,0.2535860538482666,1.348092794418335,,0.24155402183532715,,0.5849010944366455,0.534264087677002,0.560636043548584,0.26558589935302734,,,,0.2490088939666748,0.25356292724609375,,2.0683608055114746,,,,0.5812571048736572,17.893428087234497,0.2844972610473633,0.27936792373657227
1599,0.24998712539672852,0.2930581569671631,,,0.5568890571594238,,6.799957990646362,0.533134937286377,0.25838208198547363,,0.23685574531555176,0.26250696182250977,1.7369790077209473,0.3159029483795166,0.25049495697021484,0.8752689361572266,0.24225616455078125,0.6349678039550781,,0.5385150909423828,,3.2957990169525146,0.9245607852935791,0.5652222633361816,0.2965970039367676,0.23120403289794922,0.2713768482208252,0.259594202041626,0.5513720512390137,,0.23647713661193848,,0.5633969306945801,0.9668848514556885,0.6018092632293701,0.2610781192779541,,,,0.26143527030944824,0.3012888431549072,,1.2395269870758057,,,,0.580819845199585,0.11800503730773926,0.2634260654449463,0.2538611888885498
1600,0.2735590934753418,0.2789130210876465,,,0.26489925384521484,,0.9111061096191406,0.5597248077392578,0.255159854888916,,0.23254990577697754,0.26610302925109863,2.99271297454834,0.6266906261444092,0.24161624908447266,0.584967851638794,0.24886131286621094,0.5929610729217529,,0.5635898113250732,,0.5265119075775146,0.5348076820373535,0.5507967472076416,0.28589701652526855,0.23539400100708008,0.27329587936401367,0.2656581401824951,0.5491290092468262,,0.27713489532470703,,0.9556868076324463,0.9766650199890137,0.5490398406982422,0.2663259506225586,,,,0.2638370990753174,0.5884449481964111,,0.5296528339385986,,,,0.5808019638061523,1.214035987854004,0.2615947723388672,0.2721407413482666
1601,0.27619123458862305,0.2770209312438965,,,0.2526848316192627,,5.080957889556885,1.4385690689086914,0.24448204040527344,,0.26047277450561523,0.27031993865966797,17.430299043655396,1.0223050117492676,0.936424970626831,0.913179874420166,0.25455737113952637,0.5811409950256348,,0.5624730587005615,,1.545323133468628,0.8538129329681396,1.241628885269165,0.27557897567749023,0.25,0.2765500545501709,0.2742960453033447,0.5196957588195801,,0.2450122833251953,,0.5828781127929688,0.5112490653991699,0.6317291259765625,0.27248311042785645,,,,0.2929201126098633,0.6121470928192139,,1.2045197486877441,,,,0.5749218463897705,1.2055928707122803,0.30155277252197266,0.2592442035675049
1602,0.2684590816497803,0.5728881359100342,,,0.23729801177978516,,15.586712837219238,0.9159519672393799,0.23015880584716797,,0.2506840229034424,0.23764777183532715,17.341984033584595,0.3131592273712158,0.24843335151672363,0.5912621021270752,0.2546529769897461,1.0027267932891846,,0.5679671764373779,,0.5606770515441895,0.497363805770874,0.22904229164123535,0.2714989185333252,0.22946691513061523,0.2671518325805664,0.2426891326904297,0.502086877822876,,0.24944210052490234,,0.9968609809875488,17.192616939544678,0.6336269378662109,0.28848719596862793,,,,0.2435131072998047,0.3222320079803467,,1.2972543239593506,,,,0.5472121238708496,1.2440130710601807,0.2834479808807373,0.2788400650024414
1603,0.24922418594360352,0.2824699878692627,,,0.5446069240570068,,4.580142021179199,0.8972148895263672,0.2510409355163574,,0.26105403900146484,0.23804903030395508,15.907304286956787,0.28407883644104004,0.9780230522155762,1.3646478652954102,0.2552938461303711,0.5870542526245117,,0.5924150943756104,,0.5686168670654297,0.8933999538421631,1.5949809551239014,0.27565908432006836,0.24094629287719727,0.852524995803833,0.26996684074401855,0.5173618793487549,,0.24961066246032715,,1.2506439685821533,0.897219181060791,0.2513747215270996,0.24125075340270996,,,,0.24549007415771484,0.24875712394714355,,3.864644765853882,,,,0.515516996383667,0.5274398326873779,0.2587909698486328,0.5754179954528809
1604,0.27614378929138184,0.27344417572021484,,,0.5422370433807373,,13.720333099365234,3.162022829055786,0.26944684982299805,,0.23952317237854004,0.2586808204650879,17.024487257003784,0.6796610355377197,0.9439029693603516,1.8099181652069092,0.23701810836791992,0.5958068370819092,,0.24851608276367188,,1.248784065246582,0.4998199939727783,0.7452890872955322,0.29143810272216797,0.24884700775146484,0.5148007869720459,0.24276304244995117,0.535865068435669,,0.23973703384399414,,2.65867280960083,0.9140400886535645,1.703564167022705,0.2545347213745117,,,,0.240156888961792,0.2506072521209717,,1.2830541133880615,,,,0.593275785446167,0.5389249324798584,0.3144071102142334,0.2920238971710205
1605,0.27605319023132324,0.5944287776947021,,,0.28662800788879395,,0.9209539890289307,0.5514121055603027,0.23875188827514648,,0.258897066116333,0.26497793197631836,0.5087020397186279,0.3410959243774414,0.9389009475708008,0.607975959777832,0.23550629615783691,0.6082861423492432,,0.5971646308898926,,0.5615689754486084,0.5007920265197754,1.2108139991760254,0.29472994804382324,0.22428297996520996,0.27521204948425293,0.23836207389831543,0.5354540348052979,,0.24807500839233398,,0.5723087787628174,0.5963008403778076,2.4963488578796387,0.24167704582214355,,,,0.24339509010314941,0.28148508071899414,,1.666032075881958,,,,0.5815379619598389,6.806083917617798,0.31165099143981934,0.2770049571990967
1606,0.2516520023345947,0.5934138298034668,,,0.2457129955291748,,8.990516901016235,0.9165351390838623,0.2566399574279785,,0.23786282539367676,0.28188276290893555,17.384294986724854,1.4353687763214111,0.2880082130432129,0.9276130199432373,0.2591989040374756,0.5848798751831055,,0.5620229244232178,,1.2511448860168457,0.48712801933288574,0.5356190204620361,0.29275012016296387,0.26424670219421387,0.5287728309631348,0.24598217010498047,0.5445749759674072,,0.257343053817749,,0.5604920387268066,0.5475590229034424,0.5526168346405029,0.25933098793029785,,,,0.2736058235168457,0.2734260559082031,,0.5471220016479492,,,,0.5802547931671143,1.2051656246185303,0.29937314987182617,0.27789306640625
1607,0.2899777889251709,0.29788899421691895,,,0.2693772315979004,,9.59011697769165,1.2332170009613037,0.24625205993652344,,0.2732391357421875,0.2621738910675049,9.959035158157349,0.2977621555328369,0.25095582008361816,0.9182779788970947,0.25524187088012695,0.5902519226074219,,0.2686960697174072,,0.5333061218261719,0.5541589260101318,0.5221419334411621,0.28998422622680664,0.22822213172912598,0.5261871814727783,0.25130295753479004,0.5434978008270264,,0.24078011512756348,,1.9085650444030762,0.5325169563293457,0.5790472030639648,0.28307604789733887,,,,0.5647017955780029,0.27617526054382324,,0.5645089149475098,,,,0.5618760585784912,0.5633640289306641,0.2740449905395508,0.30672597885131836
1608,0.25263118743896484,0.41231393814086914,,,0.23798704147338867,,9.839607954025269,2.8471879959106445,0.2459249496459961,,0.23987817764282227,0.2634139060974121,8.604794263839722,1.4150080680847168,0.24440479278564453,0.6071398258209229,0.2661111354827881,0.6047379970550537,,0.585155725479126,,1.708083152770996,1.1829218864440918,0.5214688777923584,0.28522610664367676,0.23348498344421387,0.8667006492614746,0.25980591773986816,0.5292141437530518,,0.2626678943634033,,0.5527279376983643,0.5646629333496094,0.5776052474975586,0.2629508972167969,,,,0.2884790897369385,0.572739839553833,,2.034954071044922,,,,0.5663337707519531,17.52207112312317,0.3316049575805664,0.5525541305541992
1609,0.2694518566131592,0.28522396087646484,,,0.24815607070922852,,0.5665087699890137,0.9144177436828613,0.24422097206115723,,0.2556021213531494,0.2639801502227783,16.872488975524902,0.6045613288879395,0.2477128505706787,0.9563820362091064,0.2627549171447754,1.017660140991211,,0.5805239677429199,,0.556492805480957,0.5493631362915039,0.565648078918457,0.27356386184692383,0.23956084251403809,0.5477569103240967,0.2530980110168457,0.5255899429321289,,0.2624678611755371,,0.538783073425293,0.8880572319030762,1.3697102069854736,0.25596094131469727,,,,0.9111440181732178,0.5997271537780762,,1.2160680294036865,,,,0.577721118927002,0.2672560214996338,0.2709376811981201,0.5423710346221924
1610,0.2515690326690674,0.26195693016052246,,,0.522108793258667,,1.5760231018066406,7.050814867019653,0.2560701370239258,,0.24907898902893066,0.23866772651672363,,1.056169033050537,0.24254989624023438,0.9314219951629639,0.2570531368255615,0.5938229560852051,,0.601287841796875,,0.9734759330749512,0.548861026763916,0.5640380382537842,0.25518798828125,0.25327610969543457,0.24847197532653809,0.2426438331604004,0.5242617130279541,,0.25687599182128906,,0.589860200881958,1.1801457405090332,1.8739509582519531,0.23922991752624512,,,,0.98250412940979,0.2504439353942871,,0.5653619766235352,,,,0.542449951171875,0.5616860389709473,0.2616419792175293,0.26433491706848145
1611,0.24940896034240723,0.2951219081878662,,,0.26848530769348145,,10.978245973587036,1.9509899616241455,0.24999189376831055,,0.25009727478027344,0.2800319194793701,,0.3000609874725342,0.24544787406921387,1.30525803565979,0.238969087600708,0.6009490489959717,,0.5806348323822021,,0.9270899295806885,0.5083379745483398,2.2174949645996094,0.25389909744262695,0.2656271457672119,0.5143351554870605,0.24601411819458008,0.5277068614959717,,0.2463068962097168,,0.9827380180358887,10.602651119232178,0.6026899814605713,0.2718081474304199,,,,0.26773929595947266,0.2811887264251709,,0.5564417839050293,,,,0.5763697624206543,12.814666986465454,0.27789807319641113,0.575995922088623
1612,0.29374122619628906,0.5919389724731445,,,0.3487691879272461,,17.252074003219604,1.2369270324707031,0.2462751865386963,,0.25932788848876953,0.2688772678375244,,0.6255860328674316,0.24533915519714355,4.071211814880371,0.29012298583984375,0.583582878112793,,0.5628340244293213,,1.6969406604766846,0.550255298614502,0.564720869064331,0.2687220573425293,0.24877572059631348,0.30429983139038086,0.23846077919006348,0.5500543117523193,,0.23444199562072754,,9.201332092285156,0.5745258331298828,0.5852210521697998,0.28028321266174316,,,,0.2799522876739502,0.2698650360107422,,1.201103687286377,,,,0.5642471313476562,0.9473831653594971,0.30046606063842773,0.2584419250488281
1613,0.2500429153442383,0.61008620262146,,,0.26555800437927246,,1.3678367137908936,0.5193028450012207,0.253187894821167,,0.2556769847869873,0.26458001136779785,,0.29927706718444824,0.9369900226593018,0.8883728981018066,0.25334811210632324,0.2787611484527588,,0.5798249244689941,,0.5266828536987305,1.9358348846435547,3.2377641201019287,0.30058717727661133,0.22748708724975586,0.5246291160583496,0.26941490173339844,0.5283138751983643,,0.25257086753845215,,0.9788548946380615,1.2356891632080078,0.6125869750976562,0.26798367500305176,,,,0.2611119747161865,0.3117518424987793,,0.7199559211730957,,,,0.9381289482116699,1.2327818870544434,0.3043692111968994,0.5352060794830322
1614,0.2742478847503662,0.28843116760253906,,,0.2576310634613037,,3.2313179969787598,3.285717010498047,0.2560608386993408,,0.26281023025512695,0.2606971263885498,,0.6574199199676514,0.27483201026916504,1.555906057357788,0.2419729232788086,0.5635831356048584,,0.5493130683898926,,0.5912449359893799,0.5497517585754395,0.5275599956512451,0.28475117683410645,0.2513418197631836,0.5327348709106445,0.24039697647094727,0.4998619556427002,,0.24378705024719238,,1.024420976638794,1.1652438640594482,0.5411570072174072,0.2522768974304199,,,,0.26376771926879883,0.2577989101409912,,2.264338970184326,,,,1.1707050800323486,0.509608268737793,0.2674257755279541,0.268841028213501
1615,0.25100278854370117,0.5835471153259277,,,0.5612969398498535,,11.041733980178833,1.897369146347046,0.2505652904510498,,0.23999691009521484,0.2671620845794678,,0.6395688056945801,0.9997713565826416,0.8725860118865967,0.2587158679962158,1.0297307968139648,,0.5761837959289551,,0.6036019325256348,0.5503537654876709,1.2472119331359863,0.2691960334777832,0.24927496910095215,0.2747228145599365,0.26167869567871094,0.5277712345123291,,0.2788372039794922,,1.2494277954101562,17.80134606361389,0.5765380859375,0.24575281143188477,,,,0.23648905754089355,0.6250238418579102,,2.265598773956299,,,,0.5539319515228271,0.4996659755706787,0.2965521812438965,0.30072498321533203
1616,0.27101922035217285,0.26688098907470703,,,0.24521803855895996,,3.58782696723938,0.5331220626831055,0.23134422302246094,,0.26331615447998047,0.26666808128356934,,0.6691100597381592,0.6197571754455566,0.9092347621917725,0.23468899726867676,0.5992269515991211,,0.5758321285247803,,0.5788648128509521,0.5464038848876953,1.2313580513000488,0.27194905281066895,0.268064022064209,0.2701120376586914,0.26469922065734863,1.2424092292785645,,0.261152982711792,,1.6939589977264404,0.6603569984436035,1.3471400737762451,0.24720001220703125,,,,0.256533145904541,0.2709817886352539,,1.292900800704956,,,,0.5652239322662354,2.1652727127075195,0.5989902019500732,1.310317039489746
1617,0.2665748596191406,0.28464698791503906,,,0.25920796394348145,,1.159463882446289,0.5502068996429443,0.2545018196105957,,0.28546810150146484,0.24249696731567383,,1.434370756149292,0.2695310115814209,2.090924024581909,0.274616003036499,0.5908348560333252,,0.9601662158966064,,0.9494359493255615,1.5404589176177979,0.5502080917358398,0.28538990020751953,0.2415790557861328,0.6868801116943359,0.26247191429138184,0.5433669090270996,,0.2367720603942871,,3.3350069522857666,17.897807836532593,2.730355978012085,0.26139116287231445,,,,0.2606391906738281,0.3657841682434082,,1.6538763046264648,,,,0.5797717571258545,1.124723196029663,0.6467082500457764,0.5894148349761963
1618,0.25429606437683105,0.2771599292755127,,,0.27240824699401855,,10.721330881118774,0.5658280849456787,0.24196696281433105,,0.26648712158203125,0.24119925498962402,,0.34241628646850586,0.270327091217041,1.2787010669708252,0.24024701118469238,0.6229610443115234,,0.27324891090393066,,0.559185266494751,0.9232840538024902,1.1992499828338623,0.2759120464324951,0.26279497146606445,0.57511305809021,0.2807459831237793,0.5612452030181885,,0.25917577743530273,,0.5634901523590088,17.83138108253479,2.536393880844116,0.24216127395629883,,,,0.26088404655456543,0.28507304191589355,,0.5617189407348633,,,,1.248384952545166,0.6332449913024902,0.34038686752319336,0.5864357948303223
1619,0.27190184593200684,0.3177800178527832,,,0.2710709571838379,,2.9185948371887207,0.5146040916442871,0.2739677429199219,,0.26197290420532227,0.2633950710296631,,0.6679818630218506,0.26242709159851074,2.2622060775756836,0.23533225059509277,0.5834429264068604,,0.5811741352081299,,1.285599946975708,0.5234260559082031,1.2636408805847168,0.27277374267578125,0.24979424476623535,0.25165677070617676,0.26392602920532227,0.5450339317321777,,0.2354278564453125,,2.6174237728118896,18.05032706260681,0.5667650699615479,0.24707913398742676,,,,0.26398277282714844,0.5870342254638672,,0.5661659240722656,,,,0.5831561088562012,0.6222631931304932,0.26064300537109375,0.6210970878601074
1620,0.25309109687805176,0.41727495193481445,,,0.2729310989379883,,2.934999942779541,2.110215902328491,0.23621392250061035,,0.2655029296875,0.2626781463623047,,0.6445198059082031,0.5709302425384521,0.5884668827056885,0.2590820789337158,0.6157162189483643,,0.5612709522247314,,0.5677061080932617,0.5562789440155029,0.9297668933868408,0.28672194480895996,0.23011088371276855,0.29796504974365234,0.23790407180786133,1.1396899223327637,,0.2788369655609131,,1.0485379695892334,0.7152330875396729,0.6953949928283691,0.24892807006835938,,,,0.2594759464263916,0.5896620750427246,,1.9528429508209229,,,,0.5649139881134033,1.2433931827545166,0.3384840488433838,0.26131391525268555
1621,0.2745320796966553,0.26372504234313965,,,0.2881748676300049,,8.59260892868042,2.8454110622406006,0.23160386085510254,,0.2527308464050293,0.28335094451904297,,0.6391420364379883,0.6004419326782227,0.9092531204223633,0.26869821548461914,0.6203367710113525,,0.25318098068237305,,0.9451231956481934,1.8641159534454346,0.5640110969543457,0.2685561180114746,0.28331899642944336,0.5018067359924316,0.2674260139465332,0.5207359790802002,,0.26553916931152344,,0.5916397571563721,17.917725086212158,1.3408987522125244,0.24541902542114258,,,,0.2416090965270996,0.6044769287109375,,1.2153358459472656,,,,0.5367228984832764,1.0088300704956055,0.256026029586792,0.4380321502685547
1622,0.26642298698425293,0.5627944469451904,,,0.273388147354126,,9.909503936767578,1.1770601272583008,0.23196005821228027,,0.26192307472229004,0.25460004806518555,,0.5921859741210938,0.26718807220458984,0.8745179176330566,0.2795701026916504,0.4632680416107178,,0.5605852603912354,,0.951416015625,0.5467629432678223,1.6659939289093018,0.2859499454498291,0.2652113437652588,0.2610149383544922,0.2653310298919678,0.5250248908996582,,0.2684290409088135,,0.5479180812835693,17.971153736114502,0.5928769111633301,0.26450014114379883,,,,0.24816489219665527,0.5624430179595947,,1.2294800281524658,,,,0.549187183380127,7.491342782974243,0.2669391632080078,0.27373814582824707
1623,0.24608397483825684,0.5710551738739014,,,0.2520630359649658,,13.375911951065063,2.188751697540283,0.23167896270751953,,0.2686939239501953,0.2418982982635498,,0.2787051200866699,0.2759380340576172,0.5946187973022461,0.26385998725891113,0.6545140743255615,,0.6001009941101074,,0.5618932247161865,1.4840221405029297,1.2623012065887451,0.28903794288635254,0.2626991271972656,0.3073761463165283,0.279552698135376,0.5297279357910156,,0.26292920112609863,,0.5613119602203369,1.1813161373138428,0.6356029510498047,0.24584722518920898,,,,0.23598313331604004,0.26876115798950195,,0.648097038269043,,,,0.6403188705444336,0.5284390449523926,0.28191614151000977,0.5769379138946533
1624,0.24658989906311035,0.2971920967102051,,,0.24531316757202148,,,1.2147367000579834,0.2771623134613037,,0.2630159854888916,0.23803091049194336,,1.0598089694976807,0.25208592414855957,2.264474868774414,0.26622509956359863,0.5967092514038086,,0.5605001449584961,,0.5636599063873291,0.5341236591339111,0.53609299659729,0.27616405487060547,0.2645750045776367,0.5826530456542969,0.26563501358032227,0.6312229633331299,,0.2634470462799072,,2.6741909980773926,17.927141904830933,1.3666868209838867,0.24817681312561035,,,,0.25118207931518555,0.5675220489501953,,1.249748945236206,,,,0.5533046722412109,0.5229618549346924,0.5899019241333008,0.5911850929260254
1625,0.2782900333404541,0.2775590419769287,,,0.26288580894470215,,,0.5269787311553955,0.2374730110168457,,0.26546669006347656,0.2572660446166992,,0.646226167678833,0.256605863571167,0.8995048999786377,0.2610039710998535,0.6200990676879883,,0.5622930526733398,,3.9550089836120605,0.5200598239898682,1.2300529479980469,0.26352405548095703,0.26578617095947266,0.3129761219024658,0.2517130374908447,0.5483620166778564,,0.2548041343688965,,0.5802466869354248,18.279075860977173,0.9724678993225098,0.24294209480285645,,,,0.24198079109191895,0.2901270389556885,,1.9486701488494873,,,,0.56427001953125,0.5582611560821533,0.2835540771484375,0.5552980899810791
1626,0.2748689651489258,0.29204893112182617,,,0.27473998069763184,,,1.90659499168396,0.2620968818664551,,0.26041293144226074,0.28913187980651855,,0.7083261013031006,0.26781702041625977,2.1967828273773193,0.23846077919006348,0.5893886089324951,,0.27785181999206543,,0.559135913848877,0.5338411331176758,0.5512020587921143,0.27075886726379395,0.27341413497924805,0.5626039505004883,0.24353790283203125,1.2289330959320068,,0.2507941722869873,,0.6131560802459717,18.036200046539307,1.2433269023895264,0.2733490467071533,,,,0.2624948024749756,0.3060488700866699,,1.2197000980377197,,,,1.046274185180664,2.9333760738372803,0.3331420421600342,0.5743811130523682
1627,0.26734328269958496,0.25316786766052246,,,0.2499690055847168,,,1.9360570907592773,0.23327898979187012,,0.2844557762145996,0.26112890243530273,,0.29544973373413086,0.26111292839050293,1.0304250717163086,0.2798950672149658,0.6304130554199219,,0.2787337303161621,,3.4019079208374023,0.8771042823791504,0.5945558547973633,0.28968191146850586,0.2323000431060791,0.5546348094940186,0.23653292655944824,0.5443658828735352,,0.2365429401397705,,0.9695050716400146,1.3985381126403809,2.771620750427246,0.26901817321777344,,,,0.2639148235321045,0.28853392601013184,,1.2416341304779053,,,,1.2322490215301514,1.2207849025726318,0.25687599182128906,0.29633617401123047
1628,0.24973392486572266,0.579216718673706,,,0.5476479530334473,,,1.1504719257354736,0.23358511924743652,,0.25621986389160156,0.262631893157959,,0.28313589096069336,0.268110990524292,0.8623080253601074,0.26482677459716797,0.5852539539337158,,0.27759718894958496,,0.5599620342254639,1.5045709609985352,0.8618471622467041,0.3098440170288086,0.24777483940124512,0.28820204734802246,0.2760651111602783,0.540708065032959,,0.23992300033569336,,0.5615689754486084,18.26510787010193,0.5890507698059082,0.24390482902526855,,,,0.2732670307159424,0.6012022495269775,,1.2157940864562988,,,,0.5751359462738037,2.24283504486084,0.2993741035461426,0.5659821033477783
1629,0.2694258689880371,0.5742812156677246,,,0.5136451721191406,,,2.7833447456359863,0.27765917778015137,,0.24014520645141602,0.2636229991912842,,0.2952241897583008,0.2546579837799072,0.8310410976409912,0.26464414596557617,0.6164979934692383,,0.5756258964538574,,0.9326391220092773,1.1813380718231201,2.806612014770508,0.26726293563842773,0.24462485313415527,0.5199849605560303,0.27004504203796387,0.4977238178253174,,0.2647850513458252,,0.6067466735839844,18.1795711517334,0.9661910533905029,0.25408291816711426,,,,0.2424020767211914,0.5942199230194092,,2.500373125076294,,,,0.530925989151001,1.2292931079864502,0.2695751190185547,0.28770899772644043
1630,0.2543067932128906,0.5810222625732422,,,0.2572977542877197,,,0.5634748935699463,0.2374401092529297,,0.2569000720977783,0.2673161029815674,,1.0516548156738281,0.2847747802734375,0.5757308006286621,0.26694703102111816,0.6018800735473633,,0.576890230178833,,18.601356744766235,0.9456031322479248,1.1345529556274414,0.28431105613708496,0.2523629665374756,0.5462050437927246,0.2615518569946289,0.5474588871002197,,0.27838897705078125,,0.9806427955627441,,1.2933852672576904,0.23960590362548828,,,,0.2355659008026123,0.277756929397583,,2.9449808597564697,,,,0.5291051864624023,1.137760877609253,0.28508806228637695,0.6292369365692139
1631,0.2708241939544678,0.28090500831604004,,,0.5052618980407715,,,1.2107889652252197,0.22986507415771484,,0.2503378391265869,0.2905919551849365,,0.6615369319915771,0.24631023406982422,4.48725700378418,0.26358509063720703,0.5996148586273193,,0.5799527168273926,,18.597865104675293,0.5547802448272705,1.139078140258789,0.2861931324005127,0.2702040672302246,0.6160321235656738,0.2649669647216797,0.5493566989898682,,0.2711508274078369,,0.557103157043457,,0.5514121055603027,0.25200319290161133,,,,0.252413272857666,0.3096628189086914,,0.5384070873260498,,,,0.5569400787353516,0.5810272693634033,0.27000880241394043,0.2333211898803711
1632,0.26270508766174316,0.31735682487487793,,,0.27698683738708496,,,2.9479479789733887,0.26164984703063965,,0.28888773918151855,0.24733591079711914,,0.28472113609313965,0.2601180076599121,1.6027820110321045,0.2721738815307617,0.587367057800293,,0.5574109554290771,,18.432074069976807,0.5447449684143066,1.2116601467132568,0.26775288581848145,0.23677802085876465,0.5602998733520508,0.2643730640411377,0.5316390991210938,,0.25515198707580566,,1.3981029987335205,,0.5910499095916748,0.2595341205596924,,,,0.24365496635437012,0.6581399440765381,,1.6979756355285645,,,,0.5644910335540771,0.5654191970825195,0.2997629642486572,0.29705381393432617
1633,0.2569131851196289,0.2695019245147705,,,0.545922040939331,,,3.5305211544036865,0.23494195938110352,,0.2613410949707031,0.25899600982666016,,0.2885560989379883,0.27738404273986816,1.5594151020050049,0.24128317832946777,1.0317301750183105,,0.5828909873962402,,9.688316822052002,0.9914288520812988,0.9029500484466553,0.31625986099243164,0.2618129253387451,0.535656213760376,0.2687358856201172,0.5456581115722656,,0.25926828384399414,,1.3097138404846191,,0.611508846282959,0.24016785621643066,,,,0.2722289562225342,0.6132988929748535,,4.796486854553223,,,,0.6264159679412842,0.578326940536499,0.3330402374267578,0.6318438053131104
1634,0.2715940475463867,0.5817081928253174,,,0.8310811519622803,,,0.9371819496154785,0.2506380081176758,,0.26737189292907715,0.26889657974243164,,0.2766399383544922,1.023611068725586,0.8869249820709229,0.23995494842529297,0.6019859313964844,,0.27643728256225586,,18.55039119720459,1.838697910308838,0.5289199352264404,0.29300999641418457,0.2880282402038574,0.6026937961578369,0.25424623489379883,0.5168347358703613,,0.23492193222045898,,0.5568959712982178,,0.566148042678833,0.2458047866821289,,,,0.27010107040405273,0.38873291015625,,1.2260308265686035,,,,0.5299439430236816,0.940098762512207,0.2719688415527344,0.4246969223022461
1635,0.2590970993041992,0.2781870365142822,,,0.25881195068359375,,,10.547329902648926,0.26375317573547363,,0.25795912742614746,0.2541770935058594,,0.6428563594818115,0.2709770202636719,1.650231122970581,0.24739789962768555,1.3599779605865479,,0.5697870254516602,,18.649614810943604,0.5417242050170898,1.2701821327209473,0.288830041885376,0.28670215606689453,0.5333950519561768,0.23981595039367676,0.5001521110534668,,0.26712870597839355,,0.6162059307098389,,1.0272438526153564,0.2530789375305176,,,,0.2616748809814453,0.3086087703704834,,1.1841421127319336,,,,0.5099520683288574,1.2432689666748047,0.2634298801422119,0.2723848819732666
1636,0.26744866371154785,0.27492713928222656,,,0.24426507949829102,,,12.317380905151367,0.2647743225097656,,0.2651069164276123,0.2902541160583496,,0.2990119457244873,0.27915215492248535,0.5904989242553711,0.2482917308807373,1.006519079208374,,0.5687060356140137,,18.362511157989502,1.2019891738891602,1.1767449378967285,0.303394079208374,0.2787930965423584,0.2642056941986084,0.26767706871032715,0.5290088653564453,,0.2416539192199707,,0.5670580863952637,,1.0381460189819336,0.24243402481079102,,,,0.2567000389099121,0.5443801879882812,,1.6182582378387451,,,,0.5770549774169922,0.5246920585632324,0.2792651653289795,0.570396900177002
1637,0.2752840518951416,0.5657968521118164,,,0.5437150001525879,,,0.8988871574401855,0.25670599937438965,,0.262509822845459,0.2583441734313965,,0.305433988571167,0.24925708770751953,0.8852579593658447,0.2677628993988037,0.5930941104888916,,0.24119019508361816,,18.1679048538208,0.5594220161437988,0.9357948303222656,0.280454158782959,0.24864625930786133,0.5280897617340088,0.2636098861694336,0.5323879718780518,,0.25721025466918945,,0.6091337203979492,,0.5640132427215576,0.27120494842529297,,,,0.23589777946472168,0.5972568988800049,,2.042855978012085,,,,0.5817639827728271,1.2471227645874023,0.324908971786499,0.6861388683319092
1638,0.26781797409057617,0.9211699962615967,,,0.2686138153076172,,,0.5631818771362305,0.23581910133361816,,0.2566988468170166,0.25662684440612793,,1.025818109512329,0.2685880661010742,1.290086030960083,0.2696840763092041,0.6066031455993652,,0.5309877395629883,,18.548338174819946,0.5663890838623047,0.6093277931213379,0.31500887870788574,0.31340718269348145,0.5509328842163086,0.28081202507019043,0.5318610668182373,,0.23906803131103516,,1.053596019744873,,1.0335018634796143,0.24183297157287598,,,,0.260883092880249,0.5562808513641357,,0.598189115524292,,,,1.226992130279541,0.5577149391174316,0.31981897354125977,0.5790491104125977
1639,0.24430584907531738,0.5052328109741211,,,0.5790309906005859,,,0.9139330387115479,0.25836801528930664,,0.2709341049194336,0.2442948818206787,,0.29867005348205566,0.2624990940093994,1.6629459857940674,0.2544381618499756,1.2721951007843018,,0.5469460487365723,,18.590008974075317,2.899630069732666,1.2357468605041504,0.29300999641418457,0.30115294456481934,0.5423550605773926,0.2651059627532959,0.5001511573791504,,0.25995802879333496,,1.8643779754638672,,1.4833579063415527,0.24681401252746582,,,,0.2622230052947998,0.3021090030670166,,2.7292869091033936,,,,1.2411677837371826,1.6644470691680908,0.29364609718322754,0.3442051410675049
1640,0.2617192268371582,0.6039221286773682,,,0.5560572147369385,,,2.9316179752349854,0.26015424728393555,,0.25467419624328613,0.2711329460144043,,0.28832006454467773,0.25553202629089355,0.5964360237121582,0.2709691524505615,0.6191098690032959,,0.5569860935211182,,18.572956085205078,0.4985060691833496,1.2502100467681885,0.2713627815246582,0.30229616165161133,0.9393558502197266,0.26503586769104004,0.5163309574127197,,0.27025389671325684,,1.0304760932922363,,2.8219850063323975,0.24227499961853027,,,,0.25966405868530273,0.26823925971984863,,3.410827159881592,,,,1.227031946182251,1.1353340148925781,0.27933430671691895,0.577099084854126
1641,0.26244282722473145,0.579970121383667,,,0.5330281257629395,,,1.8663480281829834,0.26598310470581055,,0.2706611156463623,0.27843689918518066,,0.6356627941131592,1.006824016571045,0.6566390991210938,0.2405867576599121,0.582252025604248,,0.5615649223327637,,0.10509896278381348,1.5437140464782715,0.5223779678344727,0.2859468460083008,0.3280820846557617,0.5614409446716309,0.2596311569213867,0.4993431568145752,,0.25117969512939453,,0.6395590305328369,,1.7217237949371338,0.2734670639038086,,,,0.2702209949493408,0.2890770435333252,,0.5584869384765625,,,,1.2195370197296143,1.692620038986206,0.27570295333862305,0.29642391204833984
1642,0.2794480323791504,0.586759090423584,,,0.25540709495544434,,,0.9323570728302002,0.2654881477355957,,0.2812790870666504,0.2714519500732422,,0.2918360233306885,0.2697751522064209,0.8925042152404785,0.2893867492675781,1.044123888015747,,0.562446117401123,,18.419864892959595,0.5175199508666992,0.2614099979400635,0.2987792491912842,0.2828080654144287,0.5414299964904785,0.2406620979309082,0.5147850513458252,,0.2359762191772461,,0.5478289127349854,,1.7643508911132812,0.2746460437774658,,,,0.261127233505249,1.7368948459625244,,1.2075297832489014,,,,0.5306930541992188,1.5945379734039307,0.30059075355529785,0.546565055847168
1643,0.2629210948944092,0.5933191776275635,,,0.27189087867736816,,,0.9239218235015869,0.2624368667602539,,0.27785301208496094,0.24916791915893555,,0.6370089054107666,0.2503237724304199,3.8625519275665283,0.2480149269104004,0.6161658763885498,,0.5343420505523682,,18.536963939666748,1.2102689743041992,1.2237601280212402,0.29592418670654297,0.28283119201660156,0.5576801300048828,0.28060197830200195,0.5288817882537842,,0.24714899063110352,,0.6093258857727051,,2.4170970916748047,0.26933884620666504,,,,0.2785170078277588,0.7468769550323486,,1.2774598598480225,,,,0.5385968685150146,1.6781959533691406,0.2843761444091797,0.28452587127685547
1644,0.2642948627471924,0.596337080001831,,,0.25060486793518066,,,0.2582981586456299,0.2729768753051758,,0.24390578269958496,0.24514484405517578,,0.2806887626647949,0.2714979648590088,1.1928620338439941,0.24744415283203125,1.06837797164917,,0.5646789073944092,,,0.9159810543060303,1.2279281616210938,0.27441883087158203,0.2961761951446533,0.5885739326477051,0.2658660411834717,0.5501048564910889,,0.24455618858337402,,0.5888268947601318,,2.1606380939483643,0.254727840423584,,,,0.24081730842590332,0.5666439533233643,,1.6361567974090576,,,,0.5283939838409424,2.3320860862731934,0.28565382957458496,0.5259969234466553
1645,0.2553389072418213,0.5911140441894531,,,0.26677680015563965,,,0.9399261474609375,0.24851012229919434,,0.25356197357177734,0.24580097198486328,,0.6778078079223633,0.26886987686157227,1.6587741374969482,0.274212121963501,0.588824987411499,,0.5590569972991943,,,1.5197639465332031,0.5314581394195557,0.28166675567626953,0.27831196784973145,0.5418541431427002,0.2634139060974121,0.5195271968841553,,0.2774481773376465,,1.4252710342407227,,7.270108938217163,0.2601499557495117,,,,0.26597094535827637,0.5701661109924316,,1.2430012226104736,,,,0.5802831649780273,5.7378249168396,0.33426594734191895,0.279447078704834
1646,0.24673724174499512,0.26488804817199707,,,0.5203092098236084,,,0.8955662250518799,0.23778486251831055,,0.27239513397216797,0.2711679935455322,,0.29996681213378906,0.25222110748291016,0.6155190467834473,0.25482702255249023,0.6197769641876221,,0.5816371440887451,,,2.1780760288238525,1.2196509838104248,0.26770901679992676,0.33094096183776855,0.5772099494934082,0.2647271156311035,0.955855131149292,,0.264711856842041,,0.5821199417114258,,2.4891960620880127,0.24701333045959473,,,,0.2647550106048584,1.025836706161499,,0.5671470165252686,,,,0.559999942779541,1.581225872039795,0.2883799076080322,0.5739266872406006
1647,0.2948791980743408,0.260282039642334,,,0.27913379669189453,,,0.9407789707183838,0.2413330078125,,0.2763328552246094,0.23791813850402832,,0.2872741222381592,0.2711160182952881,1.6408071517944336,0.28146815299987793,1.019366979598999,,0.3278031349182129,,,0.5514323711395264,1.1478090286254883,0.26735496520996094,0.30092597007751465,0.5574889183044434,0.2619590759277344,0.5405921936035156,,0.2649848461151123,,0.577113151550293,,1.7505178451538086,0.2538869380950928,,,,0.2573051452636719,0.2659270763397217,,0.5963249206542969,,,,0.552415132522583,1.7859609127044678,0.3032519817352295,0.27762389183044434
1648,0.2757070064544678,0.2659032344818115,,,0.5466537475585938,,,2.2504770755767822,0.2593979835510254,,0.2696099281311035,0.26637887954711914,,0.29654479026794434,0.2529470920562744,1.6372559070587158,0.24983668327331543,0.587989091873169,,0.5625526905059814,,,3.185123920440674,1.216890811920166,0.30644989013671875,0.29712390899658203,0.5590968132019043,0.28178882598876953,0.5130372047424316,,0.26059699058532715,,0.5806500911712646,,0.6104538440704346,0.25525498390197754,,,,0.2729170322418213,0.868690013885498,,0.9146678447723389,,,,0.5642490386962891,4.060510873794556,0.25736308097839355,0.3060452938079834
1649,0.25052499771118164,0.2832460403442383,,,0.26568603515625,,,0.9139199256896973,0.28505802154541016,,0.253978967666626,0.26708483695983887,,0.2957346439361572,0.4942631721496582,0.5677182674407959,0.2532188892364502,0.5790331363677979,,0.2761237621307373,,,0.5619308948516846,0.49837613105773926,0.2990272045135498,0.3084716796875,0.5611572265625,0.2391648292541504,0.5300900936126709,,0.2375030517578125,,0.5829849243164062,,0.5926861763000488,0.2734858989715576,,,,0.2554910182952881,0.3002738952636719,,0.9323179721832275,,,,0.5309708118438721,0.9109218120574951,0.33322811126708984,0.5414049625396729
1650,0.2766611576080322,0.27612805366516113,,,0.5223989486694336,,,0.8882203102111816,0.2635977268218994,,0.26827216148376465,0.25876784324645996,,0.2762150764465332,0.2767188549041748,0.5687799453735352,0.26950597763061523,0.6117732524871826,,0.2517220973968506,,,1.2483110427856445,1.2592582702636719,0.2789459228515625,0.3032078742980957,0.5732612609863281,0.26477527618408203,0.5444190502166748,,0.28438901901245117,,0.5933420658111572,,2.465131998062134,0.2593390941619873,,,,0.2682178020477295,0.27910709381103516,,1.6381611824035645,,,,0.5831658840179443,0.9131560325622559,0.3260231018066406,0.25737595558166504
1651,0.249161958694458,0.274982213973999,,,0.26819801330566406,,,3.625858783721924,0.26253390312194824,,0.24536514282226562,0.2559018135070801,,0.3234119415283203,0.2752549648284912,1.29408597946167,0.26279187202453613,0.5921549797058105,,0.6096899509429932,,,0.7114999294281006,0.5530588626861572,0.3012721538543701,0.30315709114074707,0.5454459190368652,0.2648489475250244,0.5361299514770508,,0.25737714767456055,,0.5802938938140869,,4.233508825302124,0.26857686042785645,,,,0.24257588386535645,0.5907278060913086,,1.245732069015503,,,,0.5635688304901123,0.9760348796844482,0.282512903213501,0.5983972549438477
1652,0.2837650775909424,0.29064297676086426,,,0.2704780101776123,,,0.9642891883850098,0.26215028762817383,,0.269101619720459,0.253068208694458,,0.2923109531402588,0.28262805938720703,2.276334047317505,0.28601717948913574,0.5884571075439453,,0.5535311698913574,,,0.8770759105682373,0.8631680011749268,0.28521275520324707,0.2822549343109131,0.6366848945617676,0.2516460418701172,0.943767786026001,,0.2395000457763672,,0.5995988845825195,,0.587637186050415,0.27691173553466797,,,,0.27321505546569824,0.286484956741333,,1.8952250480651855,,,,0.5653610229492188,0.9375748634338379,0.2771430015563965,0.5954489707946777
1653,0.26886510848999023,0.5742442607879639,,,0.5098998546600342,,,3.9129862785339355,0.24014520645141602,,0.24866509437561035,0.24264907836914062,,0.29661107063293457,0.2697103023529053,1.1979808807373047,0.25502490997314453,0.7967789173126221,,0.6042819023132324,,,1.021144151687622,1.430955171585083,0.3069760799407959,0.26711606979370117,0.5421648025512695,0.2658579349517822,0.5505690574645996,,0.2605288028717041,,0.5780289173126221,,0.5718278884887695,0.26523900032043457,,,,0.2537679672241211,0.2843661308288574,,1.2490429878234863,,,,0.564939022064209,0.5761289596557617,0.29876708984375,0.26462697982788086
1654,0.24967408180236816,0.28508424758911133,,,0.5183451175689697,,,2.3184621334075928,0.2801692485809326,,0.27130889892578125,0.24158692359924316,,0.28957700729370117,0.2655980587005615,1.6336860656738281,0.2603881359100342,1.2990198135375977,,0.55908203125,,,0.9032492637634277,0.5301558971405029,0.3008279800415039,0.23656392097473145,0.564882755279541,0.24786710739135742,0.5472142696380615,,0.263822078704834,,0.5980520248413086,,10.634421825408936,0.24514102935791016,,,,0.2799839973449707,0.5562930107116699,,1.2472329139709473,,,,1.2989637851715088,3.0396888256073,0.28670287132263184,0.3045639991760254
1655,0.2500569820404053,0.5835602283477783,,,0.5446178913116455,,,0.9080760478973389,0.2668418884277344,,0.26276087760925293,0.2463388442993164,,0.29740190505981445,0.29497599601745605,0.8553862571716309,0.2416996955871582,0.611015796661377,,0.25882792472839355,,,0.549055814743042,0.5230181217193604,0.2750380039215088,0.25174713134765625,0.5597600936889648,0.24628782272338867,0.9201080799102783,,0.27100110054016113,,0.5491969585418701,,2.403729200363159,0.24368596076965332,,,,0.264876127243042,0.601154088973999,,1.8662221431732178,,,,0.5622429847717285,0.9290549755096436,0.2861928939819336,0.5713410377502441
1656,0.2762417793273926,0.5653066635131836,,,0.5586330890655518,,,1.5669500827789307,0.26098203659057617,,0.2597768306732178,0.26485204696655273,,0.3026561737060547,0.2517852783203125,0.6123592853546143,0.27680325508117676,0.5919568538665771,,0.26484203338623047,,,1.2191472053527832,0.5386688709259033,0.2767622470855713,0.26994800567626953,0.983860969543457,0.23974204063415527,0.4983830451965332,,0.23421001434326172,,0.6289849281311035,,0.2765018939971924,0.24315714836120605,,,,0.2548527717590332,0.30304598808288574,,0.5344200134277344,,,,0.5834050178527832,2.3456170558929443,0.2508559226989746,0.30335283279418945
1657,0.29567718505859375,0.6251070499420166,,,0.23890113830566406,,,3.485762119293213,0.26645588874816895,,0.28429198265075684,0.24915719032287598,,0.3848400115966797,0.25629401206970215,0.2885169982910156,0.2666459083557129,0.6091010570526123,,0.7779977321624756,,,0.5364289283752441,1.1501491069793701,0.2783339023590088,0.22964715957641602,0.5420191287994385,0.2405698299407959,0.5245938301086426,,0.2563028335571289,,0.6314029693603516,,0.5888030529022217,0.2691471576690674,,,,0.2691020965576172,0.5759730339050293,,6.722360134124756,,,,1.2161221504211426,1.206601858139038,0.5850081443786621,0.5931518077850342
1658,0.2516672611236572,0.5398452281951904,,,0.3416309356689453,,,3.632819890975952,0.26403284072875977,,0.25777316093444824,0.24671697616577148,,0.6427109241485596,0.2664308547973633,0.9295780658721924,0.24670696258544922,0.5910730361938477,,0.23872900009155273,,,0.5294239521026611,0.2669949531555176,0.3195970058441162,0.24354004859924316,1.0201218128204346,0.26552486419677734,0.948915958404541,,0.2684199810028076,,0.6093831062316895,,3.6545729637145996,0.24530410766601562,,,,0.24125289916992188,0.5727779865264893,,1.2551372051239014,,,,1.2030048370361328,0.9078593254089355,0.2618751525878906,0.5752830505371094
1659,0.27231383323669434,0.2611379623413086,,,0.5158641338348389,,,4.926340103149414,0.27005791664123535,,0.24445080757141113,0.24919819831848145,,0.28075194358825684,0.2569310665130615,0.5979020595550537,0.2483658790588379,0.5883591175079346,,0.5896308422088623,,,0.9177563190460205,0.48673510551452637,0.28273987770080566,0.2433762550354004,0.5385751724243164,0.24384021759033203,0.557528018951416,,0.26458072662353516,,0.5907227993011475,,1.6188738346099854,0.24723100662231445,,,,0.28272414207458496,0.31592416763305664,,1.9915809631347656,,,,0.5592861175537109,0.9788243770599365,0.3184058666229248,0.6481809616088867
1660,0.27985215187072754,0.2585020065307617,,,0.5490679740905762,,,0.9336860179901123,0.23927593231201172,,0.2698543071746826,0.2428741455078125,,0.26279211044311523,0.2752530574798584,1.64127516746521,0.27979207038879395,1.045616865158081,,0.5841920375823975,,,1.9494719505310059,0.5574929714202881,0.289074182510376,0.2314000129699707,0.5365629196166992,0.2631340026855469,0.5426111221313477,,0.28086400032043457,,0.6211628913879395,,0.5836589336395264,0.24843788146972656,,,,0.25687289237976074,0.2835221290588379,,1.869277000427246,,,,0.5392119884490967,0.9333329200744629,0.2892930507659912,0.6071500778198242
1661,0.2530040740966797,0.5844681262969971,,,0.5186367034912109,,,17.570410013198853,0.23961806297302246,,0.25444793701171875,0.2574911117553711,,0.29284095764160156,0.2662770748138428,0.9291589260101318,0.2639167308807373,0.5671641826629639,,0.5448319911956787,,,1.1260120868682861,1.174386978149414,0.30020713806152344,0.2509729862213135,0.5554921627044678,0.26365184783935547,0.5319380760192871,,0.26653289794921875,,1.378824234008789,,0.6370010375976562,0.2424640655517578,,,,0.27007174491882324,0.6187660694122314,,1.2196578979492188,,,,1.2518398761749268,0.6159732341766357,0.2615365982055664,0.6112840175628662
1662,0.298598051071167,0.6033799648284912,,,0.2549397945404053,,,8.538058042526245,0.24790310859680176,,0.2898430824279785,0.24462223052978516,,0.2877218723297119,0.28515100479125977,1.1788170337677002,0.259876012802124,0.6005651950836182,,0.27477502822875977,,,2.9097511768341064,1.0106620788574219,0.27726101875305176,0.232086181640625,0.5555057525634766,0.2622690200805664,0.9029660224914551,,0.26075196266174316,,0.581622838973999,,4.925557851791382,0.25829386711120605,,,,0.25910186767578125,0.2859508991241455,,2.154743194580078,,,,1.320389986038208,0.935283899307251,0.2641410827636719,0.5953519344329834
1663,0.27265405654907227,0.2788829803466797,,,0.2736067771911621,,,17.508476972579956,0.24992823600769043,,0.2559468746185303,0.2619776725769043,,0.2927358150482178,1.0392720699310303,0.606403112411499,0.24162817001342773,0.5799448490142822,,0.5418939590454102,,,7.340493202209473,0.5652287006378174,0.2996668815612793,0.23242402076721191,0.9682610034942627,0.27444028854370117,0.5292260646820068,,0.260634183883667,,0.6237850189208984,,7.9176037311553955,0.24809598922729492,,,,0.26842498779296875,1.331712007522583,,1.286195993423462,,,,0.5853288173675537,1.0103387832641602,0.3257472515106201,0.2853529453277588
1664,0.27898502349853516,0.3013010025024414,,,0.2565031051635742,,,3.455064058303833,0.26230406761169434,,0.2690558433532715,0.2608790397644043,,0.2867152690887451,0.2931499481201172,0.6042308807373047,0.2519700527191162,0.6366009712219238,,0.5437939167022705,,,0.5161869525909424,1.224229097366333,0.29749083518981934,0.22851991653442383,0.5390026569366455,0.24552392959594727,4.987185955047607,,0.23917007446289062,,0.5929431915283203,,0.5714728832244873,0.25327587127685547,,,,0.2750098705291748,0.27236008644104004,,0.5123531818389893,,,,1.277777910232544,0.9472129344940186,0.28364109992980957,0.2577700614929199
1665,0.2514669895172119,0.3062107563018799,,,0.2914760112762451,,,0.9599437713623047,0.2559540271759033,,0.25587892532348633,0.27370405197143555,,0.28801584243774414,0.2743103504180908,2.3624372482299805,0.283001184463501,0.6105389595031738,,0.5605669021606445,,,1.4411649703979492,0.5269961357116699,0.28975486755371094,0.22901010513305664,0.5508871078491211,0.26005983352661133,0.5386338233947754,,0.2862403392791748,,0.5898220539093018,,0.587554931640625,0.27048492431640625,,,,0.26572108268737793,0.5527980327606201,,1.256546974182129,,,,0.5817639827728271,1.2324490547180176,0.28612303733825684,1.7713031768798828
1666,0.2718942165374756,0.2848348617553711,,,0.3003368377685547,,,17.54613494873047,0.26466894149780273,,0.303272008895874,0.2672278881072998,,0.2794921398162842,0.25423097610473633,0.5983030796051025,0.27204370498657227,1.257261037826538,,0.5856380462646484,,,0.5159060955047607,1.708094835281372,0.2893209457397461,0.2563920021057129,0.5604429244995117,0.26853489875793457,1.1777281761169434,,0.2602529525756836,,0.6141030788421631,,3.98270583152771,0.258544921875,,,,0.24306917190551758,1.355579137802124,,1.9960758686065674,,,,0.5538599491119385,1.900317907333374,0.2625749111175537,0.7629549503326416
1667,0.2945718765258789,0.27728700637817383,,,0.24884510040283203,,,17.607411861419678,0.26221680641174316,,0.2602109909057617,0.24338793754577637,,1.1001536846160889,0.29738712310791016,1.2839717864990234,0.2655940055847168,0.2886168956756592,,0.6274127960205078,,,0.5164952278137207,0.5309469699859619,0.28870606422424316,0.2665069103240967,0.5506949424743652,0.265059232711792,0.5260920524597168,,0.2679750919342041,,0.6003639698028564,,0.5896310806274414,0.28385400772094727,,,,0.2703838348388672,1.7779200077056885,,0.5664818286895752,,,,1.2372300624847412,1.9008560180664062,0.26364707946777344,0.7163691520690918
1668,0.2551898956298828,0.2764582633972168,,,0.5821628570556641,,,17.38648796081543,0.2401728630065918,,0.5985159873962402,0.2486410140991211,,0.8778021335601807,0.2630178928375244,0.5979893207550049,0.2465977668762207,2.093125820159912,,0.25334787368774414,,,0.48574376106262207,1.2564830780029297,0.3180570602416992,0.2616617679595947,0.5421299934387207,0.28083086013793945,1.1294071674346924,,0.2634599208831787,,0.5948789119720459,,0.582643985748291,0.2557811737060547,,,,0.24532485008239746,0.2898581027984619,,0.544450044631958,,,,0.5711438655853271,1.9704248905181885,0.3010292053222656,0.27686381340026855
1669,0.25495004653930664,0.568809986114502,,,0.5824568271636963,,,17.53415298461914,0.27599191665649414,,0.27608203887939453,0.24042296409606934,,0.29862403869628906,0.2665529251098633,0.6179320812225342,0.27440881729125977,0.6042749881744385,,0.6046841144561768,,,3.224459648132324,1.2125980854034424,0.27422118186950684,0.26465702056884766,0.5404031276702881,0.2622101306915283,0.5478768348693848,,0.2660820484161377,,0.6186800003051758,,1.7714579105377197,0.24111413955688477,,,,0.2666938304901123,0.5644028186798096,,0.5315852165222168,,,,2.684462070465088,0.24901413917541504,0.2775108814239502,0.2816436290740967
1670,0.2619290351867676,0.6470191478729248,,,0.2592949867248535,,,17.52777910232544,0.23957300186157227,,0.27104806900024414,0.2411351203918457,,0.2888929843902588,0.29499292373657227,0.6121799945831299,0.23910093307495117,0.611685037612915,,0.5624079704284668,,,0.8945620059967041,0.6456458568572998,0.280426025390625,0.25385284423828125,0.5776498317718506,0.26355576515197754,0.5265429019927979,,0.27276182174682617,,0.5768358707427979,,1.020071029663086,0.2718510627746582,,,,0.2455887794494629,0.6368520259857178,,0.5271289348602295,,,,1.068284273147583,0.2501230239868164,0.27250099182128906,0.2712562084197998
1671,0.2640092372894287,0.29237794876098633,,,0.23816490173339844,,,17.393587112426758,0.26190614700317383,,0.5756869316101074,0.27880001068115234,,1.0073399543762207,0.2813270092010498,0.6149780750274658,0.2660331726074219,0.6110191345214844,,0.5599000453948975,,,1.972038984298706,1.7006280422210693,0.30020618438720703,0.2591359615325928,0.5991930961608887,0.2408161163330078,0.5565881729125977,,0.2747189998626709,,0.6089270114898682,,0.6739170551300049,0.25936102867126465,,,,0.24709010124206543,0.6102571487426758,,0.5414021015167236,,,,0.5947630405426025,0.2451949119567871,0.6301918029785156,0.6010429859161377
1672,0.274014949798584,0.26601171493530273,,,0.2798008918762207,,,17.57961106300354,0.263214111328125,,0.6006388664245605,0.26108407974243164,,0.2984931468963623,0.27518606185913086,1.2672688961029053,0.27440786361694336,0.5883810520172119,,0.5609879493713379,,,3.5931031703948975,0.5168211460113525,0.28203773498535156,0.2308499813079834,0.5651969909667969,0.25977182388305664,0.8992056846618652,,0.28906702995300293,,0.5968029499053955,,0.561455249786377,0.2829890251159668,,,,0.2735023498535156,0.5957000255584717,,3.3972389698028564,,,,0.5805108547210693,0.24990081787109375,0.2818608283996582,0.5644941329956055
1673,0.2715580463409424,0.28352785110473633,,,0.28793787956237793,,,17.71790885925293,0.26418471336364746,,0.25841736793518066,0.27016496658325195,,0.2842400074005127,0.2550010681152344,1.9603350162506104,0.26682019233703613,0.615800142288208,,0.5542881488800049,,,1.2202467918395996,0.28333377838134766,0.32013487815856934,0.23111820220947266,0.5744650363922119,0.28664398193359375,0.5474460124969482,,0.24950098991394043,,0.5945219993591309,,11.906144142150879,0.2671489715576172,,,,0.24369192123413086,0.7630510330200195,,0.5658607482910156,,,,0.5633759498596191,0.2510719299316406,0.2656738758087158,0.5702409744262695
1674,0.2555410861968994,0.61922287940979,,,0.29270195960998535,,,,0.27828097343444824,,0.26525306701660156,0.2566099166870117,,0.36573004722595215,0.28137803077697754,2.0121238231658936,0.2695298194885254,0.5596849918365479,,0.27674388885498047,,,0.47433924674987793,0.9788286685943604,0.28173112869262695,0.23301124572753906,0.5340330600738525,0.2548861503601074,0.49920105934143066,,0.2755248546600342,,0.5971996784210205,,19.306331872940063,0.2540750503540039,,,,0.27518796920776367,0.6049482822418213,,9.265168905258179,,,,1.2485637664794922,0.23116302490234375,0.3262958526611328,0.5654280185699463
1675,0.2596769332885742,0.5712668895721436,,,0.26657819747924805,,,,0.23902082443237305,,0.2635669708251953,0.2620048522949219,,0.2788839340209961,1.0406219959259033,2.3473060131073,0.2559390068054199,0.5590910911560059,,0.29696106910705566,,,1.1683611869812012,1.2670400142669678,0.2947230339050293,0.23338007926940918,0.5268769264221191,0.27398681640625,0.3520510196685791,,0.26514482498168945,,0.5991091728210449,,2.650336980819702,0.2703542709350586,,,,0.26595473289489746,1.1012871265411377,,1.25046706199646,,,,1.203636884689331,0.2483208179473877,0.5804102420806885,0.607367992401123
1676,0.25481081008911133,0.2900691032409668,,,0.2624020576477051,,,,0.2637357711791992,,0.24210882186889648,0.25742387771606445,,1.0115418434143066,0.2627389430999756,1.2853507995605469,0.26789093017578125,0.5870590209960938,,0.6087310314178467,,,0.9152710437774658,0.94427490234375,0.29610180854797363,0.24825477600097656,0.5768599510192871,0.2558588981628418,0.5290570259094238,,0.2619199752807617,,0.5969018936157227,,9.46144700050354,0.24521303176879883,,,,0.26202392578125,0.6373379230499268,,0.5638039112091064,,,,0.5756480693817139,0.2366790771484375,0.2813589572906494,0.6123120784759521
1677,0.2835409641265869,0.27013397216796875,,,0.23845815658569336,,,,0.26799893379211426,,0.28065991401672363,0.26941490173339844,,1.0808792114257812,0.26215696334838867,1.314605951309204,0.2954437732696533,0.585468053817749,,0.25519895553588867,,,4.600734233856201,0.9458520412445068,0.27450108528137207,0.2344498634338379,0.5647368431091309,0.2670750617980957,1.1294469833374023,,0.25539612770080566,,0.5825560092926025,,9.545400857925415,0.26325106620788574,,,,0.26467204093933105,1.4626739025115967,,0.5345227718353271,,,,0.5546972751617432,0.2344977855682373,0.28902411460876465,0.6471297740936279
1678,0.2616419792175293,0.5962200164794922,,,0.27468395233154297,,,,0.2629239559173584,,0.26605224609375,0.2633233070373535,,0.2801642417907715,0.262451171875,1.2842540740966797,0.25192904472351074,0.6088659763336182,,0.28395915031433105,,,1.2254042625427246,0.516136884689331,0.2994849681854248,0.2566049098968506,0.9857997894287109,0.28043079376220703,0.5443408489227295,,0.23816919326782227,,0.5802428722381592,,15.914906024932861,0.25273609161376953,,,,0.2676122188568115,0.5802419185638428,,2.310182809829712,,,,0.5212099552154541,0.2340991497039795,0.26818084716796875,0.30518293380737305
1679,0.28354716300964355,0.2715580463409424,,,0.24524211883544922,,,,0.28217482566833496,,0.25925517082214355,0.2655298709869385,,0.3527541160583496,0.2588498592376709,0.976038932800293,0.24789905548095703,0.6035010814666748,,0.24536657333374023,,,2.0085320472717285,0.945969820022583,0.3015742301940918,0.2321178913116455,0.5799481868743896,0.24267005920410156,0.5219762325286865,,0.24238801002502441,,0.552976131439209,,7.21103310585022,0.269301176071167,,,,0.26623106002807617,0.5678620338439941,,6.776354074478149,,,,0.5575809478759766,3.296743154525757,0.28206586837768555,0.5882587432861328
1680,0.2753942012786865,0.5710289478302002,,,0.25525903701782227,,,,0.26250195503234863,,0.26766109466552734,0.2618570327758789,,1.836130142211914,0.2631518840789795,0.9694619178771973,0.28238511085510254,0.5608561038970947,,0.2687399387359619,,,0.49646496772766113,0.5372400283813477,0.28123903274536133,0.2377779483795166,0.5619609355926514,0.26615214347839355,0.5438859462738037,,0.2940938472747803,,0.591655969619751,,1.0054759979248047,0.26599907875061035,,,,0.24636626243591309,0.6069986820220947,,1.2428162097930908,,,,0.5975570678710938,0.2487807273864746,0.27407407760620117,0.2842087745666504
1681,0.27901315689086914,0.25771188735961914,,,0.23685693740844727,,,,0.2612447738647461,,0.26198697090148926,0.28234124183654785,,1.4104280471801758,0.2594590187072754,0.6072959899902344,0.2712709903717041,0.588111162185669,,0.5708379745483398,,,2.0326600074768066,0.5659599304199219,0.30124616622924805,0.2838740348815918,0.5625488758087158,0.25452494621276855,0.5227420330047607,,0.26792097091674805,,0.5988109111785889,,19.418703079223633,0.26096487045288086,,,,0.24161267280578613,0.36621975898742676,,1.6431279182434082,,,,0.5858747959136963,3.696118116378784,0.2911202907562256,0.5314249992370605
1682,0.29670214653015137,0.2879512310028076,,,0.26081180572509766,,,,0.23894572257995605,,0.2758829593658447,0.2550661563873291,,0.6782951354980469,0.2796659469604492,1.2871730327606201,0.2748579978942871,0.5875060558319092,,0.571584939956665,,,0.49925899505615234,0.562363862991333,0.2828669548034668,0.2668619155883789,0.5604212284088135,0.27285194396972656,0.5219841003417969,,0.2537360191345215,,0.6147642135620117,,19.319160223007202,0.2844657897949219,,,,0.24723124504089355,1.074038028717041,,1.931556224822998,,,,1.2809479236602783,1.5975003242492676,0.2832200527191162,0.5749878883361816
1683,0.2513160705566406,0.2660820484161377,,,0.26458001136779785,,,,0.26357173919677734,,0.2396841049194336,0.2414851188659668,,1.0563011169433594,1.0650241374969482,1.341318130493164,0.2664949893951416,0.6083340644836426,,0.2763378620147705,,,4.527698993682861,1.2660789489746094,0.31586313247680664,0.2625102996826172,0.5622010231018066,0.2705399990081787,0.5002789497375488,,0.24308300018310547,,0.590557336807251,,19.446854829788208,0.2520430088043213,,,,0.24829792976379395,0.6116127967834473,,1.6393191814422607,,,,0.5768649578094482,1.6402080059051514,0.26254796981811523,0.8146519660949707
1684,0.2796649932861328,0.6425390243530273,,,0.2656838893890381,,,,0.2841498851776123,,0.267667293548584,0.2788710594177246,,1.0943841934204102,0.2795898914337158,0.6109199523925781,0.25336384773254395,0.6027438640594482,,1.1830482482910156,,,2.554975986480713,0.5644791126251221,0.2746398448944092,0.26498985290527344,0.5804753303527832,0.27150893211364746,4.455747127532959,,0.25373315811157227,,0.6103401184082031,,16.623327016830444,0.24259305000305176,,,,0.24448704719543457,0.5647177696228027,,1.972118854522705,,,,1.0024199485778809,0.25888586044311523,0.2719380855560303,0.5681090354919434
1685,0.2770578861236572,0.26394200325012207,,,0.26157379150390625,,,,0.2626931667327881,,0.2637901306152344,0.24748587608337402,,0.6536891460418701,0.2661159038543701,1.3030149936676025,0.24957489967346191,0.5639259815216064,,0.5640208721160889,,,2.87668514251709,1.2689390182495117,0.27759790420532227,0.2581350803375244,0.5519881248474121,0.2536189556121826,1.1887469291687012,,0.2838749885559082,,0.5852761268615723,,19.581435918807983,0.2747080326080322,,,,0.24992609024047852,0.6053280830383301,,0.5195760726928711,,,,0.5807600021362305,0.2661778926849365,0.2752981185913086,0.5929102897644043
1686,0.2761659622192383,0.6219861507415771,,,0.25566959381103516,,,,0.26363301277160645,,0.2647738456726074,0.2626230716705322,,0.6845691204071045,0.2655482292175293,4.4535980224609375,0.27222204208374023,0.6022558212280273,,0.6173441410064697,,,0.5467238426208496,1.2420759201049805,0.30309414863586426,0.2571582794189453,0.8420271873474121,0.2405102252960205,1.1884448528289795,,0.23879098892211914,,4.840386629104614,,9.18460726737976,0.25055623054504395,,,,0.28782224655151367,1.0480890274047852,,3.3690812587738037,,,,0.5809481143951416,0.2624351978302002,0.30202794075012207,0.5996911525726318
1687,0.29724812507629395,0.27518391609191895,,,0.2519049644470215,,,,0.26630282402038574,,0.28040385246276855,0.24715375900268555,,0.6802470684051514,0.2748079299926758,0.6169149875640869,0.2693328857421875,0.6066188812255859,,0.5652201175689697,,,2.569563865661621,1.651296854019165,0.2886350154876709,0.25785112380981445,3.644986867904663,0.2426621913909912,0.528407096862793,,0.2641758918762207,,0.6085062026977539,,9.697964906692505,0.26313209533691406,,,,0.261444091796875,0.5741438865661621,,0.5417840480804443,,,,0.5603489875793457,1.212812900543213,0.2690420150756836,0.2716407775878906
1688,0.2549400329589844,0.2704036235809326,,,0.24173808097839355,,,,0.2596406936645508,,0.2619779109954834,0.24619483947753906,,0.32494211196899414,0.27356886863708496,0.8899929523468018,0.2797887325286865,0.6211340427398682,,0.5377850532531738,,,2.9274280071258545,0.5506439208984375,0.31066393852233887,0.23625874519348145,0.6131336688995361,0.26530003547668457,0.5317468643188477,,0.26470232009887695,,0.5849637985229492,,8.884064197540283,0.24643421173095703,,,,0.24749016761779785,0.5849008560180664,,1.1777777671813965,,,,0.5281968116760254,5.239831209182739,0.6637310981750488,0.2720940113067627
1689,0.26261401176452637,0.2614262104034424,,,0.2689962387084961,,,,0.2800769805908203,,0.26743578910827637,0.25400304794311523,,0.6836409568786621,0.2608063220977783,0.6018409729003906,0.26426005363464355,0.578524112701416,,0.5911517143249512,,,0.5504031181335449,1.3708181381225586,0.2930779457092285,0.271073579788208,0.610936164855957,0.24817299842834473,1.1844549179077148,,0.2637181282043457,,0.6265220642089844,,19.55013608932495,0.24932503700256348,,,,0.2593851089477539,0.5920171737670898,,0.557142972946167,,,,0.5594699382781982,5.761425018310547,0.2932701110839844,0.6118741035461426
1690,0.2449951171875,0.2826120853424072,,,0.26229000091552734,,,,0.24094390869140625,,0.2381589412689209,0.2398238182067871,,0.33332180976867676,0.3047049045562744,1.556156873703003,0.26316094398498535,0.584414005279541,,0.5763561725616455,,,0.5151081085205078,1.6737561225891113,0.28235387802124023,0.2572948932647705,0.594109058380127,0.24583196640014648,0.5282869338989258,,0.28305983543395996,,0.5780761241912842,,19.443299055099487,0.2447519302368164,,,,0.26642680168151855,0.2866790294647217,,3.3151891231536865,,,,0.538815975189209,0.2439560890197754,0.6150121688842773,0.2760951519012451
1691,0.2576158046722412,0.29738712310791016,,,0.28350281715393066,,,,0.2640650272369385,,0.2590451240539551,0.26860618591308594,,0.36855196952819824,0.26781225204467773,0.5950970649719238,0.2705569267272949,0.5953369140625,,0.5780441761016846,,,7.229588031768799,0.7370340824127197,0.27352285385131836,0.28693318367004395,0.6151309013366699,0.2512989044189453,0.5357489585876465,,0.2613358497619629,,0.5809290409088135,,13.78366494178772,0.2403712272644043,,,,0.2734189033508301,0.6069869995117188,,8.962843894958496,,,,0.5447242259979248,7.867717027664185,0.26009106636047363,0.5979020595550537
1692,0.26851797103881836,0.6319952011108398,,,0.260361909866333,,,,0.2649359703063965,,0.2858860492706299,0.2632420063018799,,0.32915401458740234,0.2853097915649414,0.591284990310669,0.26407289505004883,1.272873878479004,,0.5554807186126709,,,0.5314669609069824,1.278224229812622,0.2976081371307373,0.2627570629119873,0.6128511428833008,0.24225306510925293,0.8848080635070801,,0.2593379020690918,,0.5963408946990967,,,0.2637922763824463,,,,0.2729909420013428,0.5913882255554199,,0.565026044845581,,,,0.5762741565704346,0.24447011947631836,0.3051471710205078,0.29651618003845215
1693,0.2747831344604492,0.26423096656799316,,,0.2663149833679199,,,,0.2644510269165039,,0.26223206520080566,0.2628040313720703,,0.6681458950042725,0.2613029479980469,0.6055669784545898,0.24233078956604004,0.6183512210845947,,0.6046671867370605,,,1.8085780143737793,0.5571339130401611,0.3152632713317871,0.2417299747467041,0.5834932327270508,0.25859904289245605,1.8146069049835205,,0.23727917671203613,,0.5979938507080078,,,0.24794793128967285,,,,0.2514040470123291,0.5954101085662842,,1.315368890762329,,,,1.6610767841339111,4.986513137817383,0.26476526260375977,0.597285270690918
1694,0.2506859302520752,0.5841667652130127,,,0.25390124320983887,,,,0.2823011875152588,,0.26571226119995117,0.2603929042816162,,0.642909049987793,0.4631340503692627,1.3191659450531006,0.2503530979156494,0.5875468254089355,,0.5699567794799805,,,0.3773617744445801,0.5303788185119629,0.2819538116455078,0.23471903800964355,0.5410091876983643,0.24156737327575684,0.8885178565979004,,0.26692724227905273,,0.5767288208007812,,,0.2477281093597412,,,,0.27178287506103516,0.29281187057495117,,0.5650489330291748,,,,0.6906800270080566,5.1031107902526855,0.2852170467376709,0.6105399131774902
1695,0.27017903327941895,0.607891321182251,,,0.23997712135314941,,,,0.2616138458251953,,0.2630758285522461,0.2716219425201416,,0.693505048751831,0.26888275146484375,0.6104321479797363,0.2766149044036865,0.6149387359619141,,1.265962839126587,,,0.5083210468292236,1.421083927154541,0.30194997787475586,0.26792335510253906,0.599323034286499,0.24553513526916504,1.8661930561065674,,0.28591275215148926,,0.6177070140838623,,,0.24576497077941895,,,,0.24124407768249512,1.3250391483306885,,3.0305190086364746,,,,1.2439401149749756,7.688984155654907,0.2705569267272949,0.5908782482147217
1696,0.28289103507995605,0.24970412254333496,,,0.25922203063964844,,,,0.25691986083984375,,0.26225900650024414,0.26821208000183105,,1.4841291904449463,0.28321218490600586,0.5990438461303711,0.2522878646850586,0.6114242076873779,,0.6093120574951172,,,0.4983651638031006,1.2821550369262695,0.2787928581237793,0.27284884452819824,0.5927269458770752,0.24828100204467773,1.176279067993164,,0.26336097717285156,,0.5601983070373535,,,0.24959707260131836,,,,0.28180909156799316,0.5899755954742432,,0.542137861251831,,,,0.5815942287445068,17.52795386314392,0.2824068069458008,0.5852677822113037
1697,0.2919042110443115,0.6023449897766113,,,0.2586691379547119,,,,0.24019598960876465,,0.27701807022094727,0.2449967861175537,,0.6135191917419434,0.2975590229034424,0.5931756496429443,0.2802097797393799,0.5790529251098633,,0.5928089618682861,,,1.8521828651428223,1.1797471046447754,0.2987198829650879,0.23624706268310547,0.5815377235412598,0.2479081153869629,0.5306730270385742,,0.26311612129211426,,0.5813748836517334,,,0.2643239498138428,,,,0.26218390464782715,1.7310099601745605,,1.9931483268737793,,,,0.5795910358428955,0.1385021209716797,0.5861473083496094,0.25630712509155273
1698,0.25859498977661133,0.5898411273956299,,,0.2680850028991699,,,,0.2677907943725586,,0.238494873046875,0.2396249771118164,,0.6227090358734131,0.25940799713134766,0.5974740982055664,0.2718520164489746,1.0209569931030273,,0.6182260513305664,,,1.5442571640014648,1.2023980617523193,0.3029289245605469,0.26666712760925293,0.5905158519744873,0.2677161693572998,1.130742073059082,,0.2659420967102051,,0.5775859355926514,,,0.24298596382141113,,,,0.26656198501586914,0.28293681144714355,,1.298954963684082,,,,2.1523380279541016,17.856398105621338,0.6123838424682617,0.2576920986175537
1699,0.27469611167907715,0.5958080291748047,,,0.275493860244751,,,,0.28676295280456543,,0.2705690860748291,0.24962782859802246,,0.6051161289215088,0.27739977836608887,0.5994629859924316,0.27765870094299316,0.608928918838501,,0.562572717666626,,,1.2599279880523682,0.5427918434143066,0.2769496440887451,0.2599186897277832,0.5703179836273193,0.24344992637634277,0.6113181114196777,,0.2528541088104248,,0.6043930053710938,,,0.24367785453796387,,,,0.25562214851379395,0.2700028419494629,,0.6220271587371826,,,,0.5624442100524902,7.6986401081085205,0.6029729843139648,0.5712928771972656
1700,0.2807731628417969,0.6206729412078857,,,0.2700998783111572,,,,0.2563509941101074,,0.26358604431152344,0.2447187900543213,,0.31822919845581055,0.28489208221435547,0.6130862236022949,0.25865697860717773,0.6129662990570068,,0.5831277370452881,,,0.5319991111755371,0.5499472618103027,0.29306578636169434,0.26164722442626953,0.5589947700500488,0.24796223640441895,1.1973729133605957,,0.26149773597717285,,0.5644619464874268,,,0.2433009147644043,,,,0.2700679302215576,1.3127329349517822,,2.4325599670410156,,,,0.5302636623382568,7.945019721984863,0.2713649272918701,0.594954252243042
1701,0.2822129726409912,0.27432703971862793,,,0.2809879779815674,,,,0.2681877613067627,,0.26456499099731445,0.26869916915893555,,0.29277777671813965,0.29764318466186523,1.9699361324310303,0.26671481132507324,0.5826148986816406,,0.5984489917755127,,,0.9346630573272705,0.5220270156860352,0.3040330410003662,0.26717114448547363,0.5930988788604736,0.2450108528137207,1.5609498023986816,,0.24188733100891113,,0.6050260066986084,,,0.25716090202331543,,,,0.27667784690856934,0.6098060607910156,,0.5239510536193848,,,,1.1852149963378906,2.33915376663208,0.28499388694763184,0.5920889377593994
1702,0.2918281555175781,0.6318440437316895,,,0.25317907333374023,,,,0.2639591693878174,,0.2816438674926758,0.24165701866149902,,0.3032670021057129,0.26824402809143066,0.2597010135650635,0.2683539390563965,0.5777599811553955,,1.7619788646697998,,,0.9186983108520508,0.506911039352417,0.29985904693603516,0.23491883277893066,0.5597608089447021,0.2648627758026123,0.52262282371521,,0.2737388610839844,,0.5505430698394775,,,0.2818896770477295,,,,0.2642021179199219,1.3066980838775635,,2.648841142654419,,,,0.5644791126251221,3.628035068511963,0.6196742057800293,0.6189849376678467
1703,0.2515869140625,0.5762550830841064,,,0.24457883834838867,,,,0.25399303436279297,,0.2633519172668457,0.2578878402709961,,0.7033748626708984,0.27879786491394043,2.061636209487915,0.2759370803833008,0.5624470710754395,,0.6844360828399658,,,17.374789714813232,0.7038288116455078,0.3064088821411133,0.2633669376373291,1.0199570655822754,0.2816190719604492,0.4997110366821289,,0.26224803924560547,,0.5766189098358154,,,0.2673938274383545,,,,0.6015920639038086,0.6413471698760986,,1.2507879734039307,,,,1.3271470069885254,16.47925114631653,0.28144288063049316,0.5526409149169922
1704,0.27509188652038574,0.6056301593780518,,,0.26994872093200684,,,,0.26287317276000977,,0.2575221061706543,0.2596471309661865,,0.2888519763946533,0.2810177803039551,0.5880041122436523,0.28224873542785645,0.5566987991333008,,0.5864059925079346,,,14.591915130615234,0.5620849132537842,0.2886841297149658,0.23327302932739258,0.5595331192016602,0.26392126083374023,0.500262975692749,,0.2655038833618164,,0.5818362236022949,,,0.26373982429504395,,,,0.24307918548583984,0.5641069412231445,,1.2665700912475586,,,,0.5495378971099854,0.26519203186035156,0.27262425422668457,0.5696401596069336
1705,0.2518289089202881,0.6155657768249512,,,0.26535916328430176,,,,0.23891878128051758,,0.2444767951965332,0.2400379180908203,,0.28960180282592773,0.2587110996246338,0.9610052108764648,0.27521800994873047,0.5822830200195312,,0.5594091415405273,,,2.910499095916748,1.2509920597076416,0.2891690731048584,0.23249316215515137,0.5541818141937256,0.26818203926086426,0.534949779510498,,0.2767059803009033,,0.5758130550384521,,,0.2522718906402588,,,,0.24665117263793945,0.592918872833252,,0.5339012145996094,,,,0.5248498916625977,0.21995806694030762,0.2785458564758301,0.612220048904419
1706,0.2784759998321533,0.6256489753723145,,,0.27512502670288086,,,,0.2544269561767578,,0.2607302665710449,0.290524959564209,,0.3043839931488037,0.2974541187286377,0.9053800106048584,0.2791290283203125,0.6168229579925537,,0.5494658946990967,,,0.9196598529815674,1.6669256687164307,0.2781801223754883,0.25003600120544434,1.6747159957885742,0.2623932361602783,0.521212100982666,,0.2688009738922119,,0.5812029838562012,,,0.24000787734985352,,,,0.26538610458374023,0.5925602912902832,,0.5590970516204834,,,,0.5599391460418701,12.958884239196777,0.6221692562103271,0.28121304512023926
1707,0.2932920455932617,0.627795934677124,,,0.2634279727935791,,,,0.2697410583496094,,0.281627893447876,0.25948381423950195,,0.6637699604034424,0.2734370231628418,0.8841848373413086,0.27399420738220215,0.6125349998474121,,0.5686328411102295,,,8.271503210067749,0.5607450008392334,0.294766902923584,0.253145694732666,0.6074743270874023,0.25980472564697266,1.8786251544952393,,0.2537648677825928,,0.6177310943603516,,,0.26175689697265625,,,,0.24582982063293457,1.0396220684051514,,8.30086898803711,,,,0.5606839656829834,17.355366945266724,0.6243188381195068,0.31115293502807617
1708,0.2766108512878418,0.3109891414642334,,,0.26416468620300293,,,,0.25911903381347656,,0.2685062885284424,0.2666611671447754,,0.6200299263000488,0.2835540771484375,1.2661280632019043,0.2772061824798584,0.5817430019378662,,0.5962958335876465,,,6.9621031284332275,1.0679292678833008,0.3031327724456787,0.2338731288909912,0.5736570358276367,0.2567591667175293,0.5552849769592285,,0.2389366626739502,,0.5927841663360596,,,0.24859881401062012,,,,0.24785900115966797,0.5982301235198975,,0.563643217086792,,,,0.5675840377807617,3.1886520385742188,0.29688405990600586,0.5771739482879639
1709,0.25038814544677734,0.611508846282959,,,0.26520824432373047,,,,0.2836179733276367,,0.2630341053009033,0.260983943939209,,1.4901700019836426,0.26694393157958984,0.2651088237762451,0.2787821292877197,0.5803239345550537,,0.5663001537322998,,,3.5417230129241943,1.2200419902801514,0.30331993103027344,0.24954891204833984,0.5718979835510254,0.26429009437561035,0.5715467929840088,,0.24243474006652832,,0.6480340957641602,,,0.24924683570861816,,,,0.2465829849243164,0.6027157306671143,,1.2982428073883057,,,,0.5270829200744629,5.0535969734191895,0.268604040145874,0.28662109375
1710,0.27442216873168945,0.6155269145965576,,,0.2389819622039795,,,,0.26536083221435547,,0.26074790954589844,0.2651519775390625,,0.5966494083404541,1.035942792892456,1.5512921810150146,0.27167224884033203,0.5816409587860107,,2.007993221282959,,,1.9148709774017334,1.2434430122375488,0.29933786392211914,0.2422330379486084,0.6049201488494873,0.2647538185119629,1.199380874633789,,0.27120280265808105,,0.5977599620819092,,,0.24392294883728027,,,,0.24544811248779297,2.0730249881744385,,0.5646767616271973,,,,0.5430359840393066,18.054359912872314,0.638106107711792,0.5310120582580566
1711,0.25198793411254883,0.2628519535064697,,,0.2807328701019287,,,,0.2599828243255615,,0.2576460838317871,0.2800619602203369,,0.6034901142120361,0.2783031463623047,0.5627651214599609,0.28175783157348633,1.0781211853027344,,0.5736310482025146,,,5.88661789894104,0.5478341579437256,0.28870391845703125,0.28008508682250977,0.5553100109100342,0.26525282859802246,2.243868827819824,,0.24061894416809082,,0.5963621139526367,,,0.24910831451416016,,,,0.2622368335723877,0.5736880302429199,,1.6519689559936523,,,,0.5768022537231445,18.221715211868286,0.6442158222198486,0.2735769748687744
1712,0.2868177890777588,0.2519679069519043,,,0.2649061679840088,,,,0.24108099937438965,,0.2831411361694336,0.2531719207763672,,0.3188059329986572,0.24652695655822754,0.6282641887664795,0.2964348793029785,0.5934920310974121,,0.5960850715637207,,,5.6505372524261475,0.5470190048217773,0.2856779098510742,0.26866793632507324,0.5680577754974365,0.2641451358795166,0.5470170974731445,,0.2601048946380615,,0.5860490798950195,,,0.28667593002319336,,,,0.26715993881225586,0.5982718467712402,,1.994020938873291,,,,0.5836241245269775,0.12003087997436523,0.6005029678344727,0.27181100845336914
1713,0.24831509590148926,0.6273550987243652,,,0.2681102752685547,,,,0.26740193367004395,,0.24329710006713867,0.23981499671936035,,0.6429979801177979,0.28530383110046387,0.6216487884521484,0.27221107482910156,0.6112771034240723,,0.6099178791046143,,,0.5269176959991455,1.209305763244629,0.3210587501525879,0.2644011974334717,0.5609688758850098,0.27877306938171387,0.5262269973754883,,0.26535511016845703,,0.6298031806945801,,,0.24141883850097656,,,,0.2695338726043701,1.321854829788208,,12.585729837417603,,,,0.559006929397583,7.7279839515686035,0.2691152095794678,0.2567708492279053
1714,0.26372194290161133,0.6052839756011963,,,0.25762009620666504,,,,0.2782888412475586,,0.26923394203186035,0.25351715087890625,,1.478806972503662,0.25849080085754395,0.23087692260742188,0.25531792640686035,0.5681471824645996,,0.5915210247039795,,,3.2249178886413574,0.5845420360565186,0.28306102752685547,0.26209306716918945,0.5654058456420898,0.2646360397338867,1.859861135482788,,0.2553679943084717,,0.5804238319396973,,,0.26695799827575684,,,,0.25344395637512207,0.5997109413146973,,1.9654920101165771,,,,0.5282821655273438,9.391026973724365,0.644920825958252,0.285189151763916
1715,0.2531919479370117,0.5928540229797363,,,0.2692418098449707,,,,0.26793909072875977,,0.25504589080810547,0.2742290496826172,,0.4261150360107422,0.2710421085357666,3.0090529918670654,0.28250908851623535,0.6028571128845215,,0.5688519477844238,,,2.8759701251983643,1.1401877403259277,0.2996070384979248,0.23893404006958008,0.610400915145874,0.23940682411193848,0.5261240005493164,,0.25473880767822266,,0.5975563526153564,,,0.25888586044311523,,,,0.2740931510925293,1.3585848808288574,,0.5398359298706055,,,,0.5131688117980957,5.805422067642212,0.6001899242401123,0.5619168281555176
1716,0.2723817825317383,0.6396479606628418,,,0.26802802085876465,,,,0.25661420822143555,,0.2720158100128174,0.2646620273590088,,0.2807621955871582,0.2832660675048828,0.5892119407653809,0.27403998374938965,0.6090056896209717,,0.5610430240631104,,,10.489430904388428,3.0343329906463623,0.28206324577331543,0.26947903633117676,0.5555672645568848,0.2667100429534912,1.1938450336456299,,0.24263572692871094,,0.5979993343353271,,,0.2693345546722412,,,,0.25628018379211426,0.7880368232727051,,1.2051951885223389,,,,0.5581839084625244,18.043195724487305,0.6124129295349121,0.2549021244049072
1717,0.2717928886413574,0.5676381587982178,,,0.2711951732635498,,,,0.2679460048675537,,0.27258920669555664,0.2492198944091797,,0.2811861038208008,0.26707911491394043,0.5982651710510254,0.29827308654785156,0.5874669551849365,,0.5933308601379395,,,1.655080795288086,0.5604112148284912,0.3004570007324219,0.23867106437683105,0.9772648811340332,0.25634002685546875,0.5325360298156738,,0.2543060779571533,,0.6797668933868408,,,0.2784879207611084,,,,0.2863121032714844,1.3961989879608154,,1.2295191287994385,,,,0.560312032699585,6.595828056335449,0.6330409049987793,0.8006551265716553
1718,0.2716970443725586,0.6085078716278076,,,0.2467329502105713,,,,0.2538938522338867,,0.2632279396057129,0.24605298042297363,,0.5460197925567627,0.25968098640441895,0.5633022785186768,0.27930593490600586,1.3352599143981934,,0.6087100505828857,,,1.587475061416626,1.1838343143463135,0.32808995246887207,0.2583141326904297,1.0378239154815674,0.28929615020751953,0.9079899787902832,,0.24009323120117188,,0.5967049598693848,,,0.26484179496765137,,,,0.9195461273193359,0.5728750228881836,,0.5627048015594482,,,,0.5482261180877686,15.566088914871216,0.27408695220947266,0.36464905738830566
1719,0.2542910575866699,0.2671339511871338,,,0.25649380683898926,,,,0.26032090187072754,,0.28412580490112305,0.2476639747619629,,0.2868928909301758,0.2622389793395996,1.2986891269683838,0.2775750160217285,1.3206489086151123,,0.5636460781097412,,,7.416553974151611,0.5783469676971436,0.2949402332305908,0.2398238182067871,1.259364128112793,0.2581140995025635,0.5264482498168945,,0.26099610328674316,,0.596527099609375,,,0.2575058937072754,,,,0.898942232131958,0.6137499809265137,,7.30238938331604,,,,1.2227511405944824,18.651546955108643,0.5870850086212158,0.26575183868408203
1720,0.25380992889404297,0.30762505531311035,,,0.27161622047424316,,,,0.26960206031799316,,0.2618439197540283,0.24725604057312012,,0.2891099452972412,0.2831401824951172,0.3596317768096924,0.274616003036499,0.613825798034668,,0.5852420330047607,,,2.629591941833496,1.1459531784057617,0.2946131229400635,0.26416707038879395,0.5663759708404541,0.2686300277709961,1.8302569389343262,,0.28098320960998535,,0.5930869579315186,,,0.2653019428253174,,,,0.27154088020324707,0.6163051128387451,,18.694429874420166,,,,0.5805330276489258,,0.571861982345581,0.25893306732177734
1721,0.2539379596710205,0.587346076965332,,,0.2541048526763916,,,,0.2640361785888672,,0.2644360065460205,0.28424906730651855,,0.2588307857513428,0.2774660587310791,0.9793791770935059,0.2525770664215088,0.6085970401763916,,1.2609460353851318,,,0.9100630283355713,1.2249772548675537,0.27655911445617676,0.2778911590576172,0.5925261974334717,0.25638294219970703,1.193922758102417,,0.2623250484466553,,0.5551018714904785,,,0.24287629127502441,,,,0.24201607704162598,1.3833940029144287,,1.74015212059021,,,,0.5802359580993652,,0.5934982299804688,0.5776209831237793
1722,0.29380011558532715,1.0098538398742676,,,0.2891390323638916,,,,0.26464200019836426,,0.27994513511657715,0.2633061408996582,,0.29321885108947754,0.27838802337646484,0.28136301040649414,0.2822079658508301,0.564979076385498,,0.5542409420013428,,,9.786882162094116,1.1556251049041748,0.28963613510131836,0.2541069984436035,0.9577081203460693,0.24015378952026367,0.7699289321899414,,0.23539400100708008,,0.6043329238891602,,,0.27774739265441895,,,,0.24276208877563477,0.29009199142456055,,0.9042520523071289,,,,0.5654840469360352,,0.6207470893859863,0.5687808990478516
1723,0.2755098342895508,0.6039097309112549,,,0.2571539878845215,,,,0.2604379653930664,,0.288970947265625,0.26502084732055664,,0.2931191921234131,0.2793149948120117,0.25789690017700195,0.2756197452545166,0.5726931095123291,,0.5791110992431641,,,1.516247034072876,1.004972219467163,0.3179810047149658,0.23303914070129395,0.5593400001525879,0.2579457759857178,1.5534648895263672,,0.24935698509216309,,0.5566961765289307,,,0.26627492904663086,,,,0.27548980712890625,0.5948829650878906,,1.9504399299621582,,,,0.5223028659820557,,0.7783198356628418,0.5790457725524902
1724,0.25317811965942383,0.6081058979034424,,,0.2653360366821289,,,,0.2844080924987793,,0.26688313484191895,0.2626039981842041,,0.2856428623199463,0.27423691749572754,0.621455192565918,0.27847766876220703,0.5897548198699951,,0.9648361206054688,,,0.847959041595459,1.3173789978027344,0.28202295303344727,0.25570201873779297,0.5624639987945557,0.24440813064575195,1.8724431991577148,,0.26410412788391113,,0.5916390419006348,,,0.26260900497436523,,,,0.2504749298095703,0.9599571228027344,,1.2318909168243408,,,,0.5607590675354004,,0.610595703125,0.5737378597259521
1725,0.2735769748687744,0.6276857852935791,,,0.2443220615386963,,,,0.26065921783447266,,0.2846548557281494,0.2624080181121826,,0.29151391983032227,1.4439659118652344,0.9328999519348145,0.28028106689453125,0.5933060646057129,,0.605726957321167,,,9.54079794883728,0.5459020137786865,0.2920572757720947,0.23951482772827148,0.5874087810516357,0.2606821060180664,1.2155382633209229,,0.2842979431152344,,0.5804131031036377,,,0.2352581024169922,,,,0.264056921005249,0.26633286476135254,,1.2231781482696533,,,,0.5658690929412842,,0.2865300178527832,0.6127581596374512
1726,0.2762129306793213,0.6634700298309326,,,0.26264190673828125,,,,0.26221323013305664,,0.27670907974243164,0.27484631538391113,,0.2852439880371094,0.28035402297973633,0.6298420429229736,0.28235292434692383,1.3306338787078857,,0.5797460079193115,,,17.027533054351807,0.5202591419219971,0.2884979248046875,0.2817709445953369,0.5886359214782715,0.2662830352783203,1.2009258270263672,,0.2630898952484131,,0.5527389049530029,,,0.2596149444580078,,,,0.24842381477355957,0.3465437889099121,,0.5200529098510742,,,,0.5620458126068115,,0.2845890522003174,0.2736530303955078
1727,0.26899218559265137,0.6171689033508301,,,0.28205084800720215,,,,0.24225711822509766,,0.2716679573059082,0.24064993858337402,,0.27785706520080566,0.27640199661254883,1.6305263042449951,0.28985095024108887,0.5946972370147705,,0.56880784034729,,,0.049488067626953125,0.8856441974639893,0.2935149669647217,0.2680487632751465,0.592144250869751,0.2645859718322754,0.5302839279174805,,0.2630300521850586,,0.5778090953826904,,,0.2537200450897217,,,,0.24481725692749023,0.2677640914916992,,1.2592930793762207,,,,0.5460329055786133,,0.269010066986084,0.33383822441101074
1728,0.2521669864654541,0.29253196716308594,,,0.25809812545776367,,,,0.26500892639160156,,0.2660558223724365,0.23961806297302246,,0.29355812072753906,0.3255429267883301,0.6227772235870361,0.28090596199035645,0.5808069705963135,,0.5598888397216797,,,0.5296218395233154,1.0689611434936523,0.29566407203674316,0.2493298053741455,0.5480237007141113,0.2755000591278076,0.542443037033081,,0.2631947994232178,,0.6246457099914551,,,0.23194289207458496,,,,0.269881010055542,0.28175783157348633,,0.533991813659668,,,,1.2061939239501953,,0.2869448661804199,0.5822091102600098
1729,0.2637062072753906,0.28688907623291016,,,0.26902103424072266,,,,0.2765800952911377,,0.27683305740356445,0.25458312034606934,,0.2796778678894043,0.2869539260864258,1.3473432064056396,0.25629591941833496,0.5929811000823975,,0.5730969905853271,,,0.5149989128112793,1.5532472133636475,0.28709912300109863,0.2466599941253662,0.5878150463104248,0.26642394065856934,1.2015659809112549,,0.26262593269348145,,0.5589137077331543,,,0.2580440044403076,,,,0.23671698570251465,1.065303087234497,,1.2182559967041016,,,,0.5306177139282227,,0.2603909969329834,0.5723748207092285
1730,0.2673227787017822,0.27069807052612305,,,0.25966620445251465,,,,0.2666640281677246,,0.2773759365081787,0.26738715171813965,,1.4346542358398438,0.990912914276123,0.6000461578369141,0.27141523361206055,0.6007180213928223,,0.6037948131561279,,,0.5170769691467285,0.530397891998291,0.2975301742553711,0.23427200317382812,0.2716391086578369,0.24028491973876953,0.534369945526123,,0.25518798828125,,0.6124057769775391,,,0.23735809326171875,,,,0.29272031784057617,0.6336421966552734,,1.271838903427124,,,,1.2633001804351807,,0.26820993423461914,0.5891830921173096
1731,0.28531503677368164,0.8455657958984375,,,0.2644350528717041,,,,0.26530885696411133,,0.27727198600769043,0.28351879119873047,,0.2908768653869629,0.28139591217041016,2.034827947616577,0.2841770648956299,0.5479791164398193,,1.1256208419799805,,,0.7039258480072021,0.5227360725402832,0.28240108489990234,0.2675602436065674,0.5631198883056641,0.26196885108947754,0.7241470813751221,,0.26850318908691406,,0.5871298313140869,,,0.2630140781402588,,,,0.2494492530822754,0.5901679992675781,,2.5255651473999023,,,,0.5486307144165039,,0.2828788757324219,0.2520437240600586
1732,0.29174184799194336,0.5654346942901611,,,0.26172804832458496,,,,0.2617959976196289,,0.299609899520874,0.25825977325439453,,0.2874412536621094,0.2428572177886963,1.3294057846069336,0.290693998336792,0.5861361026763916,,0.5793941020965576,,,0.5417988300323486,0.9406857490539551,0.30284595489501953,0.2433469295501709,1.223809003829956,0.2676210403442383,0.8967061042785645,,0.2712819576263428,,0.609666109085083,,,0.28064799308776855,,,,0.24748015403747559,0.3065469264984131,,1.2425427436828613,,,,1.1989350318908691,,0.26767897605895996,0.2600748538970947
1733,0.2696981430053711,0.5886569023132324,,,0.25022196769714355,,,,0.2618868350982666,,0.26815104484558105,0.263688325881958,,0.29069995880126953,0.25971388816833496,1.3344178199768066,0.25196123123168945,0.6331799030303955,,0.6059610843658447,,,0.5153088569641113,0.5139830112457275,0.29753899574279785,0.25575709342956543,3.397447109222412,0.28255414962768555,1.1942729949951172,,0.24802899360656738,,0.5960860252380371,,,0.2394249439239502,,,,0.2771141529083252,0.2964041233062744,,1.2865619659423828,,,,0.5222561359405518,,0.5961589813232422,0.26075291633605957
1734,0.285844087600708,0.2874908447265625,,,0.2612879276275635,,,,0.26014018058776855,,0.27985405921936035,0.2623720169067383,,0.2885901927947998,0.27930712699890137,0.6557891368865967,0.2702922821044922,0.5847697257995605,,0.6158092021942139,,,0.5158472061157227,0.5766830444335938,0.27109503746032715,0.24346017837524414,0.6141979694366455,0.2527580261230469,0.49985408782958984,,0.24626827239990234,,0.613349199295044,,,0.248244047164917,,,,0.25180792808532715,0.26674675941467285,,0.5547399520874023,,,,0.545947790145874,,0.5957438945770264,0.5587639808654785
1735,0.26505088806152344,0.5925030708312988,,,0.2731032371520996,,,,0.26347899436950684,,0.2607271671295166,0.2468407154083252,,0.2816183567047119,0.3028600215911865,0.5701339244842529,0.25322914123535156,0.5745573043823242,,0.579582929611206,,,0.5452547073364258,1.2900381088256836,0.26814913749694824,0.2589879035949707,0.611548900604248,0.24611520767211914,0.5613491535186768,,0.2637190818786621,,0.6150848865509033,,,0.23457002639770508,,,,0.260897159576416,0.2733919620513916,,0.22940301895141602,,,,0.55861496925354,,0.5596928596496582,0.272723913192749
1736,0.26407384872436523,0.3661961555480957,,,0.25005006790161133,,,,0.25391507148742676,,0.27146005630493164,0.2754180431365967,,0.28655290603637695,0.26015400886535645,1.3061330318450928,0.24928689002990723,0.6303937435150146,,0.5867421627044678,,,0.5023238658905029,1.2274932861328125,0.27144336700439453,0.2741057872772217,0.5534241199493408,0.24350905418395996,1.1996028423309326,,0.24554681777954102,,0.6113190650939941,,,0.2588369846343994,,,,0.27310609817504883,0.59700608253479,,0.5375349521636963,,,,0.5846936702728271,,0.593660831451416,0.568544864654541
1737,0.3076438903808594,0.5508532524108887,,,0.26791977882385254,,,,0.2459721565246582,,0.2997910976409912,0.27013182640075684,,0.3199779987335205,0.2724030017852783,0.6126949787139893,0.28872179985046387,0.6115360260009766,,0.5386900901794434,,,1.1495881080627441,4.4847412109375,0.2746758460998535,0.2637150287628174,0.6164760589599609,0.24554920196533203,1.2672598361968994,,0.23926806449890137,,0.5974180698394775,,,0.27822303771972656,,,,0.2470550537109375,0.298508882522583,,1.1954739093780518,,,,0.5453941822052002,,0.4184749126434326,0.25472497940063477
1738,0.2668747901916504,0.595524787902832,,,0.24174904823303223,,,,0.25115203857421875,,0.27691173553466797,0.25539588928222656,,0.2786707878112793,0.2797391414642334,1.28468918800354,0.24810409545898438,0.6055452823638916,,0.5617101192474365,,,0.5298550128936768,1.7540419101715088,0.2951827049255371,0.24242091178894043,0.5591681003570557,0.2954707145690918,1.216367244720459,,0.24997925758361816,,0.6334359645843506,,,0.2396700382232666,,,,0.24999594688415527,0.26933813095092773,,1.2175538539886475,,,,0.5786528587341309,,0.5915751457214355,0.5659220218658447
1739,0.2861349582672119,0.2750558853149414,,,0.2463850975036621,,,,0.2891979217529297,,0.27576231956481934,0.24249696731567383,,0.292985200881958,0.5019540786743164,4.123775005340576,0.24770402908325195,0.5706019401550293,,0.5639352798461914,,,1.1251640319824219,0.8736240863800049,0.27283716201782227,0.3008248805999756,0.6012108325958252,0.24307680130004883,1.2132411003112793,,0.24346303939819336,,0.5951430797576904,,,0.257112979888916,,,,0.545656681060791,0.26607489585876465,,0.5307881832122803,,,,0.5796260833740234,,0.2606229782104492,0.2791569232940674
1740,0.2663741111755371,0.599729061126709,,,0.24223899841308594,,,,0.26195502281188965,,0.2798941135406494,0.2521049976348877,,0.29361987113952637,0.5659677982330322,2.4139630794525146,0.24609613418579102,0.605853796005249,,0.6104028224945068,,,0.5398781299591064,1.2791061401367188,0.2797098159790039,0.2546980381011963,0.5547089576721191,0.24977993965148926,1.1681721210479736,,0.26708388328552246,,0.5442347526550293,,,0.2668788433074951,,,,0.2478020191192627,0.6645269393920898,,4.151324987411499,,,,1.5131299495697021,,0.28837013244628906,0.27874302864074707
1741,0.2778489589691162,0.5876600742340088,,,0.24367475509643555,,,,0.23890900611877441,,0.2932868003845215,0.25901174545288086,,0.3842897415161133,0.5980751514434814,1.281426191329956,0.24606108665466309,0.5873258113861084,,0.5893020629882812,,,0.5486440658569336,3.0382080078125,0.27127790451049805,0.25722384452819824,0.5795068740844727,0.24570918083190918,0.5290970802307129,,0.2470231056213379,,0.5754058361053467,,,0.26280879974365234,,,,0.24702906608581543,0.6355190277099609,,1.2128369808197021,,,,1.3059163093566895,,0.2671339511871338,0.2790384292602539
1742,0.2825660705566406,0.6175322532653809,,,0.2709009647369385,,,,0.25984716415405273,,0.28025078773498535,0.24491286277770996,,0.29966282844543457,1.0684781074523926,0.6574280261993408,0.2658421993255615,0.6096920967102051,,0.5846648216247559,,,0.5268323421478271,0.9505198001861572,0.284649133682251,0.26237010955810547,0.6094419956207275,0.25180792808532715,0.5328261852264404,,0.2475590705871582,,0.5838799476623535,,,0.2793693542480469,,,,0.26298069953918457,0.6255617141723633,,1.2082722187042236,,,,0.5329768657684326,,0.6101336479187012,0.27253198623657227
1743,0.2779121398925781,0.6418819427490234,,,0.24406099319458008,,,,0.26991796493530273,,0.2746589183807373,0.2705831527709961,,0.3074212074279785,0.5852510929107666,0.28493404388427734,0.2716641426086426,0.612689733505249,,0.556102991104126,,,0.5658609867095947,1.6936872005462646,0.28830599784851074,0.26624011993408203,0.551048994064331,0.26169276237487793,0.5818278789520264,,0.24711394309997559,,0.5752511024475098,,,0.2366929054260254,,,,0.24833941459655762,0.3028891086578369,,10.738020896911621,,,,1.3437352180480957,,0.28610992431640625,0.27557897567749023
1744,0.27258992195129395,0.6006319522857666,,,0.24541187286376953,,,,0.27669692039489746,,0.26845788955688477,0.26514387130737305,,0.27809619903564453,17.497271060943604,4.305747032165527,0.24890995025634766,0.6318447589874268,,0.6206209659576416,,,0.5672619342803955,1.2344679832458496,0.29929304122924805,0.2530817985534668,0.9963068962097168,0.27095484733581543,1.196958065032959,,0.24036812782287598,,0.5805110931396484,,,0.26204800605773926,,,,0.24292206764221191,0.2695176601409912,,1.2549669742584229,,,,0.7426722049713135,,0.26194095611572266,0.33051013946533203
1745,0.281221866607666,0.307542085647583,,,0.2535879611968994,,,,0.266754150390625,,0.28906917572021484,0.2684478759765625,,0.5874261856079102,0.6380321979522705,1.3920698165893555,0.25064778327941895,0.5836820602416992,,0.9394850730895996,,,0.5416138172149658,0.611605167388916,0.2797110080718994,0.23919200897216797,0.5249080657958984,0.24123597145080566,0.5330801010131836,,0.2651379108428955,,0.5509059429168701,,,0.2353811264038086,,,,0.27504611015319824,0.2487478256225586,,1.862185001373291,,,,0.7788903713226318,,0.5691978931427002,0.5326809883117676
1746,0.2740747928619385,0.28839778900146484,,,0.26734423637390137,,,,0.26413798332214355,,0.2635190486907959,0.2680659294128418,,0.31841087341308594,0.5731289386749268,0.6343429088592529,0.27785229682922363,0.5973258018493652,,0.5897119045257568,,,1.1371581554412842,0.5812931060791016,0.30620694160461426,0.25438833236694336,0.6069848537445068,0.26429271697998047,1.2013111114501953,,0.24473905563354492,,0.5712130069732666,,,0.26432299613952637,,,,0.2517268657684326,0.6361291408538818,,2.6210691928863525,,,,0.7913942337036133,,0.636793851852417,0.8898942470550537
1747,0.29329681396484375,0.2950599193572998,,,0.26337313652038574,,,,0.2615790367126465,,0.2829749584197998,0.24486494064331055,,0.6409690380096436,0.26096081733703613,0.6100540161132812,0.2928740978240967,0.6242501735687256,,0.6073777675628662,,,0.8967230319976807,0.9521889686584473,0.30661702156066895,0.2676668167114258,0.557762861251831,0.26702022552490234,1.2058780193328857,,0.24378299713134766,,0.5649449825286865,,,0.2825961112976074,,,,0.2929060459136963,0.2655329704284668,,0.5521368980407715,,,,2.0914669036865234,,0.5949690341949463,0.2714529037475586
1748,0.27672505378723145,0.5851099491119385,,,0.25114965438842773,,,,0.24085712432861328,,0.279616117477417,0.2467329502105713,,0.29337191581726074,0.5743138790130615,0.595433235168457,0.25339818000793457,0.6069591045379639,,0.5614168643951416,,,0.546727180480957,1.1446537971496582,0.3000180721282959,0.24811577796936035,0.5924861431121826,0.26911497116088867,0.5458619594573975,,0.25783205032348633,,0.5904221534729004,,,0.26157498359680176,,,,0.24992799758911133,0.26902008056640625,,1.986422061920166,,,,1.2141730785369873,,0.37413978576660156,0.4477419853210449
1749,0.26842308044433594,0.5573611259460449,,,0.2787439823150635,,,,0.27637815475463867,,0.25647473335266113,0.24143624305725098,,0.2843928337097168,0.2854921817779541,2.121669292449951,0.27286386489868164,0.6227059364318848,,0.5742793083190918,,,0.5509922504425049,3.6663219928741455,0.28727293014526367,0.2591211795806885,1.0106213092803955,0.24364900588989258,0.5570900440216064,,0.26963186264038086,,0.6112558841705322,,,0.2387540340423584,,,,0.2766239643096924,1.0523929595947266,,18.83014726638794,,,,1.2137541770935059,,0.2744588851928711,0.2973148822784424
1750,0.26905298233032227,0.29467010498046875,,,0.2481670379638672,,,,0.27011895179748535,,0.2758169174194336,0.24601292610168457,,0.6677498817443848,0.5659651756286621,6.351034879684448,0.27786707878112793,0.6093029975891113,,0.5844039916992188,,,1.1166267395019531,1.229811191558838,0.27689409255981445,0.267833948135376,0.6146240234375,0.2470228672027588,0.5016739368438721,,0.27377915382385254,,0.6001200675964355,,,0.23241591453552246,,,,0.24967503547668457,0.2698361873626709,,18.28801918029785,,,,1.2149372100830078,,0.27251315116882324,0.5709989070892334
1751,0.28080201148986816,0.5929419994354248,,,0.24710893630981445,,,,0.26445698738098145,,0.28639721870422363,0.2661170959472656,,0.6032009124755859,0.6515078544616699,1.3705408573150635,0.25674009323120117,0.6152408123016357,,0.537949800491333,,,1.0970280170440674,1.080322027206421,0.2919197082519531,0.27005696296691895,0.6134762763977051,0.24618172645568848,0.5322339534759521,,0.26558613777160645,,0.5576322078704834,,,0.26160573959350586,,,,0.24347186088562012,0.3013579845428467,,18.296973943710327,,,,1.3082408905029297,,0.616628885269165,0.28019213676452637
1752,0.289747953414917,0.6330769062042236,,,0.2645909786224365,,,,0.26195311546325684,,0.2826251983642578,0.25084376335144043,,0.6580910682678223,0.5972020626068115,1.746204137802124,0.2950007915496826,0.5895261764526367,,1.0188522338867188,,,1.181175947189331,1.2193458080291748,0.3000457286834717,0.23478078842163086,0.6136200428009033,0.24358391761779785,0.5321033000946045,,0.24445390701293945,,0.5712227821350098,,,0.27947115898132324,,,,0.29238200187683105,0.24943804740905762,,0.3064539432525635,,,,0.5728111267089844,,0.26874494552612305,0.5729608535766602
1753,0.2800462245941162,0.5821571350097656,,,0.24605488777160645,,,,0.26607632637023926,,0.2851991653442383,0.270658016204834,,0.30150508880615234,0.5511770248413086,0.6356978416442871,0.27355289459228516,0.6229779720306396,,0.5698840618133545,,,0.5024459362030029,0.5634372234344482,0.30410003662109375,0.24451470375061035,0.9543271064758301,0.2848937511444092,0.5338785648345947,,0.2591969966888428,,0.5295898914337158,,,0.2665579319000244,,,,0.24833989143371582,1.0377380847930908,,1.2612218856811523,,,,1.149116039276123,,0.6503438949584961,0.29883503913879395
1754,0.27156901359558105,1.1329841613769531,,,0.23691701889038086,,,,0.27333617210388184,,0.2724440097808838,0.26015520095825195,,0.2790699005126953,0.2850487232208252,0.5977749824523926,0.28076982498168945,0.5770361423492432,,0.5838119983673096,,,0.5360538959503174,1.1927759647369385,0.29308629035949707,0.25762081146240234,1.031702995300293,0.268204927444458,0.5339372158050537,,0.2696099281311035,,0.6304247379302979,,,0.5484879016876221,,,,0.24981188774108887,0.36299991607666016,,1.1982460021972656,,,,1.2784650325775146,,0.28359198570251465,0.5614669322967529
1755,0.28026294708251953,0.6107468605041504,,,0.24861693382263184,,,,0.261307954788208,,0.27324962615966797,0.26682329177856445,,0.295806884765625,0.2948951721191406,1.3301260471343994,0.2758350372314453,0.6056818962097168,,0.5752909183502197,,,0.5428099632263184,1.9361071586608887,0.28939104080200195,0.23717403411865234,0.6101100444793701,0.26701998710632324,0.8986780643463135,,0.27340006828308105,,0.5891530513763428,,,0.26406192779541016,,,,0.2724881172180176,1.2808351516723633,,9.408049821853638,,,,1.252600908279419,,0.27323317527770996,0.5656187534332275
1756,0.2711179256439209,0.572674036026001,,,0.24268126487731934,,,,0.24242806434631348,,0.2577941417694092,0.27207112312316895,,0.2877030372619629,0.2512660026550293,0.5918879508972168,0.27832722663879395,0.5581576824188232,,0.2927279472351074,,,0.5606980323791504,0.5315971374511719,0.2953319549560547,0.2880702018737793,0.5998179912567139,0.25058794021606445,0.5558211803436279,,0.27093505859375,,0.5961189270019531,,,0.2726619243621826,,,,0.2606050968170166,0.29072022438049316,,1.178529977798462,,,,1.1985280513763428,,0.280642032623291,0.2901120185852051
1757,0.28527212142944336,0.2964029312133789,,,0.2822299003601074,,,,0.2672269344329834,,0.2842581272125244,0.24385285377502441,,0.29349303245544434,0.31721997261047363,3.4841468334198,0.2976078987121582,0.6282768249511719,,0.6061069965362549,,,0.5510509014129639,0.21918797492980957,0.28136110305786133,0.24877381324768066,0.9764339923858643,0.24786806106567383,0.5021510124206543,,0.25879788398742676,,0.9722731113433838,,,0.24378490447998047,,,,0.2779409885406494,0.29100513458251953,,3.2929279804229736,,,,0.54292893409729,,0.2703990936279297,0.2673611640930176
1758,0.2741990089416504,0.2724301815032959,,,0.25494909286499023,,,,0.26903796195983887,,0.27629899978637695,0.271899938583374,,0.2850809097290039,0.5921578407287598,4.631120204925537,0.2738800048828125,0.6307330131530762,,1.2677922248840332,,,0.5008630752563477,1.243546962738037,0.32501721382141113,0.24275493621826172,0.5772531032562256,0.29155611991882324,0.5515751838684082,,0.2571079730987549,,0.6084949970245361,,,0.23718523979187012,,,,0.2650258541107178,0.24661016464233398,,1.214526891708374,,,,0.5813100337982178,,0.28632187843322754,0.4429478645324707
1759,0.282271146774292,0.560662031173706,,,0.24227118492126465,,,,0.27560925483703613,,0.2805290222167969,0.2770659923553467,,0.27799510955810547,0.2618718147277832,0.6334621906280518,0.2528266906738281,0.5907881259918213,,0.5802891254425049,,,0.49918222427368164,1.2673096656799316,0.3058760166168213,0.25444889068603516,0.5742020606994629,0.25491881370544434,0.9264600276947021,,0.24424219131469727,,0.5612342357635498,,,0.25060200691223145,,,,0.24610590934753418,1.3205530643463135,,5.1060709953308105,,,,6.7899298667907715,,0.2881622314453125,0.6334350109100342
1760,0.27094292640686035,0.6095621585845947,,,0.2525601387023926,,,,0.26549720764160156,,0.2747809886932373,0.25916290283203125,,0.2974693775177002,0.5653221607208252,1.495008945465088,0.28241896629333496,0.602867841720581,,0.5634088516235352,,,1.7932970523834229,1.6789519786834717,0.28169918060302734,0.23676490783691406,0.5907242298126221,0.24397897720336914,0.5313787460327148,,0.2906959056854248,,0.5791587829589844,,,0.24450206756591797,,,,0.25488901138305664,0.286653995513916,,0.538538932800293,,,,13.690593957901001,,0.594588041305542,0.2754387855529785
1761,0.27844715118408203,0.300152063369751,,,0.24280190467834473,,,,0.26157522201538086,,0.2810051441192627,0.2857930660247803,,0.2624340057373047,0.5769941806793213,2.010986804962158,0.2802300453186035,0.5940871238708496,,0.5867819786071777,,,0.5497238636016846,0.5356888771057129,0.29494404792785645,0.2551720142364502,0.6180870532989502,0.2712278366088867,0.9086751937866211,,0.24983596801757812,,0.5980749130249023,,,0.2721831798553467,,,,0.2753889560699463,0.614044189453125,,0.5597350597381592,,,,0.5618181228637695,,0.5475959777832031,0.8557150363922119
1762,0.28862690925598145,0.607180118560791,,,0.28667712211608887,,,,0.2631402015686035,,0.2891111373901367,0.26495909690856934,,0.667017936706543,0.2684762477874756,2.0570077896118164,0.2892749309539795,0.6099679470062256,,0.5657129287719727,,,0.8686139583587646,1.6757633686065674,0.2885880470275879,0.2689530849456787,0.5947020053863525,0.24983787536621094,1.1707379817962646,,0.2463219165802002,,0.5616509914398193,,,0.24004888534545898,,,,0.26560497283935547,0.29024410247802734,,18.053153038024902,,,,1.04410719871521,,0.3070390224456787,0.23714208602905273
1763,0.28316211700439453,0.2919642925262451,,,0.37154197692871094,,,,0.24100804328918457,,0.2564053535461426,0.27986788749694824,,0.63407301902771,0.281724214553833,1.35400390625,0.2820549011230469,0.5881810188293457,,0.5741922855377197,,,0.5293562412261963,2.355440139770508,0.31422996520996094,0.2525932788848877,0.5704329013824463,0.2626762390136719,0.9207589626312256,,0.24657201766967773,,0.531984806060791,,,0.25980710983276367,,,,0.24786615371704102,0.6094241142272949,,0.8423309326171875,,,,0.5218007564544678,,0.5734720230102539,0.5845751762390137
1764,0.2668302059173584,0.6186139583587646,,,0.3527259826660156,,,,0.28338098526000977,,0.2536132335662842,0.25104284286499023,,0.26857495307922363,0.26952481269836426,1.3389620780944824,0.2661421298980713,0.6221661567687988,,0.5724010467529297,,,0.5463109016418457,1.7284717559814453,0.30945301055908203,0.2393360137939453,0.5687570571899414,0.24613380432128906,0.9168732166290283,,0.24907803535461426,,0.5681238174438477,,,0.25968384742736816,,,,0.2501180171966553,0.25046825408935547,,3.4153621196746826,,,,1.6674749851226807,,0.33632707595825195,0.5749249458312988
1765,0.2700040340423584,0.267833948135376,,,0.37560319900512695,,,,0.26308512687683105,,0.259213924407959,0.2741730213165283,,0.6120851039886475,0.5791211128234863,5.303368091583252,0.267686128616333,0.6031672954559326,,0.5812458992004395,,,0.5230820178985596,3.380620002746582,0.2830338478088379,0.26125192642211914,0.5432350635528564,0.26897096633911133,1.2355468273162842,,0.2616868019104004,,0.5749318599700928,,,0.23529791831970215,,,,0.2665090560913086,0.657296895980835,,1.1998391151428223,,,,0.583655834197998,,0.288250207901001,0.6129539012908936
1766,0.2783041000366211,0.3017411231994629,,,0.34564924240112305,,,,0.2639799118041992,,0.26660609245300293,0.27417874336242676,,0.6437578201293945,0.6124212741851807,4.032649993896484,0.25440311431884766,0.6103250980377197,,0.5627851486206055,,,1.1676151752471924,1.1486091613769531,0.29124879837036133,0.278656005859375,1.0665709972381592,0.25834107398986816,1.1767358779907227,,0.24526691436767578,,0.625762939453125,,,0.2838280200958252,,,,0.24650907516479492,0.31911516189575195,,11.867938041687012,,,,11.663310050964355,,0.29072999954223633,0.2746608257293701
1767,0.29095983505249023,0.5977649688720703,,,0.27375006675720215,,,,0.261106014251709,,0.2752358913421631,0.2702159881591797,,0.6433830261230469,0.3582322597503662,1.7245712280273438,0.29793572425842285,0.5801711082458496,,0.5895428657531738,,,0.5291781425476074,2.4783730506896973,0.29718518257141113,0.23571395874023438,0.6130080223083496,0.2411022186279297,0.9285800457000732,,0.25058889389038086,,0.5782079696655273,,,0.2641417980194092,,,,0.2774651050567627,0.587587833404541,,0.5363569259643555,,,,1.0185070037841797,,0.5687370300292969,0.5933938026428223
1768,0.28600192070007324,0.6134581565856934,,,0.28751587867736816,,,,0.26783299446105957,,0.26877903938293457,0.24840903282165527,,0.6453368663787842,0.24987292289733887,2.4726719856262207,0.2839322090148926,0.6100239753723145,,0.5848681926727295,,,0.5423769950866699,0.4994618892669678,0.30344295501708984,0.26703476905822754,1.0003421306610107,0.2604711055755615,1.1970691680908203,,0.26869821548461914,,0.5965349674224854,,,0.26598691940307617,,,,0.26862001419067383,1.0713300704956055,,0.557243824005127,,,,0.5721380710601807,,0.28699588775634766,0.5911498069763184
1769,0.2909231185913086,0.5874650478363037,,,0.24902129173278809,,,,0.270953893661499,,0.2532157897949219,0.2475593090057373,,0.3839249610900879,0.281566858291626,0.2773771286010742,0.2701911926269531,0.5784189701080322,,0.5739479064941406,,,0.5537302494049072,2.2154150009155273,0.2954738140106201,0.26804399490356445,0.5805819034576416,0.26982617378234863,4.903226137161255,,0.2528257369995117,,0.5952770709991455,,,0.26570606231689453,,,,0.9753639698028564,0.30574512481689453,,0.5648410320281982,,,,16.061325788497925,,0.24892807006835938,0.5827462673187256
1770,0.2909679412841797,0.5936012268066406,,,0.24823379516601562,,,,0.269061803817749,,0.26331615447998047,0.24568676948547363,,1.0552358627319336,0.2679312229156494,1.3228769302368164,0.2834439277648926,0.5746359825134277,,0.5716137886047363,,,0.3788578510284424,2.201334238052368,0.2862708568572998,0.2593271732330322,0.5635459423065186,0.24189424514770508,0.5325057506561279,,0.2911508083343506,,0.5956969261169434,,,0.26311230659484863,,,,0.2730858325958252,0.615170955657959,,18.364670991897583,,,,1.962946891784668,,0.30664491653442383,0.5627400875091553
1771,0.2652571201324463,0.26982927322387695,,,0.24424219131469727,,,,0.2417919635772705,,0.25087523460388184,0.2645418643951416,,0.2918980121612549,0.5829849243164062,6.368038892745972,0.27693963050842285,0.29169416427612305,,0.5888941287994385,,,0.5169918537139893,1.647644281387329,0.2880208492279053,0.28768491744995117,1.9073116779327393,0.2607250213623047,0.6266219615936279,,0.2531430721282959,,0.6000471115112305,,,0.23588895797729492,,,,0.2665557861328125,0.5749588012695312,,12.58419394493103,,,,0.5695490837097168,,0.2902047634124756,0.6106250286102295
1772,0.3132188320159912,0.5844001770019531,,,0.2744009494781494,,,,0.26842308044433594,,0.28637194633483887,0.2444460391998291,,0.6149170398712158,0.24591898918151855,3.1349408626556396,0.29544687271118164,0.574915885925293,,0.5979619026184082,,,0.5160319805145264,1.1586577892303467,0.2799088954925537,0.2583179473876953,0.9884119033813477,0.2634549140930176,0.9109392166137695,,0.24610090255737305,,0.632889986038208,,,0.23509621620178223,,,,0.2758979797363281,0.5915970802307129,,0.5623669624328613,,,,3.7930989265441895,,0.26778602600097656,0.5450069904327393
1773,0.29088902473449707,0.605593204498291,,,0.2736198902130127,,,,0.2533698081970215,,0.2525041103363037,0.2452712059020996,,0.6776142120361328,0.2638239860534668,4.534099102020264,0.2508211135864258,0.6285660266876221,,0.6098730564117432,,,0.49932122230529785,0.9641871452331543,0.3149847984313965,0.2593109607696533,0.5617399215698242,0.2798938751220703,0.5254929065704346,,0.2715940475463867,,0.5645167827606201,,,0.2400040626525879,,,,0.2520580291748047,0.6324379444122314,,0.9956858158111572,,,,0.5368509292602539,,0.30584001541137695,0.5965650081634521
1774,0.2919309139251709,0.3260960578918457,,,0.25156188011169434,,,,0.2883341312408447,,0.2700459957122803,0.25316405296325684,,1.068784236907959,0.5746059417724609,7.440761089324951,0.2754700183868408,0.6071298122406006,,0.5686361789703369,,,7.828365087509155,0.9735989570617676,0.28122591972351074,0.2421739101409912,0.5984671115875244,0.25377893447875977,0.5681319236755371,,0.2459697723388672,,0.5793068408966064,,,0.2370758056640625,,,,0.2751457691192627,0.27077794075012207,,12.590901851654053,,,,0.5458548069000244,,0.26436781883239746,0.5356407165527344
1775,0.26608896255493164,0.6174788475036621,,,0.24322891235351562,,,,0.263535737991333,,0.2560608386993408,0.2679738998413086,,0.6278541088104248,0.3995940685272217,10.484537839889526,0.25746774673461914,0.5920088291168213,,0.5885460376739502,,,0.5313279628753662,3.1855151653289795,0.30646395683288574,0.2644798755645752,0.600045919418335,0.2704758644104004,0.5363240242004395,,0.27071213722229004,,0.5633878707885742,,,0.26100993156433105,,,,0.24785089492797852,0.2831559181213379,,18.43431520462036,,,,0.5407743453979492,,0.29252195358276367,0.7816519737243652
1776,0.28638219833374023,0.2755551338195801,,,0.23956799507141113,,,,0.26538586616516113,,0.2724311351776123,0.2718842029571533,,0.2767789363861084,0.6518020629882812,1.9684510231018066,0.25745677947998047,0.608496904373169,,0.6050398349761963,,,0.5197157859802246,1.211496114730835,0.3031730651855469,0.2715141773223877,0.592750072479248,0.2583737373352051,1.151637077331543,,0.27629590034484863,,0.6127619743347168,,,0.26464295387268066,,,,0.2632129192352295,0.5904111862182617,,2.970363140106201,,,,0.5633611679077148,,0.31641602516174316,0.2776448726654053
1777,0.28632307052612305,0.29053497314453125,,,0.26361703872680664,,,,0.2501821517944336,,0.28792691230773926,0.27270007133483887,,0.6269831657409668,0.6081879138946533,2.63970685005188,0.2912900447845459,0.6186659336090088,,0.554311990737915,,,0.8222558498382568,1.2387430667877197,0.2801961898803711,0.25391125679016113,0.5939900875091553,0.25495028495788574,0.908339262008667,,0.2492368221282959,,0.9827361106872559,,,0.21820592880249023,,,,0.2777848243713379,0.5670709609985352,,0.9229922294616699,,,,7.667023181915283,,0.3094778060913086,0.6141953468322754
1778,0.2847433090209961,0.2665672302246094,,,0.24660086631774902,,,,0.2436070442199707,,0.2579629421234131,0.2570040225982666,,1.101527214050293,0.29113221168518066,0.5726923942565918,0.27775096893310547,0.6346790790557861,,0.5625669956207275,,,0.5556018352508545,1.202219009399414,0.30821919441223145,0.2373049259185791,0.6374669075012207,0.2767632007598877,1.936647891998291,,0.2728540897369385,,0.41256284713745117,,,0.5617847442626953,,,,0.2794828414916992,1.1486661434173584,,18.611264944076538,,,,0.5417511463165283,,0.2927722930908203,0.5643022060394287
1779,0.2662336826324463,0.2986738681793213,,,0.25189709663391113,,,,0.28763794898986816,,0.25374507904052734,0.24390077590942383,,1.0644099712371826,0.2665379047393799,2.0774619579315186,0.27461791038513184,0.6071341037750244,,0.5647010803222656,,,0.5179488658905029,0.8686950206756592,0.3025782108306885,0.2672758102416992,0.5511133670806885,0.26544809341430664,0.5819251537322998,,0.25453901290893555,,0.6226789951324463,,,0.5458779335021973,,,,0.25012993812561035,1.1092870235443115,,,,,,14.42463994026184,,0.29250407218933105,0.30475592613220215
1780,0.2877047061920166,0.5856070518493652,,,0.24342799186706543,,,,0.26643991470336914,,0.2659273147583008,0.2688138484954834,,0.2812380790710449,0.3251512050628662,0.6107809543609619,0.25083398818969727,0.5887138843536377,,0.5784420967102051,,,1.1316750049591064,0.9953658580780029,0.2738471031188965,0.26050305366516113,0.5817811489105225,0.25637292861938477,1.1977899074554443,,0.28911900520324707,,0.538637638092041,,,0.5478992462158203,,,,0.2741997241973877,0.6338059902191162,,,,,,0.6130890846252441,,0.5574288368225098,0.5895698070526123
1781,0.2697920799255371,0.5894899368286133,,,0.24669694900512695,,,,0.2588200569152832,,0.25743579864501953,0.2770700454711914,,0.2873878479003906,0.3148360252380371,0.2838749885559082,0.25631284713745117,0.6309750080108643,,0.5744719505310059,,,0.5128169059753418,1.1543312072753906,0.28723812103271484,0.2719590663909912,1.0093278884887695,0.2442178726196289,1.2247381210327148,,0.2438490390777588,,0.5748419761657715,,,0.5498030185699463,,,,0.24992585182189941,1.0250890254974365,,,,,,0.5499868392944336,,0.31561827659606934,0.5792088508605957
1782,0.30282092094421387,0.6520459651947021,,,0.2702748775482178,,,,0.26383209228515625,,0.27741479873657227,0.2669370174407959,,1.0713472366333008,0.26580190658569336,0.5521712303161621,0.2857038974761963,0.6380558013916016,,0.5822811126708984,,,0.5014421939849854,1.145493984222412,0.2860119342803955,0.23550009727478027,0.5696640014648438,0.24923014640808105,1.1816768646240234,,0.2520942687988281,,0.5736382007598877,,,0.577965259552002,,,,0.26221680641174316,1.0263571739196777,,,,,,0.5785541534423828,,0.2736539840698242,0.2697300910949707
1783,0.2729198932647705,0.5857541561126709,,,0.267564058303833,,,,0.26503610610961914,,0.2746109962463379,0.26429176330566406,,0.7912092208862305,0.3147709369659424,0.5901279449462891,0.25707006454467773,0.6093220710754395,,0.5776970386505127,,,0.5567989349365234,0.9012308120727539,0.31943488121032715,0.24769830703735352,0.5724918842315674,0.28545093536376953,0.5261662006378174,,0.27828311920166016,,0.6484808921813965,,,0.22547292709350586,,,,0.2654731273651123,0.5949571132659912,,,,,,5.122967004776001,,0.2932858467102051,0.27362871170043945
1784,0.2814469337463379,0.61928391456604,,,0.24398398399353027,,,,0.280102014541626,,0.27441883087158203,0.2629842758178711,,0.30295491218566895,0.29288482666015625,2.067411184310913,0.261455774307251,0.63425612449646,,0.554563045501709,,,0.5465829372406006,0.9494180679321289,0.2835719585418701,0.25145769119262695,0.6032278537750244,0.26529788970947266,1.571958065032959,,0.24834585189819336,,0.5919668674468994,,,0.2581310272216797,,,,0.27275919914245605,0.600883960723877,,,,,,9.545188903808594,,0.29293084144592285,0.2853081226348877
1785,0.2935149669647217,0.2617502212524414,,,0.25727391242980957,,,,0.24032902717590332,,0.2811610698699951,0.25901317596435547,,0.27821898460388184,0.3022639751434326,0.5914790630340576,0.267305850982666,0.26910901069641113,,0.5788590908050537,,,0.5411958694458008,1.144334077835083,0.2918741703033447,0.23987197875976562,0.6050429344177246,0.2571370601654053,1.1857001781463623,,0.2920360565185547,,7.3230040073394775,,,0.21556305885314941,,,,0.2512392997741699,1.0292868614196777,,,,,,12.07902479171753,,0.29721808433532715,0.5273890495300293
1786,0.26543426513671875,0.26688504219055176,,,0.259213924407959,,,,0.24981904029846191,,0.2589099407196045,0.25861406326293945,,0.5427157878875732,0.27071118354797363,1.2843010425567627,0.2549927234649658,0.6049087047576904,,0.5818209648132324,,,1.1357190608978271,1.8190600872039795,0.2948110103607178,0.2775731086730957,0.5831928253173828,0.2682380676269531,0.563687801361084,,0.2535979747772217,,0.6259551048278809,,,0.562035083770752,,,,0.274399995803833,0.6085002422332764,,,,,,0.5412960052490234,,0.2911868095397949,0.6959199905395508
1787,0.3054320812225342,0.2853419780731201,,,0.2898378372192383,,,,0.26757097244262695,,0.2890479564666748,0.26826977729797363,,0.30180788040161133,0.2830028533935547,0.5789382457733154,0.2829439640045166,0.6168408393859863,,0.5610082149505615,,,0.5248379707336426,2.3280680179595947,0.27922892570495605,0.23608922958374023,0.6221911907196045,0.26238274574279785,2.219351053237915,,0.2690598964691162,,2.4819819927215576,,,0.5311408042907715,,,,0.282850980758667,0.32408881187438965,,,,,,0.5720608234405518,,0.28888702392578125,0.28037571907043457
1788,0.2700381278991699,0.5747919082641602,,,0.2575111389160156,,,,0.2614729404449463,,0.2823219299316406,0.25519394874572754,,0.3018040657043457,0.2920210361480713,0.9656960964202881,0.2534363269805908,0.6020209789276123,,0.6024670600891113,,,0.7852087020874023,1.6785650253295898,0.29743123054504395,0.24682211875915527,0.5702316761016846,0.2772939205169678,1.616711139678955,,0.2591719627380371,,1.0666420459747314,,,0.5530989170074463,,,,0.2947521209716797,0.6046571731567383,,,,,,0.5897412300109863,,0.3823518753051758,0.2923910617828369
1789,0.2881019115447998,0.5815210342407227,,,0.24346208572387695,,,,0.28147196769714355,,0.27661991119384766,0.27248215675354004,,0.7001228332519531,0.25226283073425293,5.222626209259033,0.2551901340484619,0.5806021690368652,,0.5571279525756836,,,0.5489521026611328,0.9184281826019287,0.3051159381866455,0.23464322090148926,0.5968639850616455,0.24051880836486816,0.5491759777069092,,0.24534988403320312,,1.2648451328277588,,,0.5338711738586426,,,,0.27272796630859375,1.0321238040924072,,,,,,0.5798389911651611,,0.27889084815979004,0.5753128528594971
1790,0.28993701934814453,0.59700608253479,,,0.24867510795593262,,,,0.26201701164245605,,0.27739977836608887,0.26474690437316895,,0.28461694717407227,0.2614741325378418,2.439229965209961,0.27207303047180176,0.6239700317382812,,0.5924580097198486,,,0.5801498889923096,0.8986828327178955,0.28372979164123535,0.2636229991912842,0.5806689262390137,0.26971006393432617,0.5176422595977783,,0.28096485137939453,,0.557783842086792,,,0.5380029678344727,,,,0.24841094017028809,0.6498937606811523,,,,,,0.5393269062042236,,0.2908060550689697,0.27922892570495605
1791,0.27126002311706543,0.5914571285247803,,,0.24495172500610352,,,,0.2662391662597656,,0.27637290954589844,0.2810983657836914,,0.2778489589691162,0.2942490577697754,0.9734477996826172,0.2766590118408203,0.6322391033172607,,0.5930459499359131,,,0.5814390182495117,1.5339500904083252,0.2874767780303955,0.2864658832550049,0.5774428844451904,0.2566969394683838,0.5160000324249268,,0.2669639587402344,,0.5571579933166504,,,0.5245859622955322,,,,0.2538571357727051,0.589015007019043,,,,,,2.323619842529297,,0.27435898780822754,0.26071715354919434
1792,0.29274702072143555,0.6380689144134521,,,0.2850477695465088,,,,0.25275707244873047,,0.29221224784851074,0.2593209743499756,,0.27560997009277344,0.2824668884277344,0.5524899959564209,0.2960209846496582,0.6116249561309814,,0.5778050422668457,,,0.5648341178894043,0.4926872253417969,0.29178500175476074,0.25913023948669434,0.6083579063415527,0.2706789970397949,2.896266222000122,,0.25202488899230957,,0.5894646644592285,,,0.5967328548431396,,,,0.2576298713684082,0.27854204177856445,,,,,,0.5437798500061035,,0.2826812267303467,1.558800220489502
1793,0.2735309600830078,0.6025879383087158,,,0.2562832832336426,,,,0.23620128631591797,,0.28172993659973145,0.26323509216308594,,0.6622636318206787,0.2768361568450928,0.9872221946716309,0.2803840637207031,0.6245241165161133,,0.5640349388122559,,,0.591325044631958,1.5201139450073242,0.31554222106933594,0.2700643539428711,0.5614001750946045,0.2696700096130371,0.562406063079834,,0.2716841697692871,,1.334902048110962,,,0.5389788150787354,,,,0.2935192584991455,0.31377625465393066,,,,,,4.83025598526001,,0.29044270515441895,1.31349778175354
1794,0.26519203186035156,0.6069388389587402,,,0.27310895919799805,,,,0.2738611698150635,,0.26017284393310547,0.24145889282226562,,0.2710258960723877,0.2735118865966797,4.207351207733154,0.2756772041320801,0.6222679615020752,,0.5958569049835205,,,0.5165438652038574,2.419098138809204,0.2704639434814453,0.2566399574279785,0.5497860908508301,0.2498917579650879,1.2145791053771973,,0.26170897483825684,,0.5916690826416016,,,0.5569519996643066,,,,0.2768981456756592,0.31267404556274414,,,,,,1.7505998611450195,,0.26036930084228516,0.6455578804016113
1795,0.28389930725097656,1.3866920471191406,,,0.2533400058746338,,,,0.26561784744262695,,0.2711141109466553,0.26840806007385254,,0.6421942710876465,0.28213000297546387,3.245939016342163,0.2549011707305908,1.0206661224365234,,0.5839118957519531,,,0.5320861339569092,2.3134992122650146,0.29329633712768555,0.25941920280456543,0.5890920162200928,0.26410508155822754,0.8863868713378906,,0.27175402641296387,,0.5975790023803711,,,0.5632011890411377,,,,0.2502119541168213,0.2972280979156494,,,,,,0.7044510841369629,,0.2930333614349365,0.7166578769683838
1796,0.2700068950653076,0.5935201644897461,,,0.24589204788208008,,,,0.2650129795074463,,0.2801811695098877,0.27265119552612305,,1.0472111701965332,0.2839951515197754,0.5839848518371582,0.27844977378845215,0.6049280166625977,,0.567112922668457,,,0.5243308544158936,2.863548755645752,0.2864811420440674,0.2839198112487793,0.5569589138031006,0.2492060661315918,0.5754969120025635,,0.25206613540649414,,0.5466649532318115,,,0.2668120861053467,,,,0.2661769390106201,0.5956568717956543,,,,,,3.2396538257598877,,0.25311779975891113,0.631018877029419
1797,0.2963399887084961,0.6104798316955566,,,0.2640872001647949,,,,0.26532626152038574,,0.2970292568206787,0.2747352123260498,,0.6244738101959229,0.2978529930114746,2.795590877532959,0.29674792289733887,0.5926172733306885,,0.601776123046875,,,0.5583341121673584,0.6325461864471436,0.300029993057251,0.23684406280517578,0.5919740200042725,0.2701070308685303,1.217749834060669,,0.27130913734436035,,1.2747900485992432,,,0.23698711395263672,,,,0.26743507385253906,1.127511978149414,,,,,,0.75307297706604,,0.2628669738769531,0.556488037109375
1798,0.2765638828277588,0.5943717956542969,,,0.2482318878173828,,,,0.2641439437866211,,0.2770380973815918,0.2456347942352295,,0.28389692306518555,0.3167142868041992,1.294891119003296,0.27668094635009766,0.630903959274292,,0.562952995300293,,,0.5482971668243408,0.981889009475708,0.29636406898498535,0.23728322982788086,0.6302051544189453,0.28990840911865234,0.5480310916900635,,0.27762389183044434,,1.2821600437164307,,,0.2570490837097168,,,,0.24892711639404297,0.5961968898773193,,,,,,2.0215580463409424,,0.28500986099243164,0.264707088470459
1799,0.2718188762664795,0.5837669372558594,,,0.24129772186279297,,,,0.27915024757385254,,0.2729306221008301,0.25037217140197754,,0.2578160762786865,0.25850796699523926,2.479978084564209,0.27886104583740234,0.5705280303955078,,0.5815370082855225,,,0.5332591533660889,3.3832290172576904,0.277385950088501,0.2610797882080078,0.5661771297454834,0.25213098526000977,0.5676631927490234,,0.2516300678253174,,19.352472066879272,,,0.24338912963867188,,,,0.2506849765777588,1.0534870624542236,,,,,,1.2005019187927246,,0.30571889877319336,0.6015591621398926
1800,0.2845618724822998,1.4536900520324707,,,0.24855780601501465,,,,0.24149870872497559,,0.28073716163635254,0.24566173553466797,,0.2918069362640381,0.30609607696533203,4.615943908691406,0.2780308723449707,1.0998060703277588,,0.5501561164855957,,,0.5192232131958008,0.8944377899169922,0.29378795623779297,0.26886606216430664,0.6065750122070312,0.2512240409851074,1.2117297649383545,,0.29262423515319824,,0.053605079650878906,,,0.27252697944641113,,,,0.9108982086181641,1.6902728080749512,,,,,,1.2140798568725586,,0.2636120319366455,0.31063199043273926
1801,0.2684297561645508,0.6280786991119385,,,0.24867677688598633,,,,0.2633500099182129,,0.26162290573120117,0.2573118209838867,,0.283735990524292,0.2728569507598877,1.3483450412750244,0.26830625534057617,0.6112070083618164,,0.5611999034881592,,,0.576509952545166,1.6167311668395996,0.29201793670654297,0.2890801429748535,0.577923059463501,0.2760350704193115,1.8592407703399658,,0.25914430618286133,,1.7595958709716797,,,0.28199291229248047,,,,0.2530479431152344,0.5918960571289062,,,,,,0.5650770664215088,,0.2913498878479004,0.26960206031799316
1802,0.3055720329284668,0.5842301845550537,,,0.2899477481842041,,,,0.2615690231323242,,0.2898249626159668,0.24533295631408691,,0.38172483444213867,0.2772049903869629,0.5922460556030273,0.2839031219482422,0.5850639343261719,,0.5524930953979492,,,0.5340991020202637,1.0831449031829834,0.2761070728302002,0.2709510326385498,0.5916600227355957,0.26651477813720703,1.2544519901275635,,0.25288820266723633,,0.5810291767120361,,,0.2692859172821045,,,,0.28444695472717285,0.5595359802246094,,,,,,1.2550110816955566,,0.27789902687072754,0.6170620918273926
1803,0.26426005363464355,0.2754650115966797,,,0.2546710968017578,,,,0.26900196075439453,,0.2825467586517334,0.2539513111114502,,0.28138303756713867,0.6053030490875244,1.3056693077087402,0.2561759948730469,0.5725579261779785,,0.5845892429351807,,,1.187309980392456,1.6628360748291016,0.30293989181518555,0.2573280334472656,0.6532461643218994,0.2829930782318115,2.901153087615967,,0.24155020713806152,,0.5902078151702881,,,0.2558310031890869,,,,0.2484900951385498,0.6080129146575928,,,,,,1.4348032474517822,,0.2829561233520508,0.5883941650390625
1804,0.2958657741546631,0.2737729549407959,,,0.26926302909851074,,,,0.27786707878112793,,0.27530694007873535,0.2716531753540039,,0.645941972732544,0.31989502906799316,17.408416032791138,0.27430200576782227,0.5908718109130859,,0.5774059295654297,,,0.5306739807128906,0.978388786315918,0.31060218811035156,0.24443793296813965,0.6020338535308838,0.24618101119995117,0.5803120136260986,,0.2449021339416504,,0.5949320793151855,,,0.27593183517456055,,,,0.27126502990722656,0.6162309646606445,,,,,,0.587291955947876,,0.3109910488128662,0.4986870288848877
1805,0.28946685791015625,0.2966189384460449,,,0.25344109535217285,,,,0.2669072151184082,,0.26682591438293457,0.26202917098999023,,0.2878718376159668,0.2759578227996826,2.077665090560913,0.28455615043640137,0.5936050415039062,,0.5605020523071289,,,0.553380012512207,2.635927200317383,0.30316901206970215,0.2693519592285156,0.5711638927459717,0.2601621150970459,0.552375078201294,,0.26473379135131836,,0.5857241153717041,,,0.2629549503326416,,,,0.9803531169891357,1.0332310199737549,,,,,,2.6831250190734863,,0.3103358745574951,0.6097474098205566
1806,0.2907109260559082,0.5718169212341309,,,0.2393190860748291,,,,0.25194811820983887,,0.2637159824371338,0.28142786026000977,,0.27802515029907227,0.31374430656433105,2.0894787311553955,0.27890682220458984,0.5968570709228516,,0.5796260833740234,,,0.5449202060699463,2.9594831466674805,0.30805492401123047,0.2692279815673828,0.6244652271270752,0.2662699222564697,0.5924050807952881,,0.24769210815429688,,0.5401270389556885,,,0.26574277877807617,,,,0.23296618461608887,2.935209035873413,,,,,,0.578498125076294,,0.24559378623962402,1.3176589012145996
1807,0.3102529048919678,0.5848987102508545,,,0.26269006729125977,,,,0.2486438751220703,,0.3037600517272949,0.2631039619445801,,0.6348762512207031,0.2630650997161865,6.90523099899292,0.2891998291015625,0.6073369979858398,,0.5586960315704346,,,2.4595251083374023,0.8846650123596191,0.2945427894592285,0.23816895484924316,0.5855622291564941,0.259735107421875,0.9048571586608887,,0.24704194068908691,,0.5916342735290527,,,0.2658979892730713,,,,0.4315907955169678,0.38797688484191895,,,,,,9.659409046173096,,0.3061239719390869,0.5727088451385498
1808,0.2688870429992676,0.2712569236755371,,,0.2508542537689209,,,,0.26018786430358887,,0.26110100746154785,0.2395188808441162,,0.285938024520874,0.6269090175628662,0.5666859149932861,0.28429102897644043,0.6126179695129395,,0.5701560974121094,,,17.823537826538086,1.715904951095581,0.3101177215576172,0.2662649154663086,0.5555391311645508,0.28514885902404785,0.5326840877532959,,0.24772191047668457,,0.6119568347930908,,,0.27382802963256836,,,,0.25235581398010254,0.5853939056396484,,,,,,0.5518088340759277,,0.3146700859069824,0.27432894706726074
1809,0.2933309078216553,0.5921220779418945,,,0.24403691291809082,,,,0.28465795516967773,,0.6256258487701416,0.2667050361633301,,0.6422791481018066,0.25895237922668457,0.5692102909088135,0.2688939571380615,0.6322000026702881,,0.5892190933227539,,,4.742516994476318,4.667689085006714,0.2860851287841797,0.25336599349975586,0.61122727394104,0.2615511417388916,0.5312209129333496,,0.245697021484375,,0.5623669624328613,,,0.26978302001953125,,,,0.28938794136047363,0.6063449382781982,,,,,,0.5194158554077148,,0.2765367031097412,0.5741171836853027
1810,0.2885410785675049,1.0254409313201904,,,0.25534915924072266,,,,0.2674429416656494,,0.27254700660705566,0.25243401527404785,,0.6192820072174072,0.2929699420928955,1.3194208145141602,0.2562587261199951,1.2432613372802734,,0.558527946472168,,,0.5830130577087402,15.787172079086304,0.28830528259277344,0.2671470642089844,0.6305747032165527,0.2604708671569824,1.2167079448699951,,0.26317405700683594,,0.7661759853363037,,,0.2786991596221924,,,,0.26055097579956055,0.5955510139465332,,,,,,6.613735914230347,,0.29799509048461914,0.580848217010498
1811,0.29506874084472656,0.28936123847961426,,,0.24040508270263672,,,,0.25220608711242676,,0.28359317779541016,0.26125097274780273,,0.6430389881134033,0.29367995262145996,0.5806620121002197,0.25623488426208496,1.009854793548584,,0.5839660167694092,,,0.9196810722351074,2.2307989597320557,0.28757286071777344,0.25609874725341797,0.6206438541412354,0.24463272094726562,0.5304388999938965,,0.24148011207580566,,19.012614965438843,,,0.25929903984069824,,,,0.2564830780029297,0.5923910140991211,,,,,,5.494029998779297,,0.3104100227355957,0.5422868728637695
1812,0.31056690216064453,1.0185463428497314,,,0.2690551280975342,,,,0.27387285232543945,,0.26919984817504883,0.25503110885620117,,0.3596510887145996,0.277069091796875,2.3949339389801025,0.2878379821777344,0.6153519153594971,,0.5563070774078369,,,2.487828016281128,1.0625519752502441,0.28877806663513184,0.2663099765777588,0.5913560390472412,0.26854705810546875,1.1479427814483643,,0.24945473670959473,,19.233523845672607,,,0.24905681610107422,,,,0.24738287925720215,0.5677700042724609,,,,,,0.5999763011932373,,0.2977278232574463,0.5579788684844971
1813,0.29317188262939453,0.617311954498291,,,0.24241423606872559,,,,0.252622127532959,,0.6263506412506104,0.2684783935546875,,0.6381351947784424,0.5928781032562256,0.5906031131744385,0.2827610969543457,0.5733819007873535,,0.5680351257324219,,,1.1766607761383057,3.3204050064086914,0.3110530376434326,0.26785993576049805,0.5825619697570801,0.2634389400482178,1.2137231826782227,,0.24454283714294434,,0.2524271011352539,,,0.2581048011779785,,,,0.2670862674713135,0.26133084297180176,,,,,,0.5790882110595703,,0.29393506050109863,1.0070149898529053
1814,0.2900269031524658,0.6168367862701416,,,0.26709794998168945,,,,0.2831761837005615,,0.26882004737854004,0.2622568607330322,,0.2687718868255615,0.2979879379272461,6.222463130950928,0.2740359306335449,1.0036070346832275,,0.5556387901306152,,,0.568673849105835,1.6293981075286865,0.28616809844970703,0.2569620609283447,0.6426019668579102,0.2486279010772705,0.7852210998535156,,0.24750900268554688,,19.187150716781616,,,0.272686243057251,,,,0.33101701736450195,1.0505120754241943,,,,,,0.5498847961425781,,0.4264969825744629,0.9208657741546631
1815,0.2666590213775635,0.5934810638427734,,,0.54842209815979,,,,0.24887299537658691,,0.6077396869659424,0.2406010627746582,,0.6375818252563477,0.2877507209777832,0.974541187286377,0.2769618034362793,0.5946140289306641,,0.6417360305786133,,,18.006880044937134,0.5421428680419922,0.29926586151123047,0.2721688747406006,0.556751012802124,0.2503621578216553,2.126054048538208,,0.2646450996398926,,0.054869890213012695,,,0.2689969539642334,,,,0.2601947784423828,1.0473830699920654,,,,,,0.6180808544158936,,0.28328585624694824,0.6096630096435547
1816,0.2770721912384033,1.0172901153564453,,,0.2966899871826172,,,,0.2532627582550049,,0.5927329063415527,0.2688930034637451,,0.6374001502990723,0.2722039222717285,0.5564589500427246,0.2806088924407959,0.6085751056671143,,0.5499091148376465,,,3.6163511276245117,2.3157339096069336,0.28108882904052734,0.27002501487731934,0.6174218654632568,0.2722330093383789,0.5317292213439941,,0.2474229335784912,,0.5913710594177246,,,0.2752079963684082,,,,0.27022600173950195,0.6277732849121094,,,,,,0.2695949077606201,,0.2477269172668457,0.5931227207183838
1817,0.30866408348083496,0.6273260116577148,,,0.26502203941345215,,,,0.2852966785430908,,0.6073079109191895,0.26156115531921387,,0.6127071380615234,0.28971099853515625,1.4397170543670654,0.2696230411529541,1.2951350212097168,,0.5794878005981445,,,2.3130218982696533,2.334991216659546,0.30785584449768066,0.24273371696472168,0.9939818382263184,0.255216121673584,1.1752760410308838,,0.24598097801208496,,0.6139190196990967,,,0.24979305267333984,,,,0.2503190040588379,1.3642082214355469,,,,,,0.5116641521453857,,0.28762030601501465,0.5928483009338379
1818,0.2948038578033447,0.6121032238006592,,,0.262099027633667,,,,0.25429201126098633,,0.2853391170501709,0.26781606674194336,,0.28672313690185547,0.65470290184021,1.5522449016571045,0.26720523834228516,0.616858720779419,,0.5917010307312012,,,0.9672839641571045,2.2495169639587402,0.3299987316131592,0.23771119117736816,0.596045970916748,0.26419997215270996,1.1673858165740967,,0.24228405952453613,,0.6644039154052734,,,0.24656295776367188,,,,0.24422311782836914,0.6144590377807617,,,,,,1.2790029048919678,,0.26409101486206055,0.2810389995574951
1819,0.2919039726257324,0.2704141139984131,,,0.2931828498840332,,,,0.27076101303100586,,0.26990723609924316,0.25756192207336426,,1.0823609828948975,0.5920462608337402,0.590094804763794,0.2701890468597412,0.6293659210205078,,0.592529296875,,,5.4813807010650635,1.3018548488616943,0.29565000534057617,0.24408698081970215,0.6068999767303467,0.25580286979675293,1.2026469707489014,,0.2450428009033203,,1.2807211875915527,,,0.24230003356933594,,,,0.2899959087371826,1.0132038593292236,,,,,,0.5557389259338379,,0.2896890640258789,0.4183237552642822
1820,0.29408812522888184,0.5812678337097168,,,0.4971351623535156,,,,0.23947691917419434,,0.2843310832977295,0.2700049877166748,,0.6356642246246338,0.3076021671295166,3.5732150077819824,0.2830977439880371,1.1753320693969727,,0.5367817878723145,,,0.5816061496734619,1.244532823562622,0.29478907585144043,0.23956727981567383,0.6062619686126709,0.24757695198059082,1.1531329154968262,,0.27037715911865234,,1.7395579814910889,,,0.29964494705200195,,,,0.2414100170135498,0.6106109619140625,,,,,,0.5919549465179443,,0.28957295417785645,0.5928530693054199
1821,0.2848057746887207,1.0403268337249756,,,0.25649595260620117,,,,0.2532930374145508,,0.2849259376525879,0.2781853675842285,,2.226491928100586,0.6028549671173096,1.0614867210388184,0.2766590118408203,0.24645686149597168,,0.9962339401245117,,,4.984524965286255,1.2775542736053467,0.28369998931884766,0.27994704246520996,0.6046710014343262,0.25179409980773926,1.164942741394043,,0.2754647731781006,,1.2652919292449951,,,0.2762110233306885,,,,0.26677703857421875,0.6015470027923584,,,,,,1.002817153930664,,0.28118896484375,0.8626790046691895
1822,0.28931093215942383,0.3172788619995117,,,0.2666587829589844,,,,0.2432088851928711,,0.2823359966278076,0.26346611976623535,,0.6376829147338867,0.5899529457092285,0.614717960357666,0.29122400283813477,1.9328949451446533,,0.5613760948181152,,,1.2413499355316162,0.5501182079315186,0.2958531379699707,0.2598280906677246,0.6227321624755859,0.2729179859161377,1.1902589797973633,,0.2505459785461426,,1.300658941268921,,,0.2492659091949463,,,,0.2525949478149414,0.6689600944519043,,,,,,0.5823132991790771,,0.5167527198791504,0.5702130794525146
1823,0.27394723892211914,1.0184640884399414,,,0.2878870964050293,,,,0.26682496070861816,,0.2658989429473877,0.23956990242004395,,1.0564632415771484,0.2708590030670166,3.368429183959961,0.2803318500518799,0.6222541332244873,,0.5585978031158447,,,0.9096038341522217,4.329776763916016,0.308718204498291,0.27044129371643066,0.6184101104736328,0.27869701385498047,0.5637810230255127,,0.27495503425598145,,0.5509610176086426,,,0.24649810791015625,,,,0.2716968059539795,1.033454179763794,,,,,,0.5759611129760742,,0.2897040843963623,0.615574836730957
1824,0.29488325119018555,1.0832931995391846,,,0.5579361915588379,,,,0.2819380760192871,,0.26620984077453613,0.26445698738098145,,0.2874729633331299,0.6067070960998535,5.088231325149536,0.2769472599029541,1.0080411434173584,,0.6063880920410156,,,0.5354621410369873,1.6592650413513184,0.27501368522644043,0.2589888572692871,0.5358343124389648,0.2655918598175049,0.5544331073760986,,0.25067687034606934,,1.3093528747558594,,,0.2458648681640625,,,,0.8955750465393066,0.6121671199798584,,,,,,0.5749208927154541,,0.2641589641571045,0.5613760948181152
1825,0.2940480709075928,0.27489590644836426,,,0.2652018070220947,,,,0.26644301414489746,,0.2885468006134033,0.26627683639526367,,0.7792768478393555,0.2758047580718994,1.3430390357971191,0.258375883102417,0.6575741767883301,,0.9740011692047119,,,0.9025967121124268,1.203411340713501,0.2877838611602783,0.25962185859680176,0.5782530307769775,0.25977396965026855,1.1619510650634766,,0.287930965423584,,1.3105359077453613,,,0.26565003395080566,,,,0.2683260440826416,0.7627749443054199,,,,,,0.5960240364074707,,0.5952248573303223,0.2604410648345947
1826,0.29204797744750977,0.5927348136901855,,,0.2550642490386963,,,,0.27914905548095703,,0.3085629940032959,0.27956295013427734,,0.6394870281219482,0.2735428810119629,1.3295729160308838,0.27652978897094727,0.5879161357879639,,0.5780107975006104,,,1.2150630950927734,3.870344877243042,0.30415892601013184,0.2615091800689697,0.5904901027679443,0.25023984909057617,1.1666069030761719,,0.24785089492797852,,0.5712108612060547,,,0.2698197364807129,,,,0.25006103515625,1.0673019886016846,,,,,,0.599132776260376,,0.28266382217407227,0.5595731735229492
1827,0.3110039234161377,0.6271049976348877,,,0.5029191970825195,,,,0.25714612007141113,,0.2729668617248535,0.2674539089202881,,0.6218218803405762,0.30200815200805664,0.569443941116333,0.2946970462799072,0.5937936305999756,,0.5738670825958252,,,0.9176890850067139,0.9477040767669678,0.3080620765686035,0.26729893684387207,0.609727144241333,0.24356508255004883,1.200476884841919,,0.25090909004211426,,1.281567096710205,,,0.24347424507141113,,,,0.22696399688720703,1.038741111755371,,,,,,0.5398290157318115,,0.5969240665435791,0.5893821716308594
1828,0.28540492057800293,1.0212769508361816,,,0.2642199993133545,,,,0.26748108863830566,,0.27025294303894043,0.26152491569519043,,0.28197503089904785,0.2867887020111084,9.378726720809937,0.2803316116333008,0.60990309715271,,0.6062991619110107,,,1.1166391372680664,1.226606845855713,0.32482290267944336,0.2608602046966553,0.5961661338806152,0.26897478103637695,1.2137269973754883,,0.2761530876159668,,0.5927579402923584,,,0.26373291015625,,,,0.29714298248291016,0.5809719562530518,,,,,,9.095247030258179,,0.2843339443206787,0.5398170948028564
1829,0.29583120346069336,0.28017306327819824,,,0.542752742767334,,,,0.29825687408447266,,0.2858588695526123,0.2613089084625244,,0.6323349475860596,0.6387159824371338,0.5967519283294678,0.2731027603149414,1.3088147640228271,,0.5863230228424072,,,0.5356171131134033,2.03867506980896,0.2922182083129883,0.26777195930480957,0.6094999313354492,0.24321699142456055,1.1991910934448242,,0.25032997131347656,,1.3114538192749023,,,0.2632639408111572,,,,0.27363109588623047,1.315359115600586,,,,,,0.5856339931488037,,0.26496195793151855,0.27123284339904785
1830,0.26769208908081055,0.28973889350891113,,,0.25787901878356934,,,,0.25351595878601074,,0.25954604148864746,0.24090194702148438,,1.030379056930542,0.6419088840484619,0.5930917263031006,0.2801032066345215,1.2891359329223633,,0.6034080982208252,,,1.1798348426818848,1.89615797996521,0.29242706298828125,0.2563140392303467,0.6121540069580078,0.2494800090789795,0.6340627670288086,,0.2898070812225342,,1.241344928741455,,,0.28461694717407227,,,,0.25153493881225586,0.5929789543151855,,,,,,1.2262799739837646,,0.3044447898864746,0.586359977722168
1831,0.2953150272369385,0.6187169551849365,,,0.24128508567810059,,,,0.2687358856201172,,0.28525304794311523,0.28421783447265625,,1.0722019672393799,0.24591898918151855,1.1074066162109375,0.2781200408935547,0.628371000289917,,0.5584919452667236,,,0.535642147064209,0.5327558517456055,0.2848172187805176,0.28838086128234863,0.5795409679412842,0.24670076370239258,1.1628029346466064,,0.26517295837402344,,0.588778018951416,,,0.2531161308288574,,,,0.26396703720092773,0.5944628715515137,,,,,,1.2242472171783447,,0.2444930076599121,0.5513391494750977
1832,0.3061258792877197,1.0777277946472168,,,0.5284490585327148,,,,0.25879979133605957,,0.28798937797546387,0.26317286491394043,,0.6784999370574951,0.582582950592041,1.0964858531951904,0.2737081050872803,0.2685849666595459,,0.5660040378570557,,,0.5554931163787842,2.948324203491211,0.28497314453125,0.2497727870941162,0.5598089694976807,0.2702648639678955,1.2009141445159912,,0.25096583366394043,,0.5630097389221191,,,0.2708449363708496,,,,0.27269506454467773,0.610253095626831,,,,,,1.2330167293548584,,0.2675807476043701,0.5445539951324463
1833,0.29491567611694336,1.0875866413116455,,,0.5258028507232666,,,,0.2731330394744873,,0.2698688507080078,0.2639470100402832,,0.6263148784637451,0.3232841491699219,3.239030122756958,0.2774488925933838,0.23943495750427246,,0.5785520076751709,,,1.1705708503723145,0.5264019966125488,0.3133351802825928,0.24369406700134277,0.5878353118896484,0.259235143661499,0.703535795211792,,0.24461793899536133,,1.2851340770721436,,,0.2578158378601074,,,,0.5991668701171875,0.5631990432739258,,,,,,1.2392776012420654,,0.28681397438049316,0.6225059032440186
1834,0.2861440181732178,1.0655889511108398,,,0.2606501579284668,,,,0.2941896915435791,,0.2815079689025879,0.2595689296722412,,0.6468179225921631,0.6498439311981201,6.785679817199707,0.2734808921813965,0.6178081035614014,,0.5858991146087646,,,0.535952091217041,0.5176820755004883,0.28791189193725586,0.26523590087890625,0.9287941455841064,0.26129984855651855,0.5339961051940918,,0.27101898193359375,,1.2795178890228271,,,0.24606013298034668,,,,0.26836109161376953,0.6357831954956055,,,,,,11.132386207580566,,0.2659571170806885,0.3644988536834717
1835,0.2986409664154053,0.6242721080780029,,,0.2596769332885742,,,,0.25319600105285645,,0.2731478214263916,0.26760077476501465,,0.2573130130767822,0.32834506034851074,1.0094127655029297,0.28131723403930664,0.599402904510498,,0.5803318023681641,,,0.523514986038208,0.5165362358093262,0.2908802032470703,0.2729606628417969,0.5922091007232666,0.26104307174682617,0.9662079811096191,,0.2706789970397949,,1.3202638626098633,,,0.28316712379455566,,,,0.24645495414733887,0.5748860836029053,,,,,,0.9027597904205322,,0.6499240398406982,0.6094050407409668
1836,0.2876260280609131,0.3210108280181885,,,0.5785560607910156,,,,0.26889801025390625,,0.2921290397644043,0.2829868793487549,,0.6394741535186768,0.2837800979614258,2.071039915084839,0.27207112312316895,0.5970661640167236,,0.5584912300109863,,,0.5007429122924805,0.5809268951416016,0.28990793228149414,0.2657160758972168,0.5820131301879883,0.2748448848724365,1.2260379791259766,,0.24774909019470215,,1.2767443656921387,,,0.2521688938140869,,,,0.26869893074035645,1.394580364227295,,,,,,1.235400915145874,,0.2769327163696289,0.6310076713562012
1837,0.2884700298309326,0.5935719013214111,,,0.5803530216217041,,,,0.24202322959899902,,0.2874259948730469,0.24925684928894043,,0.2868938446044922,0.6173591613769531,1.7572877407073975,0.27578210830688477,0.595811128616333,,0.9460752010345459,,,1.1167278289794922,0.9479637145996094,0.31340599060058594,0.24406218528747559,0.5502419471740723,0.2514157295227051,0.949282169342041,,0.2735280990600586,,0.595505952835083,,,0.28121495246887207,,,,0.34072399139404297,1.7765898704528809,,,,,,1.2357370853424072,,0.28371500968933105,2.0758469104766846
1838,0.2685580253601074,0.5981478691101074,,,0.8849430084228516,,,,0.2572159767150879,,0.2597310543060303,0.2410600185394287,,0.616767168045044,0.29033899307250977,0.9024348258972168,0.2638731002807617,0.6056568622589111,,0.539201021194458,,,1.188403844833374,0.6016368865966797,0.31789278984069824,0.26001620292663574,0.5816349983215332,0.29050707817077637,1.1819567680358887,,0.2595381736755371,,1.253370761871338,,,0.2718849182128906,,,,0.2784302234649658,0.6304402351379395,,,,,,1.1974031925201416,,0.28002405166625977,0.5850868225097656
1839,0.2781510353088379,0.6267189979553223,,,0.2804219722747803,,,,0.29190611839294434,,0.2617628574371338,0.25008678436279297,,0.6308863162994385,0.30512475967407227,2.357785701751709,0.2524080276489258,0.2544519901275635,,0.5869319438934326,,,1.1988329887390137,0.545346736907959,0.28862881660461426,0.2641940116882324,0.5758049488067627,0.2536780834197998,1.1894457340240479,,0.2590749263763428,,1.2504699230194092,,,0.263455867767334,,,,0.2673919200897217,0.6187679767608643,,,,,,1.6542437076568604,,0.25165796279907227,0.592444896697998
1840,0.27469420433044434,0.6176629066467285,,,0.2922368049621582,,,,0.2489790916442871,,0.2648050785064697,0.24657726287841797,,0.643028974533081,0.26596689224243164,1.277561902999878,0.25557398796081543,0.960582971572876,,1.1629209518432617,,,1.2278022766113281,0.5786230564117432,0.3119380474090576,0.24081683158874512,0.5981860160827637,0.24134111404418945,1.1895780563354492,,0.2604191303253174,,1.314098834991455,,,0.26856398582458496,,,,0.2746150493621826,1.3248069286346436,,,,,,1.2738902568817139,,0.2838399410247803,0.6096382141113281
1841,0.2753429412841797,1.059520959854126,,,0.5229842662811279,,,,0.24486804008483887,,0.30057406425476074,0.2614409923553467,,0.6110930442810059,0.2940399646759033,0.6059572696685791,0.26883792877197266,0.5856750011444092,,0.577131986618042,,,1.1883199214935303,0.9968180656433105,0.3000142574310303,0.2690849304199219,0.606417179107666,0.2710390090942383,0.5603861808776855,,0.26717710494995117,,0.5632021427154541,,,0.27313899993896484,,,,0.25417232513427734,0.5635089874267578,,,,,,1.2391929626464844,,0.6308836936950684,0.5588469505310059
1842,0.2914900779724121,0.29740095138549805,,,0.5619781017303467,,,,0.25156188011169434,,0.27938413619995117,0.24860382080078125,,0.6125309467315674,0.3025209903717041,0.5893301963806152,0.27311110496520996,1.0114150047302246,,0.5822899341583252,,,1.167043924331665,1.2982962131500244,0.3223259449005127,0.2417140007019043,0.5823841094970703,0.26281285285949707,1.1975071430206299,,0.2642040252685547,,0.6424310207366943,,,0.24580001831054688,,,,0.2704482078552246,1.3204269409179688,,,,,,1.2628247737884521,,0.29407262802124023,0.5779671669006348
1843,0.2840299606323242,1.0676782131195068,,,0.2467789649963379,,,,0.24457001686096191,,0.2788238525390625,0.24817490577697754,,0.6541938781738281,0.2687230110168457,2.1670079231262207,0.2710740566253662,0.5633888244628906,,0.557016134262085,,,8.48908805847168,0.5254840850830078,0.310837984085083,0.2613639831542969,0.5653841495513916,0.2736659049987793,1.5389790534973145,,0.2642660140991211,,0.5933551788330078,,,0.2541007995605469,,,,0.6028122901916504,1.0516469478607178,,,,,,0.5771689414978027,,0.29224491119384766,0.588170051574707
1844,0.292726993560791,0.2976572513580322,,,0.32644200325012207,,,,0.25951290130615234,,0.2707099914550781,0.24530386924743652,,0.6099650859832764,0.2943589687347412,0.5980191230773926,0.2525298595428467,0.5528240203857422,,0.5424361228942871,,,1.0768849849700928,0.5747838020324707,0.2711019515991211,0.27224111557006836,0.5685839653015137,0.27041196823120117,1.1922051906585693,,0.2674880027770996,,0.5644752979278564,,,0.27066707611083984,,,,0.24928903579711914,0.6364669799804688,,,,,,18.887240886688232,,0.29272913932800293,0.26655077934265137
1845,0.27114200592041016,0.2832481861114502,,,0.5740232467651367,,,,0.24446392059326172,,0.262470006942749,0.2438349723815918,,0.608422040939331,0.28134870529174805,1.0756449699401855,0.2692842483520508,0.593573808670044,,0.5765690803527832,,,1.530811071395874,0.6666078567504883,0.30466604232788086,0.25311994552612305,0.5836491584777832,0.26076483726501465,1.170295000076294,,0.27590489387512207,,0.555617094039917,,,0.28528499603271484,,,,0.27259397506713867,0.5761640071868896,,,,,,9.148261308670044,,0.2645561695098877,0.6067090034484863
1846,0.28450727462768555,0.620182991027832,,,0.5686347484588623,,,,0.2564108371734619,,0.2940371036529541,0.26047301292419434,,0.6278641223907471,0.2709379196166992,1.3528850078582764,0.2512848377227783,0.5970497131347656,,0.605999231338501,,,4.70278000831604,0.7826719284057617,0.31552934646606445,0.2573118209838867,0.6001870632171631,0.2668769359588623,1.5260930061340332,,0.26559019088745117,,0.9969573020935059,,,0.25102901458740234,,,,0.252701997756958,0.572253942489624,,,,,,3.12778902053833,,0.290722131729126,0.2907750606536865
1847,0.2889280319213867,0.5918519496917725,,,0.5935170650482178,,,,0.2616088390350342,,0.27230000495910645,0.2505221366882324,,0.6176912784576416,0.28588414192199707,1.0724389553070068,0.2831847667694092,1.0140068531036377,,0.5843861103057861,,,8.89812707901001,9.036144018173218,0.28048110008239746,0.2500479221343994,0.6242201328277588,0.2518758773803711,1.002781867980957,,0.24232029914855957,,1.2986581325531006,,,0.2718360424041748,,,,0.27243995666503906,1.34358811378479,,,,,,1.3366892337799072,,1.0371289253234863,0.5792951583862305
1848,0.274824857711792,0.2725188732147217,,,0.27129220962524414,,,,0.2671470642089844,,0.28261518478393555,0.24392294883728027,,0.6271371841430664,0.30222201347351074,1.3508780002593994,0.2706432342529297,0.6138439178466797,,0.607896089553833,,,0.5809171199798584,1.6821680068969727,0.6328201293945312,0.2435469627380371,0.6121840476989746,0.2597227096557617,0.9535837173461914,,0.25043678283691406,,0.6630167961120605,,,0.2516951560974121,,,,0.23712801933288574,0.6142699718475342,,,,,,1.2322559356689453,,0.268765926361084,0.2644388675689697
1849,0.2822296619415283,0.3179128170013428,,,0.5374910831451416,,,,0.2853398323059082,,0.275346040725708,0.25296711921691895,,0.6396160125732422,0.299562931060791,1.6986072063446045,0.2554969787597656,0.5780746936798096,,0.578514814376831,,,0.529808759689331,4.728197813034058,0.3048689365386963,0.2671382427215576,0.5945138931274414,0.24834990501403809,0.944267988204956,,0.26777005195617676,,19.334561109542847,,,0.24399685859680176,,,,0.2834470272064209,0.5864288806915283,,,,,,15.046281099319458,,0.6207218170166016,0.41333508491516113
1850,0.2909421920776367,0.5768487453460693,,,0.23883605003356934,,,,0.2573201656341553,,0.2816941738128662,0.2694058418273926,,0.6377458572387695,0.3067171573638916,0.5665838718414307,0.266477108001709,1.3277907371520996,,0.5818872451782227,,,0.5331659317016602,0.5540807247161865,0.29627180099487305,0.2658267021179199,0.556920051574707,0.2746250629425049,1.1662800312042236,,0.2722949981689453,,0.1331310272216797,,,0.2897498607635498,,,,0.25441479682922363,0.5948688983917236,,,,,,1.2334001064300537,,0.2868940830230713,0.32677793502807617
1851,0.2952301502227783,0.6654160022735596,,,0.2380979061126709,,,,0.26135897636413574,,0.28269100189208984,0.2791919708251953,,0.2829320430755615,0.294802188873291,4.325285911560059,0.25933122634887695,0.575657844543457,,0.5849950313568115,,,18.185773134231567,1.2256677150726318,0.3070700168609619,0.2863810062408447,0.590346097946167,0.2510960102081299,1.1811587810516357,,0.27515697479248047,,0.5960161685943604,,,0.2589421272277832,,,,0.2485489845275879,0.6083087921142578,,,,,,2.358302116394043,,0.29119324684143066,1.2882411479949951
1852,0.2873549461364746,0.5899813175201416,,,0.2618141174316406,,,,0.24185800552368164,,0.28684186935424805,0.24596619606018066,,0.3041222095489502,0.2835559844970703,3.5005099773406982,0.2844672203063965,0.5891289710998535,,0.5590031147003174,,,12.398057222366333,0.564323902130127,0.302105188369751,0.25275421142578125,0.5851938724517822,0.27763795852661133,0.5340158939361572,,0.25618481636047363,,1.3197102546691895,,,0.2722749710083008,,,,0.26707887649536133,0.6654388904571533,,,,,,2.1620829105377197,,0.5988390445709229,0.5839440822601318
1853,0.2738029956817627,1.0621938705444336,,,0.2644479274749756,,,,0.2735722064971924,,0.25923609733581543,0.2546510696411133,,1.0583679676055908,0.27524495124816895,6.3392908573150635,0.25521159172058105,0.628220796585083,,0.6149387359619141,,,0.9642548561096191,1.4771430492401123,0.30179882049560547,0.2451620101928711,0.5860950946807861,0.2699289321899414,0.5307250022888184,,0.2610471248626709,,0.5549261569976807,,,0.2488720417022705,,,,0.2634401321411133,0.5751481056213379,,,,,,1.3181712627410889,,0.5738000869750977,0.5382001399993896
1854,0.28621792793273926,0.31185317039489746,,,0.2628307342529297,,,,0.2667219638824463,,0.27257776260375977,0.2527492046356201,,0.6173422336578369,0.2742178440093994,4.359800100326538,0.2523057460784912,0.6126961708068848,,0.5627567768096924,,,0.5599138736724854,0.5350232124328613,0.2776169776916504,0.2453908920288086,0.6094040870666504,0.2651650905609131,1.1827962398529053,,0.27721190452575684,,1.0210559368133545,,,0.2477109432220459,,,,0.2576169967651367,1.3371639251708984,,,,,,1.2460310459136963,,0.30437612533569336,0.2805929183959961
1855,0.2805459499359131,0.6170179843902588,,,0.5523569583892822,,,,0.24290919303894043,,0.28639888763427734,0.27814197540283203,,0.6232008934020996,0.3047139644622803,2.0789098739624023,0.26619601249694824,0.6307141780853271,,0.5819940567016602,,,15.254151344299316,2.6783809661865234,0.28195691108703613,0.23927593231201172,0.5678679943084717,0.24827098846435547,1.1642529964447021,,0.27598094940185547,,0.5496687889099121,,,0.290172815322876,,,,0.26763296127319336,1.3116459846496582,,,,,,1.3362908363342285,,0.6022660732269287,0.23939013481140137
1856,0.26529693603515625,0.5032188892364502,,,0.27321290969848633,,,,0.24976396560668945,,0.28330183029174805,0.2651848793029785,,0.6235110759735107,0.26305103302001953,1.975045919418335,0.2541780471801758,0.611598014831543,,0.5807032585144043,,,0.5369369983673096,0.9441261291503906,0.32367897033691406,0.26052308082580566,0.58502197265625,0.25927281379699707,1.2094249725341797,,0.26434826850891113,,19.32967710494995,,,0.24782800674438477,,,,0.25935792922973633,1.7656538486480713,,,,,,18.347373008728027,,0.3336830139160156,1.3332841396331787
1857,0.30425214767456055,0.588594913482666,,,0.22057294845581055,,,,0.2503330707550049,,0.28728604316711426,0.2465498447418213,,0.6383380889892578,0.2841758728027344,5.691167831420898,0.29393506050109863,0.5619699954986572,,0.5776567459106445,,,19.270078897476196,1.1413168907165527,0.27900218963623047,0.2575199604034424,0.5626721382141113,0.26966285705566406,0.9894068241119385,,0.2753598690032959,,19.328881978988647,,,0.24890899658203125,,,,0.25970911979675293,1.311553955078125,,,,,,0.7028708457946777,,0.28525781631469727,0.5862369537353516
1858,0.29429006576538086,0.6184492111206055,,,0.4941699504852295,,,,0.26906800270080566,,0.26924800872802734,0.24615097045898438,,0.6598279476165771,0.2800939083099365,5.726111888885498,0.27733612060546875,0.5966179370880127,,0.5479447841644287,,,1.4762721061706543,0.5293300151824951,0.3009510040283203,0.27457404136657715,0.5554559230804443,0.26731395721435547,1.1576921939849854,,0.2780947685241699,,0.863196849822998,,,0.27463793754577637,,,,0.24845409393310547,0.5931599140167236,,,,,,0.563892126083374,,0.6039512157440186,0.2871417999267578
1859,0.2697920799255371,0.5717668533325195,,,0.5518271923065186,,,,0.2615680694580078,,0.28215694427490234,0.24538683891296387,,0.6000540256500244,0.2715740203857422,0.9749870300292969,0.2788369655609131,0.9466049671173096,,0.5741891860961914,,,1.5935418605804443,0.5198462009429932,0.2798178195953369,0.2503941059112549,0.5983452796936035,0.2767448425292969,0.5323288440704346,,0.25255608558654785,,2.4808168411254883,,,0.25348472595214844,,,,0.2600290775299072,0.7858591079711914,,,,,,19.169906854629517,,0.2751340866088867,0.31156015396118164
1860,0.2633390426635742,0.2894430160522461,,,0.5487167835235596,,,,0.2624020576477051,,0.25965380668640137,0.24199914932250977,,0.6455919742584229,0.2967050075531006,3.570626974105835,0.2765979766845703,0.6027519702911377,,0.5826499462127686,,,0.5331628322601318,9.069549083709717,0.2979400157928467,0.24128985404968262,0.5873270034790039,0.27442312240600586,1.1840379238128662,,0.28679394721984863,,0.6094751358032227,,,0.2907121181488037,,,,0.2939321994781494,1.3800618648529053,,,,,,5.982203960418701,,0.5622851848602295,0.5809218883514404
1861,0.27312684059143066,0.5862939357757568,,,0.5063910484313965,,,,0.26016902923583984,,0.2924480438232422,0.27330708503723145,,0.6679067611694336,0.2817859649658203,2.7434799671173096,0.2553112506866455,0.6131801605224609,,0.5800848007202148,,,0.5352246761322021,0.5618369579315186,0.30135560035705566,0.26983094215393066,0.5949850082397461,0.25345683097839355,0.5303800106048584,,0.25376105308532715,,0.5831189155578613,,,0.251331090927124,,,,0.27889513969421387,0.5933210849761963,,,,,,1.3194398880004883,,0.5655360221862793,0.2665119171142578
1862,0.3030269145965576,0.614861011505127,,,0.5772480964660645,,,,0.25582313537597656,,0.2808811664581299,0.2694406509399414,,0.6111917495727539,0.2896430492401123,4.769665956497192,0.2958798408508301,0.6112849712371826,,0.5657367706298828,,,62.097285747528076,1.1930067539215088,0.27628493309020996,0.2413020133972168,0.5552041530609131,0.2456362247467041,0.5256919860839844,,0.24352192878723145,,0.5515251159667969,,,0.2651948928833008,,,,0.2783219814300537,0.6172232627868652,,,,,,2.451012134552002,,0.5923571586608887,0.6092567443847656
1863,0.26828694343566895,0.43424320220947266,,,0.2655611038208008,,,,0.24562406539916992,,0.26865410804748535,0.24939990043640137,,0.6551790237426758,0.2934529781341553,2.790983200073242,0.27433300018310547,0.6074771881103516,,0.5844941139221191,,,18783.407132148743,0.5175251960754395,0.6391360759735107,0.2403428554534912,9.865389823913574,0.294161319732666,0.506781816482544,,0.2748451232910156,,2.087514877319336,,,0.24872612953186035,,,,0.27521800994873047,0.6387300491333008,,,,,,0.26155805587768555,,0.6377708911895752,0.27304577827453613
1864,0.2835991382598877,0.30318427085876465,,,0.5388309955596924,,,,0.2681889533996582,,0.28494787216186523,0.2455918788909912,,1.0452790260314941,0.2620210647583008,8.103803873062134,0.2823977470397949,0.5762028694152832,,0.5718636512756348,,,31.477194786071777,0.5229361057281494,0.27295804023742676,0.2524881362915039,0.5835161209106445,0.24716997146606445,1.4661870002746582,,0.2541508674621582,,14.685535907745361,,,0.2553737163543701,,,,0.2718350887298584,0.6050288677215576,,,,,,1.3104441165924072,,0.2857053279876709,0.5802257061004639
1865,0.2713799476623535,0.35509824752807617,,,0.2651541233062744,,,,0.24529480934143066,,0.26769399642944336,0.25157713890075684,,0.6374828815460205,0.3030891418457031,5.807543992996216,0.2769172191619873,0.998701810836792,,0.5464940071105957,,,19.099647045135498,1.5684640407562256,0.6550579071044922,0.24081087112426758,0.5895781517028809,0.24783611297607422,0.9856569766998291,,0.29187488555908203,,1.318809986114502,,,0.27507519721984863,,,,0.24947905540466309,0.5905778408050537,,,,,,1.2554330825805664,,0.30301809310913086,0.26804614067077637
1866,0.2834129333496094,0.3065509796142578,,,0.2451472282409668,,,,0.24216413497924805,,0.30292510986328125,0.287365198135376,,0.6633970737457275,0.291471004486084,2.140634059906006,0.27560901641845703,0.9532957077026367,,0.6081371307373047,,,2.8231441974639893,1.139841079711914,0.2911360263824463,0.2737770080566406,3.0271499156951904,0.2454698085784912,0.952979326248169,,0.25282716751098633,,1.0338869094848633,,,0.27082324028015137,,,,0.25815391540527344,1.3294098377227783,,,,,,1.2563719749450684,,0.26895618438720703,0.3043708801269531
1867,0.2805638313293457,0.6230900287628174,,,0.5033090114593506,,,,0.24205613136291504,,0.25574302673339844,0.2452712059020996,,0.6366250514984131,0.29468584060668945,9.949447870254517,0.29418301582336426,0.5615448951721191,,0.6136338710784912,,,18.596999883651733,0.5384619235992432,0.29607605934143066,0.26938700675964355,0.5898017883300781,0.24748611450195312,0.9878911972045898,,0.2721269130706787,,0.5827059745788574,,,0.2542891502380371,,,,0.2566227912902832,0.596627950668335,,,,,,1.280107021331787,,0.7820041179656982,0.536994218826294
1868,0.2690291404724121,0.6199560165405273,,,0.27246880531311035,,,,0.25815796852111816,,0.268444299697876,0.25211524963378906,,0.6239442825317383,0.2772648334503174,4.104892253875732,0.2790069580078125,0.5764031410217285,,0.5608901977539062,,,0.14231514930725098,2.3589489459991455,0.2765498161315918,0.2613036632537842,0.5721583366394043,0.26392698287963867,1.2219038009643555,,0.2616138458251953,,0.5340290069580078,,,0.2693908214569092,,,,0.2954702377319336,0.618729829788208,,,,,,10.143586874008179,,0.2852749824523926,0.6458439826965332
1869,0.28322410583496094,1.0043480396270752,,,0.5395638942718506,,,,0.28691577911376953,,0.2650279998779297,0.2433338165283203,,0.6306238174438477,0.29231691360473633,1.3800840377807617,0.25855302810668945,1.0714378356933594,,0.607755184173584,,,0.6310679912567139,0.49804091453552246,0.2702198028564453,0.25812292098999023,0.6062798500061035,0.27117395401000977,1.2245588302612305,,0.24471187591552734,,0.5564332008361816,,,0.2536349296569824,,,,0.24887895584106445,0.592249870300293,,,,,,1.2659358978271484,,0.6624228954315186,0.2804701328277588
1870,0.27138781547546387,0.6219620704650879,,,0.5463762283325195,,,,0.25109219551086426,,0.2903099060058594,0.24875807762145996,,0.6356029510498047,0.2873070240020752,1.3691859245300293,0.2715580463409424,0.5908188819885254,,0.5801241397857666,,,19.12027907371521,3.147264003753662,0.29875922203063965,0.25174403190612793,0.6397998332977295,0.24683189392089844,0.5333020687103271,,0.2688722610473633,,2.1325418949127197,,,0.2954549789428711,,,,0.24692678451538086,0.5930778980255127,,,,,,0.5490081310272217,,0.8547630310058594,0.2648930549621582
1871,0.2814610004425049,0.2746288776397705,,,0.3254818916320801,,,,0.24526596069335938,,0.28504014015197754,0.26581573486328125,,0.6337871551513672,0.31087779998779297,1.0185840129852295,0.28012681007385254,0.612267017364502,,0.5340640544891357,,,16.34483313560486,1.000443935394287,0.29912328720092773,0.27231693267822266,0.5884561538696289,0.2505760192871094,0.5360531806945801,,0.27655506134033203,,0.613502025604248,,,0.24678707122802734,,,,0.2644798755645752,0.6144838333129883,,,,,,0.5902979373931885,,0.5995302200317383,1.3254191875457764
1872,0.28577375411987305,0.9657111167907715,,,0.5816071033477783,,,,0.2505149841308594,,0.28752803802490234,0.24602890014648438,,0.6328959465026855,0.32401514053344727,2.545776128768921,0.30156373977661133,1.3175508975982666,,0.5805788040161133,,,10.513168811798096,8.333828210830688,0.28868603706359863,0.2792551517486572,0.6119318008422852,0.274993896484375,0.5264368057250977,,0.24902606010437012,,8.773590087890625,,,0.27337193489074707,,,,0.24300909042358398,0.5731639862060547,,,,,,1.2992067337036133,,0.6253759860992432,0.588759183883667
1873,0.28356504440307617,0.5876808166503906,,,0.28342199325561523,,,,0.2431502342224121,,0.2668910026550293,0.24729609489440918,,0.6381700038909912,0.28384828567504883,0.6155998706817627,0.2691030502319336,0.611051082611084,,0.6086578369140625,,,0.9640240669250488,17.950802087783813,0.29668307304382324,0.27530384063720703,0.5992181301116943,0.2689642906188965,1.1527607440948486,,0.27646398544311523,,1.7585117816925049,,,0.252108097076416,,,,0.24901914596557617,0.613163948059082,,,,,,0.6152691841125488,,0.5678160190582275,0.570824384689331
1874,0.266934871673584,0.5907750129699707,,,0.262753963470459,,,,0.286055326461792,,0.2850520610809326,0.24629592895507812,,0.6241018772125244,0.3011000156402588,2.465131998062134,0.28374195098876953,1.0744009017944336,,0.5610840320587158,,,0.9671139717102051,0.8252780437469482,0.2798328399658203,0.2532951831817627,0.5771420001983643,0.2754020690917969,0.5311670303344727,,0.25168275833129883,,1.0155692100524902,,,0.2762641906738281,,,,0.25756120681762695,0.6057150363922119,,,,,,1.317040205001831,,0.5604591369628906,0.2796781063079834
1875,0.26704907417297363,0.7959041595458984,,,0.5259130001068115,,,,0.260239839553833,,0.2600400447845459,0.26844215393066406,,0.6293768882751465,0.31465578079223633,2.5744290351867676,0.2723970413208008,0.6299173831939697,,0.5616497993469238,,,6.177398920059204,0.5575282573699951,0.29376697540283203,0.2726631164550781,2.4886410236358643,0.25272321701049805,1.2167980670928955,,0.2893712520599365,,1.0423288345336914,,,0.29129815101623535,,,,0.9755702018737793,0.6080338954925537,,,,,,1.3088722229003906,,0.30714917182922363,0.4231297969818115
1876,0.2860109806060791,0.6353054046630859,,,0.5109140872955322,,,,0.2686891555786133,,0.2867577075958252,0.28961610794067383,,0.6402008533477783,0.2958950996398926,3.4760520458221436,0.2575337886810303,1.020941972732544,,0.5811569690704346,,,0.5874650478363037,18.243987798690796,0.27231740951538086,0.26718783378601074,0.59116530418396,0.2720677852630615,1.219590187072754,,0.2539517879486084,,0.5705180168151855,,,0.25493788719177246,,,,0.5951869487762451,1.029761791229248,,,,,,10.707043170928955,,0.31101107597351074,0.3456249237060547
1877,0.31718015670776367,0.6357550621032715,,,0.27613282203674316,,,,0.2595698833465576,,0.28537964820861816,0.2664923667907715,,0.6004538536071777,0.6022729873657227,8.502853870391846,0.2990410327911377,0.582827091217041,,0.5829110145568848,,,7.264841318130493,10.147213220596313,0.26448893547058105,0.24474000930786133,1.4444432258605957,0.24887299537658691,1.02174711227417,,0.24969816207885742,,0.5796999931335449,,,0.2713510990142822,,,,0.31203794479370117,0.5905930995941162,,,,,,1.7791547775268555,,0.6220130920410156,0.635977029800415
1878,0.2894861698150635,0.6298441886901855,,,0.5485060214996338,,,,0.26940298080444336,,0.26956605911254883,0.2638840675354004,,0.6381702423095703,0.29318881034851074,14.235717058181763,0.28056979179382324,0.9760372638702393,,0.5522418022155762,,,8.393558025360107,11.980997800827026,0.28635692596435547,0.2750570774078369,4.0777270793914795,0.2930569648742676,1.1739211082458496,,0.26907873153686523,,1.3170802593231201,,,0.24593377113342285,,,,0.2812187671661377,1.3017020225524902,,,,,,1.260451078414917,,0.2995030879974365,0.27138710021972656
1879,0.29204726219177246,0.639862060546875,,,0.5353429317474365,,,,0.27019619941711426,,0.2778627872467041,0.2599220275878906,,0.6433157920837402,0.3072960376739502,16.495947122573853,0.26778697967529297,1.0372920036315918,,1.7107810974121094,,,,0.7595162391662598,0.2646980285644531,0.24988293647766113,0.5877549648284912,0.2542741298675537,0.9411962032318115,,0.2561187744140625,,1.331000804901123,,,0.25309109687805176,,,,0.2780618667602539,0.588576078414917,,,,,,5.6973717212677,,0.28064918518066406,0.6037039756774902
1880,0.2908458709716797,0.608295202255249,,,0.5547499656677246,,,,0.24468374252319336,,0.2824418544769287,0.24389004707336426,,0.6405580043792725,0.32962799072265625,13.791138648986816,0.28800201416015625,0.6130130290985107,,0.5696702003479004,,,,1.6878540515899658,0.3109438419342041,0.2792320251464844,0.5882160663604736,0.27650880813598633,0.9800550937652588,,0.28482794761657715,,1.299750804901123,,,0.28914403915405273,,,,0.5633640289306641,0.6317329406738281,,,,,,19.576199769973755,,0.29120802879333496,0.28524017333984375
1881,0.2701270580291748,0.39534807205200195,,,0.24188995361328125,,,,0.24286818504333496,,0.3112828731536865,0.26404261589050293,,0.6401247978210449,0.2694411277770996,1.3990163803100586,0.2688870429992676,0.609785795211792,,0.5614049434661865,,,,1.2474050521850586,0.29387712478637695,0.2925851345062256,0.6210670471191406,0.275954008102417,1.177751064300537,,0.25859832763671875,,0.590228796005249,,,0.25237202644348145,,,,0.2738368511199951,0.5832269191741943,,,,,,5.277307987213135,,0.29536008834838867,0.28205418586730957
1882,0.2816810607910156,0.6255419254302979,,,0.29158902168273926,,,,0.24334311485290527,,0.26213669776916504,0.24653220176696777,,0.6244199275970459,0.30626583099365234,1.0218579769134521,0.3026890754699707,1.0203258991241455,,0.5762639045715332,,,,7.364532947540283,0.2821390628814697,0.255277156829834,0.5745820999145508,0.2548990249633789,1.2344679832458496,,0.2684822082519531,,1.8226323127746582,,,0.24397969245910645,,,,0.24608898162841797,1.2700927257537842,,,,,,1.7479650974273682,,0.27306294441223145,0.5500428676605225
1883,0.28067564964294434,0.6030588150024414,,,0.23438572883605957,,,,0.2495720386505127,,0.2661139965057373,0.2712399959564209,,0.6099581718444824,0.2536280155181885,19.90833806991577,0.29231691360473633,1.0025279521942139,,0.6111011505126953,,,,0.5929830074310303,0.29463815689086914,0.26342201232910156,0.5903501510620117,0.28237080574035645,1.0285391807556152,,0.2524092197418213,,1.2762799263000488,,,0.25087690353393555,,,,0.23375797271728516,0.5979058742523193,,,,,,1.2522950172424316,,0.307772159576416,0.2856118679046631
1884,0.2738070487976074,0.5766868591308594,,,0.5625028610229492,,,,0.26499366760253906,,0.28877902030944824,0.2572810649871826,,0.3080177307128906,0.3245971202850342,2.732032060623169,0.26494383811950684,0.6090507507324219,,0.6088199615478516,,,,3.9373321533203125,0.2769312858581543,0.2663459777832031,0.5898430347442627,0.25487303733825684,1.337357997894287,,0.24772882461547852,,1.3351008892059326,,,0.2693650722503662,,,,0.33341407775878906,0.5859251022338867,,,,,,0.555974006652832,,0.5807619094848633,0.26285696029663086
1885,0.275285005569458,0.6526100635528564,,,0.5825090408325195,,,,0.2467350959777832,,0.2655298709869385,0.27098870277404785,,0.6183669567108154,0.32255077362060547,8.913009881973267,0.28679609298706055,0.6096787452697754,,0.5807719230651855,,,,8.950401067733765,0.2998518943786621,0.2415180206298828,0.5854027271270752,0.24792718887329102,1.902336597442627,,0.29401493072509766,,0.6530749797821045,,,0.2760889530181885,,,,0.575469970703125,1.2907869815826416,,,,,,16.02159285545349,,1.0770649909973145,0.5593540668487549
1886,0.2853827476501465,0.5898439884185791,,,0.24921393394470215,,,,0.24973511695861816,,0.30365800857543945,0.2748289108276367,,0.6508901119232178,0.28822922706604004,8.232785940170288,0.2734489440917969,0.6078050136566162,,0.6162066459655762,,,,1.0638279914855957,0.30614185333251953,0.27787208557128906,1.9410920143127441,0.27459025382995605,1.2010838985443115,,0.27576494216918945,,0.5903418064117432,,,0.2453627586364746,,,,0.5794658660888672,1.30194091796875,,,,,,1.3149352073669434,,0.5970659255981445,0.5484108924865723
1887,0.311887264251709,0.5828559398651123,,,0.7291431427001953,,,,0.26961612701416016,,0.2702350616455078,0.2674601078033447,,0.6534068584442139,0.2861449718475342,19.898627996444702,0.2998380661010742,1.0399210453033447,,0.5672199726104736,,,,0.5622241497039795,0.2809007167816162,0.2718169689178467,0.5766129493713379,0.25043320655822754,1.2105050086975098,,0.24672484397888184,,0.5718152523040771,,,0.2677648067474365,,,,0.2795097827911377,0.5971240997314453,,,,,,0.5433578491210938,,0.3322892189025879,0.5500938892364502
1888,0.2908210754394531,0.5981528759002686,,,0.25189781188964844,,,,0.24613404273986816,,0.27744007110595703,0.2561781406402588,,0.6202728748321533,0.33098697662353516,2.2531797885894775,0.27141404151916504,0.6110410690307617,,0.5713720321655273,,,,0.5960540771484375,0.3011939525604248,0.25332093238830566,0.6300318241119385,0.2946968078613281,1.2038469314575195,,0.24975323677062988,,7.919110059738159,,,0.2507510185241699,,,,0.2590961456298828,1.2821917533874512,,,,,,0.5601611137390137,,0.5778300762176514,0.2744870185852051
1889,0.26686692237854004,0.5970571041107178,,,0.5569119453430176,,,,0.2692387104034424,,0.2594287395477295,0.24226999282836914,,0.605029821395874,0.3325388431549072,15.308987855911255,0.2713809013366699,0.610393762588501,,0.5555639266967773,,,,2.1979331970214844,0.30145716667175293,0.2741239070892334,0.5845670700073242,0.2769320011138916,1.091874122619629,,0.276170015335083,,5.337954044342041,,,0.27953505516052246,,,,0.5512099266052246,0.6079018115997314,,,,,,1.0802581310272217,,0.3713040351867676,0.5704610347747803
1890,0.28916096687316895,0.5938780307769775,,,0.24793434143066406,,,,0.27219104766845703,,0.2831838130950928,0.26691508293151855,,0.6285121440887451,0.29207706451416016,20.082855939865112,0.2877349853515625,0.9603040218353271,,0.5867009162902832,,,,0.551685094833374,0.3028249740600586,0.25483107566833496,0.5725219249725342,0.2525928020477295,2.2971839904785156,,0.29288434982299805,,1.7796568870544434,,,0.2678098678588867,,,,0.5802998542785645,1.3137872219085693,,,,,,1.2453761100769043,,0.591986894607544,0.27783203125
1891,0.27156877517700195,0.6132240295410156,,,0.5168488025665283,,,,0.25736284255981445,,0.28635692596435547,0.2868459224700928,,0.6406903266906738,0.25179100036621094,17.482556104660034,0.26195693016052246,0.5578398704528809,,0.6141340732574463,,,,0.5668089389801025,0.30030393600463867,0.28418517112731934,1.0845720767974854,0.2691938877105713,1.187579870223999,,0.2517738342285156,,0.5926249027252197,,,0.27216482162475586,,,,0.5899720191955566,0.5873229503631592,,,,,,17.29654288291931,,0.29192304611206055,0.5690147876739502
1892,0.2961997985839844,0.6391658782958984,,,0.5593199729919434,,,,0.27393293380737305,,0.287250280380249,0.2559208869934082,,0.6233689785003662,0.31436800956726074,,0.28430795669555664,0.3517332077026367,,0.6595017910003662,,,,1.230870008468628,0.2717287540435791,0.24051713943481445,0.6323239803314209,0.25112390518188477,2.331915855407715,,0.2489020824432373,,1.3558099269866943,,,0.25217700004577637,,,,0.2521207332611084,0.5879271030426025,,,,,,5.156867980957031,,0.676908016204834,0.29761695861816406
1893,0.2755460739135742,0.2811601161956787,,,0.26757311820983887,,,,0.25144505500793457,,0.26715517044067383,0.2704319953918457,,0.6191480159759521,0.28775978088378906,,0.2862529754638672,0.9540150165557861,,0.5623009204864502,,,,1.0643818378448486,0.28152012825012207,0.262467622756958,0.5875000953674316,0.2980926036834717,1.1405491828918457,,0.2767598628997803,,2.4139699935913086,,,0.2454361915588379,,,,0.5773718357086182,0.5893690586090088,,,,,,0.61110520362854,,0.3643171787261963,0.259857177734375
1894,0.2757151126861572,0.614091157913208,,,0.5611572265625,,,,0.28183603286743164,,0.2870321273803711,0.26036691665649414,,0.7631750106811523,0.2839040756225586,,0.2665588855743408,0.9857430458068848,,0.574653148651123,,,,2.4142608642578125,0.27384328842163086,0.27265167236328125,0.5582399368286133,0.2755708694458008,0.5337181091308594,,0.2770390510559082,,0.558499813079834,,,0.2743244171142578,,,,0.5595362186431885,0.5800840854644775,,,,,,1.3315060138702393,,0.27026891708374023,0.6300392150878906
1895,0.2724781036376953,0.40979909896850586,,,0.5735368728637695,,,,0.263965368270874,,0.26440978050231934,0.25736188888549805,,0.645043134689331,0.2610208988189697,,0.2854652404785156,0.5567989349365234,,0.5496468544006348,,,,1.9915971755981445,0.290693998336792,0.2510671615600586,0.585526704788208,0.25106191635131836,1.1787199974060059,,0.2657012939453125,,0.5965738296508789,,,0.26741600036621094,,,,0.5121159553527832,0.6139390468597412,,,,,,1.0579721927642822,,0.3144402503967285,0.35361409187316895
1896,0.2662661075592041,0.34091758728027344,,,0.5298051834106445,,,,0.24975991249084473,,0.30516505241394043,0.26041197776794434,,0.6179330348968506,0.3164479732513428,,0.2785918712615967,1.0280380249023438,,0.5627148151397705,,,,1.004106044769287,0.2784430980682373,0.2932469844818115,1.0016469955444336,0.27471303939819336,1.1899199485778809,,0.2761678695678711,,1.2686829566955566,,,0.27577805519104004,,,,0.2846217155456543,0.9958949089050293,,,,,,0.5833606719970703,,0.2931201457977295,0.5701971054077148
1897,0.3057363033294678,0.6286869049072266,,,0.5185308456420898,,,,0.2652730941772461,,0.26094532012939453,0.24260973930358887,,0.6266229152679443,0.3299741744995117,,0.28330492973327637,1.0213429927825928,,0.5515117645263672,,,,2.2680037021636963,0.29187607765197754,0.2509419918060303,1.0054566860198975,0.28037118911743164,1.6464309692382812,,0.254302978515625,,0.5500669479370117,,,0.25335216522216797,,,,0.27043986320495605,0.6033768653869629,,,,,,1.4002928733825684,,0.6087601184844971,0.27749133110046387
1898,0.29151487350463867,0.28366994857788086,,,0.5589909553527832,,,,0.25475502014160156,,0.2679569721221924,0.24542689323425293,,1.1336960792541504,0.2727799415588379,,0.262631893157959,0.5870580673217773,,0.5644779205322266,,,,0.8223512172698975,0.30112195014953613,0.2422950267791748,0.5928359031677246,0.29347681999206543,0.5367448329925537,,0.26180100440979004,,3.3341119289398193,,,0.27089405059814453,,,,0.2814829349517822,0.5822358131408691,,,,,,1.3664913177490234,,0.2912921905517578,0.577125072479248
1899,0.29119014739990234,0.6073110103607178,,,0.2784759998321533,,,,0.2932097911834717,,0.2909078598022461,0.24799275398254395,,0.6608171463012695,0.32531213760375977,,0.28331685066223145,0.5729401111602783,,0.5885491371154785,,,,2.2580199241638184,0.28287482261657715,0.23912596702575684,0.5978708267211914,0.24832367897033691,1.0767149925231934,,0.25045013427734375,,0.5667829513549805,,,0.2514650821685791,,,,0.6014449596405029,0.6335721015930176,,,,,,1.3382720947265625,,0.3094289302825928,0.2879753112792969
1900,0.2913670539855957,0.28443098068237305,,,0.5589480400085449,,,,0.2764599323272705,,0.2643132209777832,0.24716901779174805,,0.6203677654266357,0.30673789978027344,,0.2734990119934082,0.6229209899902344,,0.6056780815124512,,,,0.5410048961639404,0.3233659267425537,0.2501490116119385,0.6719329357147217,0.25284600257873535,0.562201976776123,,0.27129197120666504,,0.596566915512085,,,0.28960204124450684,,,,0.5883281230926514,0.8068509101867676,,,,,,5.543657064437866,,0.3576650619506836,0.5622708797454834
1901,0.27031397819519043,0.6258089542388916,,,0.5734138488769531,,,,0.2775440216064453,,0.3050558567047119,0.26479506492614746,,1.3786091804504395,0.2772958278656006,,0.29104161262512207,0.6187038421630859,,0.5616321563720703,,,,2.92096209526062,0.31333088874816895,0.29824113845825195,0.6167638301849365,0.2826061248779297,1.1341230869293213,,0.29081201553344727,,1.3676402568817139,,,0.2523970603942871,,,,0.2589080333709717,1.0342650413513184,,,,,,1.3176310062408447,,0.5966520309448242,0.6429779529571533
1902,0.2950279712677002,0.40696191787719727,,,0.26926708221435547,,,,0.2742500305175781,,0.26556992530822754,0.24796295166015625,,0.5341577529907227,0.28542399406433105,,0.3011181354522705,0.556797981262207,,0.6091370582580566,,,,4.048262119293213,0.3023059368133545,0.2432420253753662,1.029372215270996,0.26412010192871094,0.563025712966919,,0.2520711421966553,,0.5766379833221436,,,0.27212095260620117,,,,0.2552471160888672,1.2966868877410889,,,,,,3.1965651512145996,,0.31345200538635254,0.6201589107513428
1903,0.27666473388671875,0.6371698379516602,,,0.26570796966552734,,,,0.2511601448059082,,0.2843337059020996,0.2445693016052246,,0.6187667846679688,0.2613089084625244,,0.2741720676422119,0.5978851318359375,,0.5933499336242676,,,,1.4609899520874023,0.3065149784088135,0.24932503700256348,0.6026158332824707,0.2774391174316406,1.1668429374694824,,0.2781190872192383,,1.2798361778259277,,,0.2574479579925537,,,,0.27968406677246094,0.5961549282073975,,,,,,2.2383780479431152,,0.26692986488342285,0.5785470008850098
1904,0.265592098236084,0.6227920055389404,,,0.5421509742736816,,,,0.2711930274963379,,0.2631549835205078,0.2422480583190918,,0.6418089866638184,0.6756651401519775,,0.2832362651824951,0.5700459480285645,,0.5631120204925537,,,,3.4902431964874268,0.29686713218688965,0.24655890464782715,0.5891849994659424,0.2710740566253662,0.9991610050201416,,0.27356410026550293,,1.3484389781951904,,,0.2708110809326172,,,,0.5955491065979004,0.5766308307647705,,,,,,0.5866248607635498,,0.6030118465423584,0.5587899684906006
1905,0.2692410945892334,0.6193859577178955,,,0.5611982345581055,,,,0.27012181282043457,,0.2712421417236328,0.24666976928710938,,0.6619088649749756,0.2507438659667969,,0.25727176666259766,0.2761251926422119,,0.6110131740570068,,,,7.494557857513428,0.3063161373138428,0.25004005432128906,6.414367914199829,0.27222418785095215,0.5352592468261719,,0.2707960605621338,,0.5538060665130615,,,0.2712430953979492,,,,0.6112179756164551,1.6332709789276123,,,,,,3.2732667922973633,,0.2668030261993408,0.2618980407714844
1906,0.2871840000152588,0.30059194564819336,,,0.5278520584106445,,,,0.2559530735015869,,0.30434274673461914,0.26481199264526367,,0.6516849994659424,0.2852671146392822,,0.2652170658111572,1.330556869506836,,0.5854110717773438,,,,0.5039417743682861,0.2845172882080078,0.2875072956085205,4.8309221267700195,0.24735426902770996,0.5986871719360352,,0.2561042308807373,,0.6046280860900879,,,0.2676706314086914,,,,0.5848867893218994,0.6122500896453857,,,,,,1.362185001373291,,0.3070390224456787,0.2610459327697754
1907,0.31404900550842285,0.5935122966766357,,,0.35631895065307617,,,,0.2669508457183838,,0.29038310050964355,0.24911093711853027,,0.6060307025909424,0.6028149127960205,,0.27603888511657715,0.6314120292663574,,0.5874500274658203,,,,2.346085786819458,0.2893950939178467,0.24395322799682617,1.6672070026397705,0.2560420036315918,1.19120192527771,,0.26012182235717773,,0.5914781093597412,,,0.26270413398742676,,,,0.2727012634277344,0.5862882137298584,,,,,,1.270643949508667,,0.6243829727172852,0.580374002456665
1908,0.2665388584136963,0.6075782775878906,,,0.5736250877380371,,,,0.2615799903869629,,0.26890087127685547,0.24585604667663574,,0.640355110168457,0.5741639137268066,,0.26398515701293945,0.5657150745391846,,0.5818068981170654,,,,3.4474401473999023,0.293781042098999,0.25480079650878906,5.731957197189331,0.2781999111175537,1.1841201782226562,,0.2577552795410156,,0.5848960876464844,,,0.24395108222961426,,,,0.560093879699707,1.3244659900665283,,,,,,0.5949251651763916,,0.6011958122253418,0.27635931968688965
1909,0.279217004776001,0.2839620113372803,,,0.2520599365234375,,,,0.2780458927154541,,0.28592896461486816,0.2488408088684082,,1.3637430667877197,0.2786140441894531,,0.25869083404541016,0.5888369083404541,,0.5739090442657471,,,,3.0852298736572266,0.2881917953491211,0.27663493156433105,0.5533010959625244,0.2628762722015381,1.1697793006896973,,0.27474212646484375,,0.589353084564209,,,0.27047014236450195,,,,0.5758798122406006,1.2951958179473877,,,,,,0.5946838855743408,,0.5791542530059814,0.5732936859130859
1910,0.2720499038696289,0.6343059539794922,,,0.2905721664428711,,,,0.25391578674316406,,0.2899138927459717,0.26682591438293457,,0.6188058853149414,0.2745022773742676,,0.2738471031188965,0.5784111022949219,,0.5760889053344727,,,,0.9369330406188965,0.3084838390350342,0.2522430419921875,14.807259798049927,0.25947093963623047,0.5624179840087891,,0.29563307762145996,,0.5823791027069092,,,0.26715588569641113,,,,0.26453113555908203,0.5815908908843994,,,,,,19.306424856185913,,0.2706770896911621,0.5961410999298096
1911,0.2657759189605713,0.6365611553192139,,,0.2542860507965088,,,,0.2557258605957031,,0.28812170028686523,0.26882481575012207,,0.6622090339660645,0.2731630802154541,,0.2675039768218994,0.5760152339935303,,0.5599911212921143,,,,17.974048852920532,0.2892177104949951,0.2919638156890869,0.5557217597961426,0.26244306564331055,0.5350861549377441,,0.27970314025878906,,0.6399099826812744,,,0.2822268009185791,,,,0.25760507583618164,1.2801239490509033,,,,,,0.7908899784088135,,0.26953697204589844,0.6287481784820557
1912,0.2980520725250244,0.2612118721008301,,,0.2227611541748047,,,,0.2586190700531006,,0.2630610466003418,0.2521090507507324,,0.6186010837554932,0.5732407569885254,,0.2772660255432129,0.5814380645751953,,0.6113071441650391,,,,0.5190510749816895,0.2926290035247803,0.25241994857788086,7.882326126098633,0.26329588890075684,1.168389081954956,,0.252410888671875,,1.0415699481964111,,,0.2698338031768799,,,,0.5589280128479004,0.6152491569519043,,,,,,1.274092197418213,,0.5736970901489258,0.2842259407043457
1913,0.2774519920349121,0.62164306640625,,,0.28225207328796387,,,,0.27309513092041016,,0.28334617614746094,0.27013587951660156,,0.2877819538116455,0.28977179527282715,,0.2570381164550781,0.9699769020080566,,0.5624630451202393,,,,0.9419000148773193,0.2893970012664795,0.26337218284606934,1.0996930599212646,0.27712011337280273,1.5896711349487305,,0.2668921947479248,,6.885229110717773,,,0.25415968894958496,,,,0.6078600883483887,1.3037760257720947,,,,,,1.277261734008789,,0.5974791049957275,0.28786206245422363
1914,0.26987290382385254,0.26643896102905273,,,0.5659670829772949,,,,0.30887484550476074,,0.2664062976837158,0.25670599937438965,,0.6299722194671631,0.28678393363952637,,0.26151490211486816,0.621833086013794,,0.5492360591888428,,,,0.9022400379180908,0.2945091724395752,0.2448439598083496,3.4321532249450684,0.25394272804260254,1.1882312297821045,,0.25705409049987793,,1.300718069076538,,,0.26660895347595215,,,,0.2528870105743408,0.5905671119689941,,,,,,5.865859031677246,,0.5693209171295166,0.5588839054107666
1915,0.28397512435913086,0.5870218276977539,,,0.5626461505889893,,,,0.2734220027923584,,0.2879941463470459,0.27303004264831543,,1.0649070739746094,0.26592016220092773,,0.2600991725921631,0.5628888607025146,,0.585655927658081,,,,3.4484150409698486,0.3169701099395752,0.26910400390625,3.3132221698760986,0.2583789825439453,1.2425127029418945,,0.28708386421203613,,1.7527611255645752,,,0.2664949893951416,,,,0.2499089241027832,0.603762149810791,,,,,,11.80221700668335,,0.30179619789123535,0.6248500347137451
1916,0.2705717086791992,0.5504789352416992,,,0.6025631427764893,,,,0.2645151615142822,,0.31159496307373047,0.2705090045928955,,0.6521680355072021,0.6799781322479248,,0.2604520320892334,1.698019027709961,,0.5862531661987305,,,,11.647659063339233,0.28981709480285645,0.270251989364624,0.5848331451416016,0.27486491203308105,0.5515968799591064,,0.2588169574737549,,19.38969588279724,,,0.25435519218444824,,,,0.5590620040893555,0.6024520397186279,,,,,,19.53058123588562,,0.592799186706543,0.6180222034454346
1917,0.30318737030029297,0.6101021766662598,,,0.5785050392150879,,,,0.2629120349884033,,0.2885448932647705,0.2626349925994873,,0.6172609329223633,0.277393102645874,,0.280289888381958,0.57700514793396,,0.5915758609771729,,,,0.9181509017944336,0.3169369697570801,0.27923107147216797,10.375434875488281,0.27634096145629883,0.533113956451416,,0.26746487617492676,,7.91870379447937,,,0.2823190689086914,,,,0.2524542808532715,0.6066162586212158,,,,,,6.946152210235596,,0.6224222183227539,0.26839184761047363
1918,0.2660191059112549,0.5864462852478027,,,0.26393675804138184,,,,0.24853515625,,0.27002501487731934,0.269603967666626,,0.6383297443389893,0.3525059223175049,,0.2615208625793457,0.6320130825042725,,0.5702071189880371,,,,1.6984591484069824,0.3024711608886719,0.27554988861083984,0.5545089244842529,0.2973921298980713,0.5645749568939209,,0.2560911178588867,,1.3238670825958252,,,0.27289319038391113,,,,0.5467441082000732,1.2537119388580322,,,,,,1.352937936782837,,0.6194849014282227,0.7140300273895264
1919,0.2645688056945801,0.5874741077423096,,,0.5527510643005371,,,,0.27611494064331055,,0.2677741050720215,0.249284029006958,,2.6686060428619385,0.5964460372924805,,0.28343987464904785,0.6102237701416016,,0.5779862403869629,,,,3.341309070587158,0.30258703231811523,0.2589538097381592,1.0164580345153809,0.2787940502166748,1.201775074005127,,0.26995110511779785,,0.5820419788360596,,,0.2782449722290039,,,,0.5578012466430664,0.59029221534729,,,,,,1.2985711097717285,,0.5726559162139893,0.9894740581512451
1920,0.28537797927856445,0.2592940330505371,,,0.684851884841919,,,,0.26735591888427734,,0.29309582710266113,0.2511930465698242,,0.6422078609466553,0.2776918411254883,,0.25830984115600586,0.9706430435180664,,0.5826990604400635,,,,9.05117917060852,0.3295259475708008,0.2579319477081299,1.4732170104980469,0.27256226539611816,1.1806919574737549,,0.26776599884033203,,1.0029780864715576,,,0.29582786560058594,,,,0.5618221759796143,1.254756212234497,,,,,,1.3185770511627197,,0.5992357730865479,1.3906662464141846
1921,0.2649710178375244,0.6016480922698975,,,0.5755431652069092,,,,0.25788331031799316,,0.28259825706481934,0.2892119884490967,,0.6205658912658691,0.5811347961425781,,0.28391218185424805,0.5871438980102539,,0.5841002464294434,,,,15.850114107131958,0.284466028213501,0.2852611541748047,1.2621519565582275,0.2549889087677002,0.5316252708435059,,0.2481091022491455,,0.5866508483886719,,,0.26987600326538086,,,,0.25171399116516113,0.615361213684082,,,,,,1.3340249061584473,,0.5776379108428955,0.2912790775299072
1922,0.30396389961242676,0.6350750923156738,,,0.5724978446960449,,,,0.26526474952697754,,0.2696647644042969,0.2590970993041992,,0.6409621238708496,0.2711329460144043,,0.3111429214477539,0.6291670799255371,,0.558690071105957,,,,0.7504291534423828,0.3082880973815918,0.24561405181884766,0.5668950080871582,0.2760660648345947,0.9982900619506836,,0.2754979133605957,,0.5920319557189941,,,0.25326991081237793,,,,0.26593804359436035,0.5843462944030762,,,,,,1.310014009475708,,0.2949378490447998,0.6188991069793701
1923,0.2725248336791992,0.6152000427246094,,,0.5484089851379395,,,,0.26813507080078125,,0.2861037254333496,0.2615697383880615,,0.6496961116790771,0.2768738269805908,,0.27083301544189453,0.5935449600219727,,0.5567569732666016,,,,13.150508165359497,0.29651308059692383,0.2562520503997803,0.5624120235443115,0.295604944229126,1.882554054260254,,0.2790720462799072,,0.5910708904266357,,,0.25311708450317383,,,,0.25864171981811523,0.5424137115478516,,,,,,1.3136060237884521,,0.5974259376525879,0.606741189956665
1924,0.2702498435974121,0.8291399478912354,,,0.5820260047912598,,,,0.26648402214050293,,0.266859769821167,0.26122117042541504,,1.3955261707305908,0.5874807834625244,,0.2735929489135742,0.5846657752990723,,0.5900330543518066,,,,17.494436979293823,0.2901029586791992,0.27600598335266113,0.566368818283081,0.27870821952819824,0.6320199966430664,,0.28035712242126465,,17.388358116149902,,,0.2780568599700928,,,,0.557452917098999,1.1314411163330078,,,,,,0.716717004776001,,0.5976738929748535,0.6397609710693359
1925,0.2888607978820801,0.2926352024078369,,,0.2587301731109619,,,,0.2471151351928711,,0.30327701568603516,0.26564931869506836,,0.6622109413146973,0.5957708358764648,,0.2838139533996582,1.00557279586792,,0.5657169818878174,,,,15.433837652206421,0.305696964263916,0.28019094467163086,0.5606679916381836,0.28189802169799805,1.6178860664367676,,0.2950010299682617,,3.9844820499420166,,,0.29844117164611816,,,,0.5886731147766113,2.250905990600586,,,,,,1.2936220169067383,,0.30403709411621094,0.6207249164581299
1926,0.2648031711578369,0.6167359352111816,,,0.2729310989379883,,,,0.274522066116333,,0.26557087898254395,0.2676200866699219,,0.6576051712036133,0.619830846786499,,0.2685427665710449,0.5706441402435303,,0.5879840850830078,,,,0.8943588733673096,0.3008270263671875,0.29685115814208984,2.5171897411346436,0.277756929397583,0.9759540557861328,,0.25306177139282227,,1.2771105766296387,,,0.27735090255737305,,,,0.269787073135376,1.287398338317871,,,,,,1.2710390090942383,,0.5562460422515869,0.2608671188354492
1927,0.28276991844177246,0.5985100269317627,,,0.266965389251709,,,,0.2543680667877197,,0.2948310375213623,0.2523798942565918,,0.6435258388519287,0.3549790382385254,,0.3045496940612793,0.5935001373291016,,0.5875937938690186,,,,1.518937110900879,0.30233025550842285,0.2756819725036621,0.5853676795959473,0.2692699432373047,1.1862568855285645,,0.2700517177581787,,0.5577950477600098,,,0.27673888206481934,,,,0.2523040771484375,1.296152114868164,,,,,,19.575578212738037,,0.6136181354522705,0.5870199203491211
1928,0.2831401824951172,0.5808489322662354,,,0.2613949775695801,,,,0.2768402099609375,,0.295320987701416,0.27279114723205566,,0.6004879474639893,0.6726419925689697,,0.26285505294799805,0.6111178398132324,,0.5937879085540771,,,,3.164080858230591,0.28398704528808594,0.25295400619506836,0.5601451396942139,0.27616095542907715,0.5626778602600098,,0.25104212760925293,,0.5898520946502686,,,0.43047499656677246,,,,0.564521074295044,0.5866732597351074,,,,,,,,0.6148478984832764,0.5694999694824219
1929,0.27104711532592773,0.6100800037384033,,,0.5147478580474854,,,,0.2942631244659424,,0.286243200302124,0.2544119358062744,,0.6637172698974609,0.633753776550293,,0.2644519805908203,1.0268962383270264,,0.5924642086029053,,,,18.207345008850098,0.3057291507720947,0.2471790313720703,0.5632169246673584,0.25328922271728516,2.331373929977417,,0.280519962310791,,1.316896915435791,,,0.27432703971862793,,,,0.6022090911865234,0.6102650165557861,,,,,,,,0.621337890625,0.2940371036529541
1930,0.28411293029785156,0.5839648246765137,,,0.2658040523529053,,,,0.2779388427734375,,0.2880871295928955,0.2767951488494873,,0.6282131671905518,0.27027392387390137,,0.2902858257293701,0.603295087814331,,0.5770449638366699,,,,1.623676061630249,0.32038402557373047,0.26357483863830566,0.6085009574890137,0.2621760368347168,0.5625617504119873,,0.2942328453063965,,1.7893309593200684,,,0.2741119861602783,,,,0.6333439350128174,0.5934991836547852,,,,,,,,0.5776786804199219,0.25236082077026367
1931,0.28603386878967285,0.6189420223236084,,,0.4991569519042969,,,,0.252666711807251,,0.2733919620513916,0.2916550636291504,,0.6363041400909424,0.28769516944885254,,0.29123401641845703,1.003978967666626,,0.5647292137145996,,,,18.582191228866577,0.2864961624145508,0.2888028621673584,0.5897750854492188,0.26083993911743164,0.9318399429321289,,0.2830221652984619,,1.3130738735198975,,,0.2549018859863281,,,,0.593428373336792,1.0888781547546387,,,,,,,,0.6019001007080078,1.4044461250305176
1932,0.2961909770965576,0.6363630294799805,,,0.2947390079498291,,,,0.2535581588745117,,0.28454089164733887,0.25533509254455566,,1.8536088466644287,0.6153693199157715,,0.28716492652893066,1.3564097881317139,,0.27789306640625,,,,,0.29511499404907227,0.2513308525085449,0.5589890480041504,0.26097917556762695,1.1823570728302002,,0.2735919952392578,,0.6009781360626221,,,0.2854290008544922,,,,0.26160502433776855,0.5881850719451904,,,,,,,,0.29555726051330566,0.2859010696411133
1933,0.26337718963623047,1.8397469520568848,,,0.5641739368438721,,,,0.26122379302978516,,0.2684481143951416,0.24956178665161133,,1.2726800441741943,0.26705503463745117,,0.28385424613952637,0.6089859008789062,,0.588374137878418,,,,,0.3083610534667969,0.27488183975219727,0.5600178241729736,0.2791121006011963,0.5304591655731201,,0.28373098373413086,,0.5682432651519775,,,0.5797741413116455,,,,0.2749500274658203,0.5944583415985107,,,,,,,,0.5959501266479492,0.6088497638702393
1934,0.2843937873840332,1.4277758598327637,,,0.5422639846801758,,,,0.281710147857666,,0.2892889976501465,0.2680377960205078,,0.6230332851409912,0.33306026458740234,,0.2667851448059082,0.6160271167755127,,0.5893690586090088,,,,,0.30654001235961914,0.25331616401672363,7.758148908615112,0.2718627452850342,1.8333981037139893,,0.2651791572570801,,1.325559139251709,,,0.5523731708526611,,,,0.5700252056121826,0.6092233657836914,,,,,,,,0.30988383293151855,1.332606315612793
1935,0.26871585845947266,0.5796282291412354,,,0.3079519271850586,,,,0.25767016410827637,,1.0683610439300537,0.25633692741394043,,0.6335079669952393,0.2923450469970703,,0.25969910621643066,0.5843288898468018,,0.5948669910430908,,,,,0.31633996963500977,0.26259303092956543,0.597808837890625,0.2768428325653076,1.1811540126800537,,0.27780604362487793,,0.595653772354126,,,0.6088409423828125,,,,0.280925989151001,0.5859279632568359,,,,,,,,0.2834467887878418,1.315006971359253
1936,0.2726099491119385,0.6143896579742432,,,0.5137929916381836,,,,0.26885390281677246,,0.2879469394683838,0.28959226608276367,,0.6424431800842285,0.5692579746246338,,0.28511905670166016,0.6056258678436279,,0.6121339797973633,,,,,0.28293919563293457,0.26010704040527344,0.5846312046051025,0.25032973289489746,1.1810519695281982,,0.25650882720947266,,3.261256217956543,,,0.5983500480651855,,,,0.2928009033203125,0.5894489288330078,,,,,,,,0.6010780334472656,0.6347200870513916
1937,0.30550098419189453,1.3895716667175293,,,0.8231899738311768,,,,0.2803347110748291,,0.28867363929748535,0.25040507316589355,,0.6163129806518555,0.6166031360626221,,0.29527807235717773,0.6305251121520996,,1.0036187171936035,,,,,0.29440832138061523,0.269960880279541,0.5612678527832031,0.28296899795532227,1.1976828575134277,,0.2609741687774658,,0.5984840393066406,,,0.2946329116821289,,,,0.6117708683013916,1.2813177108764648,,,,,,,,0.5815267562866211,0.2706630229949951
1938,0.2914290428161621,3.6689460277557373,,,0.27097535133361816,,,,0.2701718807220459,,0.8813157081604004,0.26610898971557617,,1.3868279457092285,0.6414740085601807,,0.2768080234527588,0.5770707130432129,,0.6137700080871582,,,,,0.2876091003417969,0.25159287452697754,0.5817761421203613,0.29569482803344727,1.1915969848632812,,0.26015591621398926,,0.5941429138183594,,,0.5643761157989502,,,,0.5932888984680176,0.5902221202850342,,,,,,,,0.5602781772613525,0.6342771053314209
1939,0.2688000202178955,0.3018758296966553,,,0.5746030807495117,,,,0.27619385719299316,,0.3097720146179199,0.26064515113830566,,0.6016130447387695,0.2928500175476074,,0.27911925315856934,0.619365930557251,,0.5649771690368652,,,,,0.2940938472747803,0.2476511001586914,0.5603539943695068,0.27837324142456055,1.189765214920044,,0.263599157333374,,1.2996070384979248,,,0.5755960941314697,,,,0.31082987785339355,0.6109390258789062,,,,,,,,0.2862071990966797,0.6025569438934326
1940,0.2669508457183838,1.033484935760498,,,0.5576403141021729,,,,0.25701403617858887,,0.2940211296081543,0.2463068962097168,,1.364292860031128,0.6043939590454102,,0.2704658508300781,0.5619080066680908,,0.6024601459503174,,,,,0.3253030776977539,0.24676299095153809,1.1100058555603027,0.2803230285644531,1.1850907802581787,,0.2774081230163574,,1.3000471591949463,,,0.29573702812194824,,,,0.29354000091552734,0.619492769241333,,,,,,,,0.26723217964172363,0.5956470966339111
1941,0.26934814453125,0.604992151260376,,,0.2843136787414551,,,,0.2635073661804199,,0.26625895500183105,0.2785196304321289,,0.6399791240692139,0.580420970916748,,0.2867300510406494,0.5837521553039551,,0.5737309455871582,,,,,0.3031117916107178,0.2648608684539795,0.6112861633300781,0.2726919651031494,0.594667911529541,,0.2629549503326416,,1.3032708168029785,,,0.2504138946533203,,,,0.26023077964782715,1.11983060836792,,,,,,,,0.5943522453308105,0.2830321788787842
1942,0.286301851272583,7.56230092048645,,,0.25474095344543457,,,,0.2593200206756592,,0.2890920639038086,0.2802579402923584,,0.6477758884429932,0.29163694381713867,,0.2795979976654053,0.5601420402526855,,0.6087758541107178,,,,,0.3153049945831299,0.24715113639831543,1.0538158416748047,0.25351905822753906,0.5668120384216309,,0.2588188648223877,,0.5860412120819092,,,0.6406130790710449,,,,0.5485110282897949,1.0440597534179688,,,,,,,,0.2920868396759033,0.2774322032928467
1943,0.2865309715270996,0.6215832233428955,,,0.24328207969665527,,,,0.261732816696167,,0.27131199836730957,0.2720620632171631,,0.6189990043640137,0.6424169540405273,,0.2628638744354248,0.5411856174468994,,0.5946629047393799,,,,,0.29380202293395996,0.24277710914611816,0.5565891265869141,0.27060508728027344,0.5293140411376953,,0.25687503814697266,,0.5783810615539551,,,0.5714590549468994,,,,0.3058779239654541,0.6004207134246826,,,,,,,,0.610576868057251,0.25224876403808594
1944,0.26934814453125,0.6474061012268066,,,0.2980339527130127,,,,0.28305721282958984,,0.29094815254211426,0.25663018226623535,,0.3051629066467285,0.29325199127197266,,0.28679871559143066,0.5810470581054688,,0.590965986251831,,,,,0.3138759136199951,0.25953197479248047,1.04636812210083,0.25226283073425293,0.5582430362701416,,0.2597517967224121,,0.5887229442596436,,,0.2758300304412842,,,,0.2372581958770752,0.61277174949646,,,,,,,,0.5882329940795898,0.6163327693939209
1945,0.2809469699859619,0.6205439567565918,,,0.5396542549133301,,,,0.27979111671447754,,0.2808511257171631,0.27066898345947266,,0.6088378429412842,0.5762712955474854,,0.2720370292663574,0.5852668285369873,,0.5701220035552979,,,,,0.32401609420776367,0.28046488761901855,1.0369398593902588,0.2739419937133789,0.5266401767730713,,0.27463293075561523,,0.5895838737487793,,,0.5785501003265381,,,,0.28087806701660156,1.0458130836486816,,,,,,,,0.6232912540435791,0.6121187210083008
1946,0.29872679710388184,0.3186488151550293,,,0.5081081390380859,,,,0.2756350040435791,,0.27592992782592773,0.2731199264526367,,0.6284739971160889,0.6899781227111816,,0.27756214141845703,0.5854208469390869,,1.2296228408813477,,,,,0.30135679244995117,0.3094918727874756,0.5632121562957764,0.27376580238342285,1.1978397369384766,,0.27923011779785156,,1.0486290454864502,,,0.559744119644165,,,,0.2701890468597412,0.7779028415679932,,,,,,,,0.6390879154205322,0.35285305976867676
1947,0.3091721534729004,0.5901989936828613,,,0.26070094108581543,,,,0.26244306564331055,,0.3829531669616699,0.27095890045166016,,0.6251590251922607,0.5873160362243652,,0.2890160083770752,0.5852289199829102,,1.2570502758026123,,,,,0.3171961307525635,0.25049304962158203,1.3085477352142334,0.25292086601257324,1.1476528644561768,,0.2688889503479004,,0.5913259983062744,,,0.556739091873169,,,,0.5655570030212402,0.5891199111938477,,,,,,,,0.5904622077941895,0.2691469192504883
1948,0.2669069766998291,1.3765308856964111,,,0.2631399631500244,,,,0.2736399173736572,,0.28734803199768066,0.24706006050109863,,0.614962100982666,0.3329930305480957,,0.28220701217651367,0.6065490245819092,,2.860689163208008,,,,,0.31653714179992676,0.2779381275177002,0.5606081485748291,0.28531932830810547,0.9429969787597656,,0.25711798667907715,,1.027297019958496,,,0.25272607803344727,,,,0.27259397506713867,1.298656940460205,,,,,,,,0.2758917808532715,0.8618278503417969
1949,0.2864878177642822,0.3190288543701172,,,0.5375971794128418,,,,0.2996490001678467,,0.29001426696777344,0.24912786483764648,,0.6430857181549072,0.6015832424163818,,0.2698960304260254,0.5717911720275879,,0.539496898651123,,,,,0.297166109085083,0.2691688537597656,1.2702662944793701,0.25667619705200195,1.1984357833862305,,0.2592141628265381,,0.6156139373779297,,,0.2563931941986084,,,,0.27878403663635254,1.8194849491119385,,,,,,,,0.557452917098999,0.6096787452697754
1950,0.2740800380706787,0.6092808246612549,,,0.2459867000579834,,,,0.27048683166503906,,0.27947306632995605,0.24962306022644043,,1.0727910995483398,0.5731070041656494,,0.2608530521392822,0.9783198833465576,,1.0572307109832764,,,,,0.31436991691589355,0.25850391387939453,1.0365231037139893,0.2705199718475342,2.2474207878112793,,0.283217191696167,,0.5894777774810791,,,0.28333282470703125,,,,0.2683231830596924,0.5936717987060547,,,,,,,,0.5920760631561279,0.612051248550415
1951,0.288682222366333,0.6270081996917725,,,0.25927090644836426,,,,0.28446531295776367,,0.26941895484924316,0.2905111312866211,,0.5944681167602539,0.5907638072967529,,0.2878248691558838,0.5524611473083496,,1.0627720355987549,,,,,0.2889137268066406,0.2762918472290039,0.5616779327392578,0.2531130313873291,1.1832802295684814,,0.2537980079650879,,0.6089892387390137,,,0.5859920978546143,,,,0.2812778949737549,1.0475001335144043,,,,,,,,0.5938599109649658,0.8172979354858398
1952,0.302901029586792,0.628504753112793,,,0.5645139217376709,,,,0.2685718536376953,,0.29136085510253906,0.25214409828186035,,0.6597189903259277,0.5699729919433594,,0.2849259376525879,0.6097307205200195,,2.795905113220215,,,,,0.31354618072509766,0.24753308296203613,0.5462398529052734,0.27394580841064453,0.563042163848877,,0.25557470321655273,,1.3021397590637207,,,0.2781989574432373,,,,0.6078860759735107,0.5901708602905273,,,,,,,,0.7469809055328369,0.2837989330291748
1953,0.2689030170440674,0.5967569351196289,,,0.2731161117553711,,,,0.27374958992004395,,0.268280029296875,0.2733323574066162,,1.8420331478118896,0.27878236770629883,,0.2831239700317383,2.1309521198272705,,0.5927600860595703,,,,,0.30675697326660156,0.24634313583374023,1.048962116241455,0.2703728675842285,1.1676042079925537,,0.2752189636230469,,0.5916669368743896,,,0.276472806930542,,,,0.2544839382171631,1.0279591083526611,,,,,,,,0.6077301502227783,0.579556941986084
1954,0.2810180187225342,0.27744507789611816,,,0.2787818908691406,,,,0.3046581745147705,,0.27405285835266113,0.2516770362854004,,0.2845439910888672,0.584557056427002,,0.28165602684020996,0.6110751628875732,,0.5670042037963867,,,,,0.29932594299316406,0.24806571006774902,0.5568711757659912,0.2718851566314697,1.6050522327423096,,0.280134916305542,,1.3001840114593506,,,0.613724946975708,,,,0.5419399738311768,0.5917961597442627,,,,,,,,0.6151320934295654,0.3554558753967285
1955,0.26024293899536133,2.941470146179199,,,0.5325057506561279,,,,0.26357293128967285,,0.28613877296447754,0.24623513221740723,,1.3828670978546143,0.5615940093994141,,0.29250621795654297,0.5680680274963379,,0.27436304092407227,,,,,0.3340461254119873,0.2450423240661621,1.9254589080810547,0.2525670528411865,0.5292682647705078,,0.286240816116333,,0.6162800788879395,,,0.5399167537689209,,,,0.272503137588501,0.6147630214691162,,,,,,,,0.6184639930725098,0.26848840713500977
1956,0.2844817638397217,0.5976431369781494,,,0.5687863826751709,,,,0.2665278911590576,,0.28642725944519043,0.28891611099243164,,1.0766692161560059,0.2878291606903076,,0.29184889793395996,0.578693151473999,,1.254511833190918,,,,,0.3175020217895508,0.26564526557922363,0.5916910171508789,0.2738051414489746,1.2044119834899902,,0.2610890865325928,,1.2712669372558594,,,0.5388021469116211,,,,0.25174999237060547,0.5887770652770996,,,,,,,,0.28554511070251465,0.616290807723999
1957,0.315248966217041,0.2967681884765625,,,0.571660041809082,,,,0.2862510681152344,,0.27451586723327637,0.2590498924255371,,0.6185011863708496,0.5802340507507324,,0.2826271057128906,0.9999709129333496,,0.5932538509368896,,,,,0.2977101802825928,0.2661769390106201,0.5987451076507568,0.2772960662841797,1.1770861148834229,,0.25588035583496094,,0.5841760635375977,,,0.5883140563964844,,,,0.3126680850982666,0.6022701263427734,,,,,,,,0.6129770278930664,0.6317157745361328
1958,0.29377293586730957,0.6110632419586182,,,0.45838284492492676,,,,0.2699141502380371,,0.26757001876831055,0.2696390151977539,,0.63869309425354,0.277987003326416,,0.29167914390563965,0.6340622901916504,,0.5956909656524658,,,,,0.2901599407196045,0.2472362518310547,0.5960359573364258,0.2654759883880615,1.6594350337982178,,0.252216100692749,,1.7699148654937744,,,0.5611250400543213,,,,0.2791726589202881,0.5649740695953369,,,,,,,,0.5829272270202637,0.6124989986419678
1959,0.2870469093322754,0.5913510322570801,,,0.5324118137359619,,,,0.2927670478820801,,0.27268314361572266,0.25142502784729004,,1.0727980136871338,0.5970120429992676,,0.26640820503234863,0.6082758903503418,,0.5963950157165527,,,,,0.3214850425720215,0.26514315605163574,0.5938141345977783,0.251209020614624,0.5357561111450195,,0.26801300048828125,,1.2921288013458252,,,0.5735249519348145,,,,0.28191089630126953,0.5947611331939697,,,,,,,,1.327214002609253,0.5645942687988281
1960,0.2952249050140381,0.6297378540039062,,,0.5600640773773193,,,,0.2797219753265381,,0.28223204612731934,0.27794933319091797,,1.4422659873962402,0.6033189296722412,,0.28508496284484863,0.9709241390228271,,2.5423760414123535,,,,,0.3343658447265625,0.2631661891937256,1.670832872390747,0.273482084274292,1.1926519870758057,,0.2733428478240967,,0.6111350059509277,,,0.2527751922607422,,,,0.2993810176849365,0.5831801891326904,,,,,,,,0.5991427898406982,0.2615702152252197
1961,0.29189229011535645,0.6208291053771973,,,0.5444903373718262,,,,0.26964807510375977,,0.646867036819458,0.28560686111450195,,1.0798799991607666,0.616300106048584,,0.2693328857421875,0.5919747352600098,,0.5541350841522217,,,,,0.30388879776000977,0.2790379524230957,1.0323638916015625,0.2525510787963867,1.0014159679412842,,0.2685379981994629,,0.5877151489257812,,,0.5799050331115723,,,,0.56278395652771,1.065723180770874,,,,,,,,0.6388058662414551,0.5777740478515625
1962,0.3103041648864746,0.6103832721710205,,,0.5767979621887207,,,,0.2668800354003906,,0.3687760829925537,0.25939512252807617,,0.6092419624328613,0.5738379955291748,,0.2972221374511719,0.6129190921783447,,0.5862388610839844,,,,,0.2990429401397705,0.2689552307128906,0.566619873046875,0.27295732498168945,1.2152669429779053,,0.25489282608032227,,1.3146486282348633,,,0.27201008796691895,,,,0.541964054107666,0.5911290645599365,,,,,,,,0.5862321853637695,0.2398219108581543
1963,0.27469325065612793,0.6183068752288818,,,0.23671388626098633,,,,0.2757091522216797,,0.2649879455566406,0.24663996696472168,,0.6196389198303223,0.29721498489379883,,0.2735738754272461,0.6083798408508301,,0.593390941619873,,,,,0.30109310150146484,0.2522289752960205,0.6091830730438232,0.2710881233215332,1.2015008926391602,,0.2680373191833496,,1.0947859287261963,,,0.5855588912963867,,,,0.4751918315887451,0.6176471710205078,,,,,,,,0.28162312507629395,0.5792229175567627
1964,0.276900053024292,0.6523439884185791,,,0.6248879432678223,,,,0.2972569465637207,,0.40344786643981934,0.2744109630584717,,0.639387845993042,0.28881192207336426,,0.26303696632385254,2.0950331687927246,,0.5542528629302979,,,,,0.31465697288513184,0.2683560848236084,0.596919059753418,0.26364707946777344,1.5824382305145264,,0.25477004051208496,,0.5968070030212402,,,0.6002380847930908,,,,0.2739720344543457,0.604550838470459,,,,,,,,0.589317798614502,0.3028130531311035
1965,0.27138829231262207,0.5939509868621826,,,0.23495221138000488,,,,0.274507999420166,,0.28926992416381836,0.2495861053466797,,1.0747971534729004,0.2859368324279785,,0.28179311752319336,0.6161611080169678,,0.5637366771697998,,,,,0.3139200210571289,0.24680590629577637,0.5895910263061523,0.24822783470153809,1.2106451988220215,,0.26700687408447266,,4.383430004119873,,,0.5670499801635742,,,,0.2966330051422119,0.614051103591919,,,,,,,,0.5958380699157715,0.5855522155761719
1966,0.28404712677001953,0.6031978130340576,,,0.9816031455993652,,,,0.2831909656524658,,0.2672140598297119,0.2943761348724365,,0.2955620288848877,0.5745537281036377,,0.2709529399871826,0.5778689384460449,,1.0458269119262695,,,,,0.3013191223144531,0.2779581546783447,0.6057479381561279,0.2635538578033447,1.1869471073150635,,0.27321410179138184,,19.716506958007812,,,0.5691578388214111,,,,0.2792220115661621,1.0512380599975586,,,,,,,,0.591256856918335,1.2968261241912842
1967,0.3151082992553711,0.6120669841766357,,,0.5446391105651855,,,,0.2690398693084717,,0.2814309597015381,0.2799968719482422,,0.5809421539306641,7.025573968887329,,0.29968905448913574,0.5761637687683105,,0.6094789505004883,,,,,0.30133819580078125,0.27054595947265625,0.5415151119232178,0.26138901710510254,1.0154187679290771,,0.2815878391265869,,0.5786709785461426,,,0.29756999015808105,,,,0.6244087219238281,1.0373330116271973,,,,,,,,0.28461122512817383,0.5630841255187988
1968,0.2910177707672119,0.6384251117706299,,,0.589792013168335,,,,0.2843649387359619,,0.29516172409057617,0.2787940502166748,,0.6208407878875732,0.6046450138092041,,0.27132081985473633,1.7538559436798096,,2.529473066329956,,,,,0.3040030002593994,0.2503929138183594,0.7306952476501465,0.28676915168762207,0.5381040573120117,,0.2805469036102295,,19.778443098068237,,,0.5817222595214844,,,,0.26582789421081543,0.5956459045410156,,,,,,,,0.6069087982177734,0.7209901809692383
1969,0.289107084274292,0.5909140110015869,,,0.5603179931640625,,,,0.2792949676513672,,0.29177069664001465,0.2743842601776123,,0.6398301124572754,0.2987699508666992,,0.28533005714416504,0.602632999420166,,0.5770430564880371,,,,,0.3147408962249756,0.2807178497314453,1.711616039276123,0.2530028820037842,1.183863878250122,,0.2758610248565674,,19.999354124069214,,,0.5955216884613037,,,,0.5433342456817627,0.5934791564941406,,,,,,,,0.6454060077667236,0.38875818252563477
1970,0.27185821533203125,0.5999548435211182,,,0.6316778659820557,,,,0.2681851387023926,,0.2631351947784424,0.2540009021759033,,0.6230690479278564,0.6164500713348389,,0.2904651165008545,1.0127201080322266,,0.5555949211120605,,,,,0.33943986892700195,0.2760629653930664,0.5938739776611328,0.27093005180358887,1.1886992454528809,,0.29524993896484375,,0.2884221076965332,,,0.5437650680541992,,,,0.26819515228271484,1.065561056137085,,,,,,,,0.603463888168335,0.58272385597229
1971,0.2946300506591797,0.6298267841339111,,,1.0197789669036865,,,,0.2824270725250244,,0.2749350070953369,0.29694175720214844,,0.2902650833129883,0.6021749973297119,,0.2685220241546631,0.5913629531860352,,0.6141388416290283,,,,,0.2976109981536865,0.2885000705718994,0.583787202835083,0.25280308723449707,1.2121341228485107,,0.27057886123657227,,0.6033651828765869,,,0.561769962310791,,,,0.25290608406066895,0.6092767715454102,,,,,,,,1.3146560192108154,0.2931404113769531
1972,0.30882787704467773,1.3679957389831543,,,0.2780580520629883,,,,0.27522993087768555,,0.2946739196777344,0.2793900966644287,,0.6049361228942871,0.5594131946563721,,0.2897307872772217,1.3339331150054932,,0.5890910625457764,,,,,0.29529500007629395,0.25678110122680664,0.5637190341949463,0.2711317539215088,1.1822938919067383,,0.25482988357543945,,0.6151008605957031,,,0.5790159702301025,,,,0.6127712726593018,0.6233389377593994,,,,,,,,0.5740790367126465,0.7587549686431885
1973,0.28999924659729004,2.182523250579834,,,0.5179991722106934,,,,0.28067708015441895,,0.2731180191040039,0.2723519802093506,,0.6238150596618652,0.27954983711242676,,0.2692229747772217,0.6120100021362305,,1.2951819896697998,,,,,0.30419111251831055,0.2529418468475342,0.5943260192871094,0.26276087760925293,0.7474808692932129,,0.2527642250061035,,1.3401410579681396,,,0.5807929039001465,,,,0.2771759033203125,0.6679010391235352,,,,,,,,0.5894069671630859,0.25731778144836426
1974,0.2988107204437256,0.6150431632995605,,,0.6201179027557373,,,,0.28966403007507324,,0.27990198135375977,0.25793004035949707,,0.6454980373382568,0.5846858024597168,,0.2782471179962158,0.9960949420928955,,0.5971939563751221,,,,,0.30232810974121094,0.2605290412902832,1.3124799728393555,0.25319337844848633,1.1635589599609375,,0.26285791397094727,,0.6137747764587402,,,0.5703012943267822,,,,0.2789928913116455,0.6243758201599121,,,,,,,,1.3853158950805664,0.2671051025390625
1975,0.2891812324523926,0.5893549919128418,,,0.2691340446472168,,,,0.2723808288574219,,0.2760128974914551,0.26949501037597656,,0.5995588302612305,0.6001911163330078,,0.27234506607055664,0.7215471267700195,,1.2372031211853027,,,,,0.32131195068359375,0.27399611473083496,0.5512712001800537,0.27460503578186035,0.5337779521942139,,0.281904935836792,,1.3015329837799072,,,0.5627391338348389,,,,0.275784969329834,1.0588080883026123,,,,,,,,0.6130580902099609,0.5753378868103027
1976,0.28398799896240234,0.6281242370605469,,,0.25698375701904297,,,,0.2860379219055176,,0.2694668769836426,0.2679321765899658,,0.643139123916626,0.29140305519104004,,0.28632497787475586,0.5998079776763916,,0.9552247524261475,,,,,0.3161177635192871,0.29909801483154297,0.6034860610961914,0.25525975227355957,0.5256137847900391,,0.2585129737854004,,2.5359089374542236,,,0.5587377548217773,,,,0.2517380714416504,1.286257028579712,,,,,,,,1.0812292098999023,0.26421308517456055
1977,0.2909109592437744,0.6377363204956055,,,0.5510029792785645,,,,0.2595179080963135,,0.2702479362487793,0.248884916305542,,0.6433131694793701,0.3486900329589844,,0.30967187881469727,0.5935602188110352,,0.5725572109222412,,,,,0.3200948238372803,0.2710440158843994,1.2590420246124268,0.2714231014251709,1.1579911708831787,,0.2667379379272461,,0.5978949069976807,,,0.23390483856201172,,,,0.2694530487060547,0.690000057220459,,,,,,,,0.6232969760894775,0.5465738773345947
1978,0.28167200088500977,0.6084079742431641,,,0.5215647220611572,,,,0.2656900882720947,,0.27306580543518066,0.26145410537719727,,0.6482276916503906,0.5525062084197998,,0.2654390335083008,0.5931122303009033,,0.5612759590148926,,,,,0.320507287979126,0.28218603134155273,0.6075303554534912,0.26932597160339355,1.609637975692749,,0.25890612602233887,,0.5963058471679688,,,0.9471900463104248,,,,0.5629918575286865,0.603280782699585,,,,,,,,0.5733587741851807,0.28086018562316895
1979,0.28010082244873047,0.6291420459747314,,,0.5312480926513672,,,,0.30417895317077637,,0.29984116554260254,0.2768738269805908,,0.5973868370056152,0.5925610065460205,,0.264786958694458,0.6061718463897705,,0.879335880279541,,,,,0.3224961757659912,0.2712230682373047,0.6695501804351807,0.271381139755249,0.5169851779937744,,0.2621760368347168,,1.3494601249694824,,,0.8909320831298828,,,,0.25745201110839844,0.6063511371612549,,,,,,,,0.6152060031890869,0.5436019897460938
1980,0.2750420570373535,0.5979540348052979,,,0.5453512668609619,,,,0.2747359275817871,,0.2711801528930664,0.24898099899291992,,0.6678340435028076,0.28207993507385254,,0.28583192825317383,1.7666800022125244,,0.5923161506652832,,,,,0.3146347999572754,0.25734996795654297,0.6284520626068115,0.24629998207092285,1.1794171333312988,,0.26685214042663574,,3.3578832149505615,,,0.5810887813568115,,,,0.2761232852935791,0.6043558120727539,,,,,,,,0.6037459373474121,0.41499876976013184
1981,0.30116987228393555,0.6296508312225342,,,0.27762579917907715,,,,0.28294992446899414,,0.28130197525024414,0.2920060157775879,,1.0481572151184082,0.6245458126068115,,0.26890993118286133,0.5889909267425537,,0.597426176071167,,,,,0.31717419624328613,0.30046892166137695,0.568972110748291,0.251218318939209,1.1863107681274414,,0.26959705352783203,,0.6153810024261475,,,0.24019098281860352,,,,0.2760181427001953,0.6111860275268555,,,,,,,,0.5939879417419434,0.2576751708984375
1982,0.30524682998657227,0.5911831855773926,,,0.2669548988342285,,,,0.2648890018463135,,1.821195125579834,0.2561202049255371,,0.6187922954559326,0.2756221294403076,,0.3055307865142822,1.019087791442871,,0.5629477500915527,,,,,0.292949914932251,0.2729458808898926,1.0125339031219482,0.2752828598022461,3.2834157943725586,,0.27948784828186035,,20.1870219707489,,,0.6015758514404297,,,,0.26979517936706543,1.0396828651428223,,,,,,,,0.6073081493377686,0.2740659713745117
1983,0.2882959842681885,0.6197998523712158,,,0.5631439685821533,,,,0.28607606887817383,,0.297778844833374,0.26240086555480957,,0.6387321949005127,0.5954489707946777,,0.28896594047546387,0.5927739143371582,,0.5610649585723877,,,,,0.318450927734375,0.2833542823791504,0.5674898624420166,0.27133798599243164,1.2301769256591797,,0.2823960781097412,,20.322399139404297,,,0.9926929473876953,,,,0.3939201831817627,0.6113989353179932,,,,,,,,0.5890533924102783,0.24910378456115723
1984,0.2984428405761719,0.6356081962585449,,,0.5517199039459229,,,,0.2797670364379883,,0.2991306781768799,0.26343607902526855,,0.62211012840271,0.26715707778930664,,0.2699131965637207,1.018672227859497,,0.5684158802032471,,,,,0.3188462257385254,0.27849793434143066,1.2315919399261475,0.2711911201477051,0.5473880767822266,,0.27762293815612793,,1.32686185836792,,,0.5943968296051025,,,,0.27193307876586914,1.0490479469299316,,,,,,,,0.5961959362030029,1.7604279518127441
1985,0.284013032913208,0.6203241348266602,,,0.5375339984893799,,,,0.26540470123291016,,0.28815412521362305,0.2500462532043457,,0.6266653537750244,0.6250560283660889,,0.2759573459625244,2.1516311168670654,,0.590116024017334,,,,,0.337766170501709,0.2734639644622803,0.599297046661377,0.2539710998535156,1.1879217624664307,,0.2936818599700928,,0.5948741436004639,,,0.5387380123138428,,,,0.27266907691955566,0.5899600982666016,,,,,,,,0.5905117988586426,0.5502951145172119
1986,0.30094265937805176,0.6281380653381348,,,0.5772819519042969,,,,0.286545991897583,,0.292708158493042,0.2793159484863281,,0.5879249572753906,0.6224339008331299,,0.2660670280456543,0.5914711952209473,,0.5871689319610596,,,,,0.297558069229126,0.2718522548675537,18.89138412475586,0.2704451084136963,0.5018579959869385,,0.2812321186065674,,0.7219681739807129,,,0.5723071098327637,,,,0.25480222702026367,0.5990006923675537,,,,,,,,0.6440961360931396,0.5777418613433838
1987,0.3037252426147461,0.7625899314880371,,,0.2493760585784912,,,,0.270704984664917,,0.2818598747253418,0.26252174377441406,,0.6044838428497314,0.6211860179901123,,0.2930269241333008,0.6002318859100342,,0.554250955581665,,,,,0.2951161861419678,0.2694389820098877,1.4647979736328125,0.25319480895996094,1.2078678607940674,,0.2551248073577881,,2.963027000427246,,,0.2532658576965332,,,,0.25647878646850586,0.6143589019775391,,,,,,,,1.0612468719482422,0.5910978317260742
1988,0.2975351810455322,0.6199967861175537,,,0.24474000930786133,,,,0.28413891792297363,,0.2951517105102539,0.2625088691711426,,0.6467082500457764,0.6251099109649658,,0.2791881561279297,1.0145368576049805,,0.6063671112060547,,,,,0.3151359558105469,0.2514328956604004,10.527161121368408,0.29588770866394043,0.5924239158630371,,0.27184009552001953,,0.627133846282959,,,0.5802171230316162,,,,0.25376319885253906,0.6102931499481201,,,,,,,,1.0548889636993408,0.6523008346557617
1989,0.2810389995574951,0.6430089473724365,,,0.9988501071929932,,,,0.2910339832305908,,0.2734501361846924,0.25572705268859863,,1.3817238807678223,0.5938749313354492,,0.2727358341217041,0.6022970676422119,,0.5682411193847656,,,,,0.322253942489624,0.2798271179199219,19.332993984222412,0.2755463123321533,2.266327142715454,,0.2827780246734619,,1.4053759574890137,,,0.5762851238250732,,,,0.2413640022277832,0.6042168140411377,,,,,,,,0.6155118942260742,0.5712499618530273
1990,0.29295897483825684,0.6083078384399414,,,0.5657598972320557,,,,0.2790231704711914,,0.6950030326843262,0.2746241092681885,,0.3006420135498047,0.5955419540405273,,0.28183412551879883,0.5623869895935059,,0.5785322189331055,,,,,0.34442877769470215,0.28073692321777344,0.11098599433898926,0.2819492816925049,1.2466800212860107,,0.2931809425354004,,1.3464367389678955,,,0.5844931602478027,,,,0.6042399406433105,0.5927178859710693,,,,,,,,0.6076929569244385,0.29620933532714844
1991,0.29572033882141113,0.6234760284423828,,,0.24680590629577637,,,,0.2573719024658203,,1.030716896057129,0.2958719730377197,,0.6316728591918945,0.8348789215087891,,0.26827383041381836,1.7362749576568604,,0.5857710838317871,,,,,0.3102560043334961,0.3028881549835205,12.610774040222168,0.277630090713501,0.5620591640472412,,0.2795708179473877,,0.6229760646820068,,,0.6006309986114502,,,,0.25441694259643555,0.26981687545776367,,,,,,,,1.0464808940887451,0.582921028137207
1992,0.2941429615020752,0.6188929080963135,,,0.5198860168457031,,,,0.2738311290740967,,0.2717020511627197,0.2514197826385498,,0.6009018421173096,0.60611891746521,,0.3016231060028076,0.5746259689331055,,1.0547680854797363,,,,,0.3038358688354492,0.2638580799102783,1.0413050651550293,0.27591490745544434,1.207345962524414,,0.2715580463409424,,20.19827914237976,,,0.5699567794799805,,,,0.27053332328796387,0.6078891754150391,,,,,,,,0.6070137023925781,0.5550408363342285
1993,0.28784990310668945,0.6325340270996094,,,0.5803389549255371,,,,0.28332996368408203,,0.269406795501709,0.2796018123626709,,0.2913200855255127,0.6054770946502686,,0.2685878276824951,1.7831799983978271,,0.5652568340301514,,,,,0.3027830123901367,0.26102304458618164,1.7852809429168701,0.27242016792297363,1.2062439918518066,,0.25704503059387207,,1.7579989433288574,,,0.5587289333343506,,,,0.25363588333129883,0.6089401245117188,,,,,,,,0.590216875076294,0.5732560157775879
1994,0.28936076164245605,0.6178863048553467,,,0.2745349407196045,,,,0.29008007049560547,,0.2912142276763916,0.28162622451782227,,0.5881211757659912,0.641409158706665,,0.27042102813720703,1.3119518756866455,,0.5994203090667725,,,,,0.29499077796936035,0.25940489768981934,1.708249807357788,0.26775288581848145,1.9348931312561035,,0.2561941146850586,,20.41997981071472,,,1.0429229736328125,,,,0.6257259845733643,0.5625450611114502,,,,,,,,0.6087181568145752,0.5553841590881348
1995,0.2986929416656494,0.6411819458007812,,,0.5284342765808105,,,,0.2832632064819336,,0.2868001461029053,0.272230863571167,,1.0838980674743652,0.6252598762512207,,0.2692270278930664,0.5562782287597656,,0.5861420631408691,,,,,0.3223590850830078,0.2513711452484131,3.2596030235290527,0.2510530948638916,1.2094762325286865,,0.2699241638183594,,20.355422973632812,,,0.2502462863922119,,,,0.2523939609527588,3.1053969860076904,,,,,,,,1.0556151866912842,0.38793492317199707
1996,0.2826399803161621,0.6015889644622803,,,0.2355508804321289,,,,0.2683272361755371,,0.29498982429504395,0.2960970401763916,,0.6112320423126221,0.2925140857696533,,0.28813600540161133,0.963886022567749,,0.5574452877044678,,,,,0.31783294677734375,0.28191518783569336,6.92348313331604,0.27775001525878906,2.302501678466797,,0.28020596504211426,,0.682560920715332,,,0.28156304359436035,,,,0.27633094787597656,0.28502583503723145,,,,,,,,0.6196920871734619,1.53997802734375
1997,0.31937503814697266,0.6466100215911865,,,0.5677909851074219,,,,0.26088690757751465,,0.2896392345428467,0.28147101402282715,,0.2906019687652588,0.600273847579956,,0.31350183486938477,0.5914888381958008,,0.5597448348999023,,,,,0.31291699409484863,0.2543818950653076,2.431525230407715,0.25255608558654785,0.5662760734558105,,0.26892685890197754,,0.5847458839416504,,,0.2590022087097168,,,,0.27918124198913574,0.6112239360809326,,,,,,,,1.0646238327026367,0.2616848945617676
1998,0.28245973587036133,0.6211593151092529,,,1.1908369064331055,,,,0.25720906257629395,,0.2923121452331543,0.2697570323944092,,0.635462760925293,0.35778284072875977,,0.29315781593322754,0.998784065246582,,0.549901008605957,,,,,0.29897308349609375,0.2792990207672119,9.070497989654541,0.2890150547027588,0.5398969650268555,,0.2563478946685791,,0.6358070373535156,,,1.0349750518798828,,,,0.2931210994720459,2.12945294380188,,,,,,,,0.628593921661377,0.5618858337402344
1999,0.2775306701660156,0.6222851276397705,,,0.373640775680542,,,,0.3014349937438965,,0.31209897994995117,0.2539682388305664,,1.0757057666778564,0.2742919921875,,0.28280210494995117,0.5933520793914795,,0.5908920764923096,,,,,0.31136393547058105,0.2778918743133545,0.2613697052001953,0.2578251361846924,1.245316743850708,,0.2727200984954834,,1.3826439380645752,,,0.5590472221374512,,,,0.5440816879272461,0.6088070869445801,,,,,,,,0.5961480140686035,0.613976001739502
2000,0.29024267196655273,0.2973310947418213,,,0.9865162372589111,,,,0.27524304389953613,,0.29001712799072266,0.25706005096435547,,0.6573798656463623,0.5979583263397217,,0.27196788787841797,0.5619931221008301,,2.412163019180298,,,,,0.34549403190612793,0.27665090560913086,0.26372814178466797,0.2610480785369873,0.5589179992675781,,0.2901630401611328,,1.36906099319458,,,0.2563462257385254,,,,0.2966620922088623,1.9485130310058594,,,,,,,,0.7418169975280762,0.24363398551940918
2001,0.30071401596069336,0.6090562343597412,,,0.8571047782897949,,,,0.284168004989624,,0.27089405059814453,0.28645896911621094,,0.6167542934417725,0.2934119701385498,,0.27346181869506836,0.6055328845977783,,0.7902069091796875,,,,,0.3076610565185547,0.2878861427307129,15.630211114883423,0.2604212760925293,1.9134068489074707,,0.2658367156982422,,1.3776288032531738,,,0.27856898307800293,,,,0.26810383796691895,0.5833761692047119,,,,,,,,0.593177080154419,0.2860860824584961
2002,0.3246421813964844,0.5804688930511475,,,0.9308748245239258,,,,0.263519287109375,,0.2893249988555908,0.2544128894805908,,0.6675248146057129,0.6232740879058838,,0.3068239688873291,1.0225670337677002,,1.2760958671569824,,,,,0.2865598201751709,0.24868392944335938,4.707175970077515,0.2479870319366455,1.1870059967041016,,0.25130200386047363,,1.3284261226654053,,,0.269791841506958,,,,0.24974417686462402,0.5770571231842041,,,,,,,,0.587277889251709,0.612755298614502
2003,0.3046529293060303,0.6342718601226807,,,1.0253660678863525,,,,0.2597329616546631,,0.29279470443725586,0.27361369132995605,,0.5801410675048828,0.6230719089508057,,0.2705049514770508,0.5623321533203125,,0.5615720748901367,,,,,0.2904629707336426,0.26311612129211426,5.327553987503052,0.29172468185424805,1.961137056350708,,0.27372169494628906,,1.3797588348388672,,,0.252608060836792,,,,0.26557397842407227,0.5632269382476807,,,,,,,,0.5904841423034668,0.6167287826538086
2004,0.2820010185241699,0.6074659824371338,,,1.0167162418365479,,,,0.28014683723449707,,0.2925727367401123,0.2785787582397461,,0.6662070751190186,0.6006109714508057,,0.2854759693145752,1.7410809993743896,,0.579503059387207,,,,,0.28919219970703125,0.2640101909637451,5.52992582321167,0.27942895889282227,2.59256911277771,,0.25974392890930176,,0.6425321102142334,,,0.6215071678161621,,,,0.2725832462310791,0.5890560150146484,,,,,,,,0.6369788646697998,0.6210699081420898
2005,0.295651912689209,0.6186280250549316,,,1.233642816543579,,,,0.2852308750152588,,0.3098130226135254,0.27475404739379883,,0.6249580383300781,0.6833090782165527,,0.26719093322753906,0.5629949569702148,,0.5866918563842773,,,,,0.3379180431365967,0.25800609588623047,2.5001792907714844,0.2808208465576172,1.167672872543335,,0.2849400043487549,,0.625356912612915,,,0.2537689208984375,,,,0.3135991096496582,1.0788447856903076,,,,,,,,1.0480310916900635,0.6134798526763916
2006,0.2862098217010498,0.6031250953674316,,,0.5247001647949219,,,,0.26033592224121094,,0.29080915451049805,0.3004601001739502,,0.6301600933074951,0.28838396072387695,,0.280987024307251,0.5859067440032959,,0.5654206275939941,,,,,0.29838109016418457,0.293118953704834,0.26905298233032227,0.2780756950378418,0.5255930423736572,,0.2846698760986328,,0.5955929756164551,,,0.27361202239990234,,,,0.28177309036254883,0.5909082889556885,,,,,,,,0.6287610530853271,0.3156619071960449
2007,0.2933211326599121,0.6344711780548096,,,0.24332475662231445,,,,0.2681291103363037,,0.2670750617980957,0.2533740997314453,,0.8588528633117676,0.6824190616607666,,0.290651798248291,1.3764150142669678,,0.5745232105255127,,,,,0.3008842468261719,0.28072500228881836,3.876818895339966,0.2773771286010742,1.1920409202575684,,0.26752209663391113,,1.3853318691253662,,,0.6456308364868164,,,,0.2938079833984375,1.8209028244018555,,,,,,,,0.5763468742370605,0.6180300712585449
2008,0.29985618591308594,0.5845239162445068,,,1.2582621574401855,,,,0.28611087799072266,,0.27039599418640137,0.28051304817199707,,0.6709120273590088,0.6154639720916748,,0.2863888740539551,0.5614416599273682,,0.5660908222198486,,,,,0.3168220520019531,0.26583123207092285,5.43074107170105,0.2906479835510254,0.5609991550445557,,0.2871689796447754,,1.3639841079711914,,,0.2675650119781494,,,,0.6275067329406738,1.0339698791503906,,,,,,,,0.6180479526519775,0.6067860126495361
2009,0.28635120391845703,0.58962082862854,,,0.26012277603149414,,,,0.2952699661254883,,0.2759392261505127,0.2761521339416504,,0.28235626220703125,0.6249642372131348,,0.2616767883300781,1.3357219696044922,,1.03171706199646,,,,,0.29192328453063965,0.28224897384643555,2.526310920715332,0.2812049388885498,1.1848418712615967,,0.2622189521789551,,0.6048369407653809,,,0.2803061008453369,,,,0.30057692527770996,1.8689401149749756,,,,,,,,1.0686500072479248,0.6099529266357422
2010,0.2931709289550781,0.6440529823303223,,,0.8755848407745361,,,,0.27014899253845215,,0.29446911811828613,0.2734241485595703,,0.6516950130462646,0.27614521980285645,,0.2649269104003906,0.584874153137207,,0.5916299819946289,,,,,0.3433818817138672,0.25635576248168945,9.106316089630127,0.25751686096191406,1.1855683326721191,,0.28163599967956543,,1.3845312595367432,,,0.2709639072418213,,,,0.2650339603424072,0.5735130310058594,,,,,,,,0.5945279598236084,0.5923590660095215
2011,0.2830982208251953,0.6287531852722168,,,0.8629062175750732,,,,0.28522610664367676,,0.2772369384765625,0.2739269733428955,,0.6395761966705322,0.621110200881958,,0.28737616539001465,0.5943450927734375,,0.9444561004638672,,,,,0.3180508613586426,0.2918541431427002,2.024561882019043,0.29442620277404785,1.9622349739074707,,0.28484106063842773,,1.3898138999938965,,,0.28640294075012207,,,,0.2538168430328369,1.8853850364685059,,,,,,,,0.6192488670349121,0.30248308181762695
2012,0.29390382766723633,0.6158652305603027,,,1.2305622100830078,,,,0.26804232597351074,,0.2745530605316162,0.2670290470123291,,0.6425349712371826,0.27640485763549805,,0.28516316413879395,0.599266767501831,,1.2907309532165527,,,,,0.2965250015258789,0.29273509979248047,2.442500114440918,0.2624640464782715,0.5233168601989746,,0.27644991874694824,,3.2845699787139893,,,0.26082301139831543,,,,0.26311397552490234,1.0531558990478516,,,,,,,,0.6262917518615723,0.8154511451721191
2013,0.2748448848724365,0.629936933517456,,,0.5617821216583252,,,,0.25563693046569824,,0.2800161838531494,0.2553589344024658,,0.6504397392272949,0.5803041458129883,,0.2869408130645752,3.5968070030212402,,0.5959739685058594,,,,,0.3103361129760742,0.2575571537017822,0.6902542114257812,0.28406286239624023,0.5557670593261719,,0.26989197731018066,,1.3898379802703857,,,0.2683751583099365,,,,0.28931403160095215,1.0800888538360596,,,,,,,,0.6258420944213867,0.24248504638671875
2014,0.27649688720703125,0.6119081974029541,,,1.2703611850738525,,,,0.3035280704498291,,0.29566383361816406,0.25266599655151367,,1.0649709701538086,0.6590597629547119,,0.2666950225830078,1.7616078853607178,,0.611854076385498,,,,,0.2996938228607178,0.2664928436279297,3.5487701892852783,0.25603413581848145,0.5669379234313965,,0.28999996185302734,,1.3707971572875977,,,0.28458285331726074,,,,0.2887139320373535,0.29706311225891113,,,,,,,,0.6199381351470947,0.5945541858673096
2015,0.30081892013549805,0.6087939739227295,,,0.2561981678009033,,,,0.2734968662261963,,0.2871108055114746,0.26770520210266113,,0.6485388278961182,0.6672890186309814,,0.28690099716186523,1.4263858795166016,,0.614267110824585,,,,,0.3211379051208496,0.25568675994873047,13.819368839263916,0.27072596549987793,1.2189409732818604,,0.2808241844177246,,1.350013017654419,,,0.268967866897583,,,,0.2831428050994873,1.335841178894043,,,,,,,,0.5919721126556396,0.6068909168243408
2016,0.27899885177612305,1.0873651504516602,,,0.2677147388458252,,,,0.2830801010131836,,0.2876288890838623,0.27567386627197266,,0.5987899303436279,0.5894629955291748,,0.26224303245544434,0.5958070755004883,,0.5735659599304199,,,,,0.3171660900115967,0.28251004219055176,3.9399328231811523,0.2529630661010742,1.2278060913085938,,0.2853231430053711,,20.466890811920166,,,0.2824840545654297,,,,0.2740921974182129,1.0521130561828613,,,,,,,,1.0745317935943604,1.262019157409668
2017,0.32465100288391113,0.5826539993286133,,,0.2527318000793457,,,,0.2720661163330078,,0.2968430519104004,0.2624938488006592,,0.677642822265625,0.2809422016143799,,0.2851569652557373,2.0696449279785156,,0.5584487915039062,,,,,0.29651594161987305,0.2520301342010498,13.196174144744873,0.2518432140350342,1.6615808010101318,,0.261944055557251,,20.44434928894043,,,0.2731351852416992,,,,0.2712569236755371,1.4212889671325684,,,,,,,,1.0392861366271973,1.3373489379882812
2018,0.2995760440826416,0.6138100624084473,,,0.9232721328735352,,,,0.282484769821167,,0.29554319381713867,0.2591097354888916,,0.6397628784179688,0.2776310443878174,,0.28163695335388184,0.7575292587280273,,1.277799129486084,,,,,0.3151540756225586,0.2578411102294922,0.26555895805358887,0.29199790954589844,0.5358471870422363,,0.26843714714050293,,1.3246879577636719,,,0.28272199630737305,,,,0.25880908966064453,0.5965750217437744,,,,,,,,0.5883610248565674,0.611457109451294
2019,0.29508090019226074,0.5881521701812744,,,0.25800490379333496,,,,0.2839946746826172,,0.28947901725769043,0.26178884506225586,,0.6387300491333008,0.6245360374450684,,0.2801508903503418,0.5662989616394043,,0.5935022830963135,,,,,0.2945687770843506,0.2705209255218506,19.346594095230103,0.2778501510620117,1.9954957962036133,,0.2846977710723877,,1.3586440086364746,,,0.25899791717529297,,,,0.30739712715148926,1.6493239402770996,,,,,,,,1.024420976638794,0.5923092365264893
2020,0.28206419944763184,0.5894041061401367,,,0.24103403091430664,,,,0.28586506843566895,,0.31162309646606445,0.28507423400878906,,0.6225411891937256,0.2637908458709717,,0.26781702041625977,2.476816177368164,,1.4986071586608887,,,,,0.3296661376953125,0.2563972473144531,19.050697803497314,0.2832221984863281,0.527101993560791,,0.2932159900665283,,1.753324031829834,,,0.3216280937194824,,,,0.26456499099731445,2.1669960021972656,,,,,,,,0.5880072116851807,0.5909209251403809
2021,0.2684779167175293,0.5959370136260986,,,0.2446601390838623,,,,0.258526086807251,,0.2872319221496582,0.2985811233520508,,0.6056170463562012,0.5894429683685303,,0.28057312965393066,0.6035559177398682,,0.5589771270751953,,,,,0.3034498691558838,0.28261590003967285,19.115834712982178,0.2751438617706299,1.142146110534668,,0.28085923194885254,,0.8869531154632568,,,0.28406500816345215,,,,0.2586700916290283,0.5902812480926514,,,,,,,,0.5616738796234131,0.5731582641601562
2022,0.29417920112609863,0.59574294090271,,,0.2672770023345947,,,,0.27930593490600586,,0.29615187644958496,0.256486177444458,,0.5850629806518555,0.66145920753479,,0.2891061305999756,1.7242050170898438,,0.54740309715271,,,,,0.3033308982849121,0.26384401321411133,19.09796929359436,0.27706336975097656,1.6233751773834229,,0.2716329097747803,,1.360964059829712,,,0.2767469882965088,,,,0.26065993309020996,0.5923340320587158,,,,,,,,0.5933890342712402,0.630518913269043
2023,0.27431607246398926,0.5976641178131104,,,0.4586961269378662,,,,0.2712111473083496,,0.26785731315612793,0.2759218215942383,,1.3458070755004883,0.6115350723266602,,0.26410508155822754,0.9841320514678955,,0.6096832752227783,,,,,0.31252002716064453,0.25343894958496094,0.5518782138824463,0.296875,1.189852237701416,,0.2768409252166748,,1.3574647903442383,,,0.27928709983825684,,,,0.5586600303649902,0.6098160743713379,,,,,,,,0.589561939239502,0.631004810333252
2024,0.27299022674560547,0.5913660526275635,,,1.2253880500793457,,,,0.30209994316101074,,0.29111576080322266,0.2792220115661621,,0.6207869052886963,2.5480010509490967,,0.2830851078033447,1.3714759349822998,,1.0277559757232666,,,,,0.29363393783569336,0.25247716903686523,19.12079095840454,0.25537919998168945,1.231440782546997,,0.2595500946044922,,1.3804280757904053,,,0.2948269844055176,,,,0.5801680088043213,1.0954439640045166,,,,,,,,1.1028237342834473,0.6044011116027832
2025,0.2869911193847656,0.6399612426757812,,,0.25566697120666504,,,,0.2763328552246094,,0.31425929069519043,0.2766900062561035,,0.6246547698974609,1.0383861064910889,,0.2702629566192627,0.5384159088134766,,2.4504752159118652,,,,,0.3155648708343506,0.2707710266113281,18.88299798965454,0.26889491081237793,1.261207103729248,,0.28888487815856934,,1.38720703125,,,0.2785956859588623,,,,0.2566108703613281,0.6003227233886719,,,,,,,,0.6338098049163818,0.6205530166625977
2026,0.28986501693725586,0.6055030822753906,,,0.5394399166107178,,,,0.27518200874328613,,0.2862887382507324,0.2959296703338623,,0.6121149063110352,1.044311761856079,,0.2829771041870117,1.0162501335144043,,1.076347827911377,,,,,0.3170969486236572,0.26840806007385254,19.345645904541016,0.2547190189361572,0.5330140590667725,,0.28937602043151855,,1.3124399185180664,,,0.26862192153930664,,,,0.48058605194091797,0.575624942779541,,,,,,,,0.620103120803833,0.2809159755706787
2027,0.3144688606262207,0.5997819900512695,,,1.2258760929107666,,,,0.2691831588745117,,0.27283716201782227,0.2771792411804199,,1.1002490520477295,0.30062294006347656,,0.286423921585083,0.5817561149597168,,1.0668649673461914,,,,,0.31937193870544434,0.2773001194000244,,0.2685890197753906,0.5150291919708252,,0.26576876640319824,,1.361077070236206,,,0.6581509113311768,,,,0.5610191822052002,4.113469839096069,,,,,,,,1.0926878452301025,0.591393232345581
2028,0.2863180637359619,0.605579137802124,,,0.524118185043335,,,,0.2600979804992676,,0.2742137908935547,0.2694687843322754,,1.070429801940918,0.27123212814331055,,0.28473496437072754,0.6114377975463867,,0.5918369293212891,,,,,0.3213207721710205,0.280393123626709,,0.27501702308654785,0.5649290084838867,,0.2879161834716797,,1.349632978439331,,,0.28424811363220215,,,,0.26258087158203125,5.109025955200195,,,,,,,,1.037287950515747,0.6091320514678955
2029,0.26978111267089844,0.6455929279327393,,,0.9566397666931152,,,,0.30121898651123047,,0.27175402641296387,0.25118589401245117,,0.6143369674682617,1.4411799907684326,,0.26822400093078613,0.5851268768310547,,1.726656198501587,,,,,0.31455397605895996,0.2725210189819336,,0.2657968997955322,3.619813919067383,,0.268507719039917,,0.5917701721191406,,,0.26706790924072266,,,,0.5491020679473877,1.081528902053833,,,,,,,,0.6169800758361816,0.5840833187103271
2030,0.29482507705688477,0.9855790138244629,,,0.5431680679321289,,,,0.28019094467163086,,1.0661289691925049,0.2627720832824707,,0.6283109188079834,0.29843616485595703,,0.26104187965393066,1.1317379474639893,,3.173963785171509,,,,,0.346221923828125,0.27384495735168457,,0.25798702239990234,1.2122607231140137,,0.30231404304504395,,20.4916090965271,,,0.2748899459838867,,,,0.5914638042449951,0.9872150421142578,,,,,,,,0.6167540550231934,0.6211998462677002
2031,0.2943100929260254,0.6272132396697998,,,0.31001996994018555,,,,0.26514315605163574,,0.29341793060302734,0.29056406021118164,,0.5963249206542969,0.28166794776916504,,0.28501319885253906,0.5669450759887695,,1.2533109188079834,,,,,0.2950880527496338,0.3014068603515625,,0.2561919689178467,0.5622680187225342,,0.2584700584411621,,20.517022848129272,,,0.2760152816772461,,,,0.28063416481018066,1.0617940425872803,,,,,,,,0.6336967945098877,0.6493270397186279
2032,0.3093101978302002,0.6373882293701172,,,0.5417482852935791,,,,0.26436614990234375,,0.26864194869995117,0.2818171977996826,,0.6100459098815918,1.0317959785461426,,0.2872428894042969,0.5837481021881104,,1.7662298679351807,,,,,0.3227689266204834,0.25783681869506836,,0.26815080642700195,1.1872210502624512,,0.27016401290893555,,1.3896090984344482,,,0.64406418800354,,,,0.32485032081604004,2.102184772491455,,,,,,,,0.5931968688964844,0.638624906539917
2033,0.2910289764404297,0.6250460147857666,,,0.26047420501708984,,,,0.2838008403778076,,0.27640485763549805,0.26810526847839355,,0.6591730117797852,1.0759737491607666,,0.28577589988708496,0.5912389755249023,,0.6089279651641846,,,,,0.3193550109863281,0.27480196952819824,,0.2875387668609619,1.1796109676361084,,0.28681421279907227,,20.463191032409668,,,0.2867851257324219,,,,0.5380101203918457,1.8414299488067627,,,,,,,,1.1035218238830566,0.6037890911102295
2034,0.2826728820800781,0.6277389526367188,,,0.2532789707183838,,,,0.28975629806518555,,0.655555009841919,0.25997114181518555,,0.6178421974182129,0.6398251056671143,,0.26741814613342285,0.6018779277801514,,1.8667750358581543,,,,,0.31667184829711914,0.28307485580444336,,0.28482985496520996,2.3149020671844482,,0.2682077884674072,,19.621274948120117,,,0.2684919834136963,,,,0.5589449405670166,0.6212050914764404,,,,,,,,0.5720617771148682,0.5967469215393066
2035,0.27997803688049316,0.6167380809783936,,,0.5374488830566406,,,,0.2595179080963135,,0.29273390769958496,0.2651641368865967,,0.6442198753356934,1.0797431468963623,,0.2837998867034912,0.5833961963653564,,2.0723297595977783,,,,,0.3213522434234619,0.2714881896972656,,0.26921701431274414,0.5587673187255859,,0.3050999641418457,,,,,0.2752718925476074,,,,0.5601272583007812,1.248621940612793,,,,,,,,0.5993239879608154,0.588170051574707
2036,0.2661118507385254,0.6476938724517822,,,0.5313820838928223,,,,0.2710881233215332,,0.29181528091430664,0.2707939147949219,,0.6374492645263672,1.4177169799804688,,0.26694393157958984,0.5604970455169678,,2.545258045196533,,,,,0.30634379386901855,0.30153799057006836,,0.2865629196166992,1.2018449306488037,,0.263416051864624,,,,,0.27667927742004395,,,,0.5702331066131592,0.6444499492645264,,,,,,,,1.4626450538635254,0.6427068710327148
2037,0.2944910526275635,0.6396198272705078,,,0.5604310035705566,,,,0.26320624351501465,,0.26621103286743164,0.25157785415649414,,0.649482011795044,1.10148024559021,,0.3083059787750244,0.5961980819702148,,0.9905316829681396,,,,,0.3021841049194336,0.27494120597839355,,0.2649228572845459,0.5347309112548828,,0.2622089385986328,,,,,0.281588077545166,,,,0.5657262802124023,0.6096038818359375,,,,,,,,0.619204044342041,0.27437496185302734
2038,0.27916789054870605,0.6361401081085205,,,1.6013896465301514,,,,0.26297783851623535,,0.2736029624938965,0.27545976638793945,,0.6181590557098389,0.2937178611755371,,0.2660989761352539,1.3930890560150146,,0.5936641693115234,,,,,0.2936551570892334,0.27626991271972656,,0.30408406257629395,1.5023596286773682,,0.28548622131347656,,,,,0.2835838794708252,,,,0.28928685188293457,1.8384277820587158,,,,,,,,0.6417021751403809,1.027630090713501
2039,0.2982919216156006,0.2603609561920166,,,0.26520204544067383,,,,0.30470776557922363,,0.27058911323547363,0.2785501480102539,,0.6411340236663818,0.3006000518798828,,0.2918109893798828,0.5848777294158936,,1.0331590175628662,,,,,0.29723095893859863,0.25838708877563477,,0.26093006134033203,0.24891996383666992,,0.26230597496032715,,,,,0.26900696754455566,,,,0.5790951251983643,1.0440590381622314,,,,,,,,1.132235050201416,0.5883700847625732
2040,0.28620100021362305,0.6469681262969971,,,0.2595100402832031,,,,0.2769501209259033,,0.27071094512939453,0.27635788917541504,,0.6455512046813965,0.2742187976837158,,0.2934901714324951,1.75559401512146,,3.3915350437164307,,,,,0.32514500617980957,0.2714231014251709,,0.2730600833892822,1.2084498405456543,,0.2828662395477295,,,,,0.2832529544830322,,,,0.5465860366821289,0.5903961658477783,,,,,,,,1.0899229049682617,1.0169079303741455
2041,0.2966289520263672,0.5976548194885254,,,0.287294864654541,,,,0.26635193824768066,,0.26644301414489746,0.27141308784484863,,0.6175901889801025,0.2600669860839844,,0.28821516036987305,0.5905110836029053,,0.5846710205078125,,,,,0.3200259208679199,0.3027632236480713,,0.28021812438964844,1.1871659755706787,,0.28810811042785645,,,,,0.2684757709503174,,,,0.6203329563140869,0.611548900604248,,,,,,,,0.8181643486022949,0.2852051258087158
2042,0.3081052303314209,0.6286270618438721,,,1.1995282173156738,,,,0.2834930419921875,,0.29314184188842773,0.26125121116638184,,0.6229047775268555,0.2752048969268799,,0.30995798110961914,1.7726950645446777,,0.9898560047149658,,,,,0.3012080192565918,0.27469682693481445,,0.27283191680908203,1.2463219165802002,,0.2673220634460449,,,,,0.30695009231567383,,,,0.5814080238342285,0.3059062957763672,,,,,,,,0.6416587829589844,0.605320930480957
2043,0.2952601909637451,0.6154370307922363,,,0.953380823135376,,,,0.25606703758239746,,0.29199695587158203,0.27170491218566895,,0.29236912727355957,0.2935168743133545,,0.2695937156677246,1.313171148300171,,0.5595030784606934,,,,,0.3219730854034424,0.28316593170166016,,0.2903099060058594,1.615299940109253,,0.2583029270172119,,,,,0.6250920295715332,,,,0.5757777690887451,0.5888230800628662,,,,,,,,0.656965970993042,0.6104297637939453
2044,0.27338075637817383,0.6088051795959473,,,0.5682287216186523,,,,0.30085110664367676,,0.29138708114624023,0.24993896484375,,0.6234409809112549,0.2671778202056885,,0.27992701530456543,0.5841639041900635,,1.2366631031036377,,,,,0.30333495140075684,0.2650260925292969,,0.28852128982543945,1.684032917022705,,0.26415300369262695,,,,,0.25714826583862305,,,,0.5930471420288086,0.5696837902069092,,,,,,,,1.1027913093566895,0.5669162273406982
2045,0.27822208404541016,0.6513190269470215,,,0.5848701000213623,,,,0.26908302307128906,,0.26670169830322266,0.249833345413208,,0.6250600814819336,0.25165486335754395,,0.2648751735687256,0.5840549468994141,,1.0572071075439453,,,,,0.33612990379333496,0.28371286392211914,,0.26290297508239746,1.9819400310516357,,0.3020961284637451,,,,,0.28986024856567383,,,,0.25264525413513184,1.072969913482666,,,,,,,,1.4710500240325928,0.6211769580841064
2046,0.2729909420013428,0.6384241580963135,,,0.30593109130859375,,,,0.28659796714782715,,0.29402804374694824,0.2926950454711914,,0.3031938076019287,0.2770109176635742,,0.27108192443847656,0.5609090328216553,,1.69632887840271,,,,,0.29840683937072754,0.290424108505249,,0.2586092948913574,1.6614339351654053,,0.2587888240814209,,,,,0.28645896911621094,,,,0.5636930465698242,0.6461899280548096,,,,,,,,1.1070897579193115,0.23685932159423828
2047,0.2967989444732666,0.6199650764465332,,,1.2190098762512207,,,,0.2702317237854004,,0.29314112663269043,0.25071001052856445,,1.3859550952911377,0.2802722454071045,,0.29606103897094727,0.5950119495391846,,1.219048023223877,,,,,0.31558895111083984,0.2600090503692627,,0.29145312309265137,11.13320803642273,,0.2675461769104004,,,,,0.26877474784851074,,,,0.30548095703125,2.831934928894043,,,,,,,,1.1145758628845215,0.6075589656829834
2048,0.2769162654876709,0.5998280048370361,,,0.5625100135803223,,,,0.28196191787719727,,0.2859828472137451,0.27547502517700195,,0.6207900047302246,0.2929039001464844,,0.27954721450805664,0.5975100994110107,,1.1198651790618896,,,,,0.3275001049041748,0.28429388999938965,,0.28579092025756836,0.650454044342041,,0.2852439880371094,,,,,0.27636003494262695,,,,0.5426268577575684,1.7768809795379639,,,,,,,,0.5948991775512695,0.838947057723999
2049,0.27077412605285645,0.6122539043426514,,,0.2501680850982666,,,,0.28418803215026855,,0.2786219120025635,0.2693037986755371,,0.6103129386901855,1.071587085723877,,0.26874804496765137,2.4808778762817383,,1.5874431133270264,,,,,0.32369303703308105,0.2663419246673584,,0.28606414794921875,0.5641031265258789,,0.2771890163421631,,,,,0.2850959300994873,,,,0.5834310054779053,0.5692508220672607,,,,,,,,1.1375792026519775,1.2546849250793457
2050,0.2773129940032959,0.6399638652801514,,,1.0411169528961182,,,,0.2646830081939697,,0.2916679382324219,0.26543498039245605,,0.6357612609863281,0.26935696601867676,,0.29044413566589355,2.1380929946899414,,1.681993007659912,,,,,0.3244481086730957,0.288010835647583,,0.265596866607666,1.965158224105835,,0.2973899841308594,,,,,0.26851487159729004,,,,0.7211129665374756,1.669245958328247,,,,,,,,0.6221408843994141,0.6051828861236572
2051,0.2687370777130127,0.6404528617858887,,,0.26760196685791016,,,,0.28575587272644043,,0.26746487617492676,0.27097511291503906,,0.650355339050293,0.2725341320037842,,0.28856706619262695,0.9955248832702637,,0.5939619541168213,,,,,0.30464720726013184,0.2965092658996582,,0.2865898609161377,1.2174179553985596,,0.2776820659637451,,,,,0.2657480239868164,,,,0.5955948829650879,0.5982940196990967,,,,,,,,1.1262729167938232,0.6062397956848145
2052,0.29771924018859863,0.648021936416626,,,0.24043607711791992,,,,0.2662830352783203,,0.2953033447265625,0.2581000328063965,,0.5997018814086914,0.6353638172149658,,0.3114020824432373,0.5811209678649902,,1.0720932483673096,,,,,0.3290438652038574,0.26740312576293945,,0.2680246829986572,0.5158052444458008,,0.27481532096862793,,,,,0.2625279426574707,,,,1.027785062789917,1.4769532680511475,,,,,,,,0.6174511909484863,0.2781658172607422
2053,0.27103090286254883,0.6388499736785889,,,1.2714402675628662,,,,0.2868480682373047,,0.2708759307861328,0.26677393913269043,,0.6421959400177002,0.27845001220703125,,0.2694427967071533,1.032271146774292,,1.7413570880889893,,,,,0.2988250255584717,0.2835390567779541,,0.3035449981689453,0.5449099540710449,,0.2554819583892822,,,,,0.28971099853515625,,,,0.5820133686065674,0.6313810348510742,,,,,,,,0.6112828254699707,0.5748250484466553
2054,0.2747037410736084,0.6228322982788086,,,0.564687967300415,,,,0.2881662845611572,,0.28795599937438965,0.2514810562133789,,0.6603808403015137,0.25734710693359375,,0.29444313049316406,0.9555201530456543,,0.6420590877532959,,,,,0.32328295707702637,0.25781679153442383,,0.25670409202575684,1.2297070026397705,,0.280534029006958,,,,,0.2648189067840576,,,,0.25525498390197754,0.6124622821807861,,,,,,,,0.643470048904419,1.307708978652954
2055,0.28207898139953613,0.6262478828430176,,,0.5699260234832764,,,,0.2787349224090576,,0.25176000595092773,0.2721681594848633,,0.6035819053649902,0.27132487297058105,,0.28653812408447266,0.6005916595458984,,1.0612878799438477,,,,,0.3252139091491699,0.2750101089477539,,0.271085262298584,0.565540075302124,,0.29438209533691406,,,,,0.2858760356903076,,,,0.4694380760192871,1.3035211563110352,,,,,,,,0.621453046798706,0.5927808284759521
2056,0.2928628921508789,0.6436300277709961,,,0.24748587608337402,,,,0.27003002166748047,,0.2726161479949951,0.27127504348754883,,0.6239159107208252,0.2739741802215576,,0.29712605476379395,0.5690150260925293,,0.5907609462738037,,,,,0.3151862621307373,0.3050229549407959,,0.2833669185638428,1.9352951049804688,,0.27845191955566406,,,,,0.2680058479309082,,,,0.585723876953125,0.5997202396392822,,,,,,,,0.6564540863037109,0.5992929935455322
2057,0.313032865524292,0.6410300731658936,,,0.5792751312255859,,,,0.2640688419342041,,0.27310681343078613,0.27013278007507324,,0.6435928344726562,0.27860593795776367,,0.3063962459564209,0.60542893409729,,1.2252941131591797,,,,,0.3215670585632324,0.2597768306732178,,0.2750399112701416,0.5650801658630371,,0.278245210647583,,,,,0.2751448154449463,,,,0.25569915771484375,0.6186788082122803,,,,,,,,0.6355249881744385,0.5876779556274414
2058,0.2680189609527588,0.6188070774078369,,,0.537327766418457,,,,0.280440092086792,,0.24872803688049316,0.2516040802001953,,0.6052069664001465,0.2654440402984619,,0.2933838367462158,0.9744179248809814,,1.6825799942016602,,,,,0.3167390823364258,0.29148006439208984,,0.2958247661590576,1.2140181064605713,,0.2731809616088867,,,,,0.25989222526550293,,,,0.2895519733428955,2.6136982440948486,,,,,,,,0.6284022331237793,0.5947988033294678
2059,0.29521775245666504,0.776231050491333,,,1.2418310642242432,,,,0.29329514503479004,,0.2790861129760742,0.2513737678527832,,0.6235177516937256,1.03153395652771,,0.2898280620574951,0.6120929718017578,,1.310966968536377,,,,,0.3246190547943115,0.26403307914733887,,0.27950000762939453,1.933851957321167,,0.2719309329986572,,,,,0.28075718879699707,,,,0.5902190208435059,0.568566083908081,,,,,,,,0.6469099521636963,0.5865740776062012
2060,0.299454927444458,0.6102430820465088,,,0.5607249736785889,,,,0.2792179584503174,,0.27519798278808594,0.27680206298828125,,0.6420161724090576,0.24860191345214844,,0.267549991607666,1.0240910053253174,,0.5627679824829102,,,,,0.32872915267944336,0.28550004959106445,,0.2719559669494629,0.9289426803588867,,0.3034698963165283,,,,,0.2865769863128662,,,,0.5777678489685059,3.417186737060547,,,,,,,,0.6160669326782227,1.326643943786621
2061,0.2741689682006836,0.6088628768920898,,,0.5613470077514648,,,,0.2804882526397705,,0.256119966506958,0.29936695098876953,,0.6445341110229492,0.27313685417175293,,0.3040900230407715,2.5267038345336914,,0.9828360080718994,,,,,0.292482852935791,0.28030896186828613,,0.26348304748535156,1.2489380836486816,,0.2598540782928467,,,,,0.31405162811279297,,,,0.2772951126098633,0.5900628566741943,,,,,,,,0.6237537860870361,2.0474390983581543
2062,0.2917978763580322,0.6202969551086426,,,1.2712640762329102,,,,0.2691929340362549,,0.2806708812713623,0.27426886558532715,,0.6210858821868896,0.2745800018310547,,0.29633092880249023,0.5782618522644043,,1.066901683807373,,,,,0.31862688064575195,0.263577938079834,,0.26697802543640137,1.2334811687469482,,0.27470898628234863,,,,,0.2903878688812256,,,,0.28668999671936035,0.6048710346221924,,,,,,,,1.0531268119812012,0.5894861221313477
2063,0.2778201103210449,0.6519510746002197,,,0.2543520927429199,,,,0.2807009220123291,,0.30153322219848633,0.2807459831237793,,0.6216702461242676,0.2759060859680176,,0.2740180492401123,0.9866929054260254,,1.0456840991973877,,,,,0.31714606285095215,0.2920839786529541,,0.27875494956970215,18.467206954956055,,0.2747070789337158,,,,,0.26608991622924805,,,,0.2794969081878662,0.6388769149780273,,,,,,,,0.6416471004486084,0.5696301460266113
2064,0.2742280960083008,0.6180689334869385,,,0.24601221084594727,,,,0.2866668701171875,,0.31829094886779785,0.26623988151550293,,0.6483871936798096,0.2751889228820801,,0.2750821113586426,3.9633610248565674,,1.0277540683746338,,,,,0.29315686225891113,0.2628629207611084,,0.2608649730682373,18.39900493621826,,0.27533388137817383,,,,,0.655724048614502,,,,0.6145451068878174,2.995979070663452,,,,,,,,0.6859939098358154,1.0152158737182617
2065,0.2731592655181885,0.9411590099334717,,,0.8823912143707275,,,,0.2654399871826172,,0.6241769790649414,0.2623169422149658,,0.5991621017456055,0.6552944183349609,,0.2740061283111572,2.4306910037994385,,1.494992971420288,,,,,0.3383321762084961,0.2902989387512207,,0.26257991790771484,0.5627429485321045,,0.30629777908325195,,,,,0.27071595191955566,,,,0.27757716178894043,1.0650789737701416,,,,,,,,0.6405401229858398,0.5439958572387695
2066,0.2748229503631592,0.6320230960845947,,,0.5689918994903564,,,,0.27922797203063965,,0.26035308837890625,0.28533363342285156,,1.0684120655059814,0.2704038619995117,,0.2738938331604004,0.5623328685760498,,0.5908572673797607,,,,,0.31929779052734375,0.2880730628967285,,0.2862129211425781,1.194633960723877,,0.26316022872924805,,,,,0.24822616577148438,,,,0.584237813949585,1.7478840351104736,,,,,,,,0.5992450714111328,0.5831558704376221
2067,0.31953001022338867,0.6114799976348877,,,0.2671480178833008,,,,0.2858419418334961,,0.27614808082580566,0.27388596534729004,,0.6334469318389893,0.2844090461730957,,0.291079044342041,0.9707231521606445,,1.2397239208221436,,,,,0.32460713386535645,0.2785770893096924,,0.27027082443237305,1.2201118469238281,,0.28698110580444336,,,,,0.2700622081756592,,,,0.2699921131134033,2.1428420543670654,,,,,,,,0.622891902923584,0.6282289028167725
2068,0.29140210151672363,0.6069750785827637,,,0.5509638786315918,,,,0.2886662483215332,,0.2738819122314453,0.28060007095336914,,0.6373848915100098,0.3033273220062256,,0.2743709087371826,1.7151799201965332,,0.5579142570495605,,,,,0.2970600128173828,0.2642538547515869,,0.27750182151794434,11.441235780715942,,0.26098203659057617,,,,,0.28701114654541016,,,,0.6068642139434814,4.560011863708496,,,,,,,,0.6234891414642334,0.6357131004333496
2069,0.28666090965270996,0.6289749145507812,,,0.600700855255127,,,,0.2900681495666504,,0.2486100196838379,0.27875614166259766,,0.6279590129852295,0.2774519920349121,,0.30086278915405273,1.001101016998291,,0.5823280811309814,,,,,0.31209802627563477,0.2574610710144043,,0.26596498489379883,0.5263581275939941,,0.26378512382507324,,,,,0.29071712493896484,,,,0.282027006149292,0.655432939529419,,,,,,,,0.6194972991943359,0.5851600170135498
2070,0.2985401153564453,0.6228649616241455,,,0.5626258850097656,,,,0.2715768814086914,,0.275343656539917,0.27583837509155273,,0.6264729499816895,0.2764568328857422,,0.2835509777069092,0.6056990623474121,,3.387346029281616,,,,,0.34610581398010254,0.26062488555908203,,0.28282999992370605,0.5596299171447754,,0.306934118270874,,,,,0.2930440902709961,,,,0.302670955657959,0.5831630229949951,,,,,,,,0.5941922664642334,1.234283208847046
2071,0.28040003776550293,0.6239609718322754,,,0.5306758880615234,,,,0.2848849296569824,,0.2736818790435791,0.2916300296783447,,0.6115689277648926,0.2742042541503906,,0.29538774490356445,0.9622328281402588,,1.0287222862243652,,,,,0.32079219818115234,0.2799510955810547,,0.26423192024230957,1.2308518886566162,,0.2699570655822754,,,,,0.5211021900177002,,,,0.2572469711303711,2.550607204437256,,,,,,,,0.6441278457641602,1.0353751182556152
2072,0.2928190231323242,0.6219539642333984,,,0.28139281272888184,,,,0.2636899948120117,,0.271207332611084,0.28055906295776367,,0.6300561428070068,0.2728400230407715,,0.3144509792327881,0.6093850135803223,,0.591778039932251,,,,,0.3230719566345215,0.2618279457092285,,0.2858603000640869,0.534041166305542,,0.2864391803741455,,,,,0.2783842086791992,,,,0.26600098609924316,3.847971200942993,,,,,,,,0.6455419063568115,0.6289751529693604
2073,0.3299520015716553,0.6188139915466309,,,1.2068819999694824,,,,0.2669670581817627,,0.2927401065826416,0.25835490226745605,,0.6164448261260986,0.24979209899902344,,0.27977609634399414,0.5907139778137207,,1.283027172088623,,,,,0.30571699142456055,0.2606210708618164,,0.28739213943481445,1.2344262599945068,,0.2642781734466553,,,,,0.309039831161499,,,,0.2979090213775635,0.6339111328125,,,,,,,,0.6343059539794922,0.599625825881958
2074,0.28832483291625977,0.5885128974914551,,,0.26935911178588867,,,,0.3065671920776367,,0.26134490966796875,0.2739701271057129,,0.6232459545135498,0.27378201484680176,,0.276486873626709,2.492495059967041,,0.551581859588623,,,,,0.30779004096984863,0.2642049789428711,,0.2781097888946533,10.166054248809814,,0.2859480381011963,,,,,0.6440818309783936,,,,0.4088168144226074,0.597898006439209,,,,,,,,0.6059539318084717,0.611732006072998
2075,0.30022192001342773,0.6463687419891357,,,1.2647197246551514,,,,0.2966430187225342,,0.2696037292480469,0.2808837890625,,0.6237390041351318,0.27721190452575684,,0.2722599506378174,1.3737452030181885,,1.718217134475708,,,,,0.32244396209716797,0.2825658321380615,,0.28380584716796875,1.2086646556854248,,0.31232190132141113,,,,,0.31087636947631836,,,,0.6129248142242432,0.6354811191558838,,,,,,,,0.644719123840332,0.6115360260009766
2076,0.27773213386535645,2.7789130210876465,,,0.5642940998077393,,,,0.2893941402435303,,0.2979769706726074,0.2924361228942871,,0.6191160678863525,0.27431797981262207,,0.2971229553222656,0.5906319618225098,,0.5685098171234131,,,,,0.30845093727111816,0.2747337818145752,,0.25907111167907715,1.275954246520996,,0.27131104469299316,,,,,0.28905510902404785,,,,1.0197796821594238,0.5994338989257812,,,,,,,,0.6094236373901367,0.5971798896789551
2077,0.2908918857574463,1.0718457698822021,,,0.26090192794799805,,,,0.29035115242004395,,0.2920799255371094,0.2752108573913574,,1.077991247177124,0.28063297271728516,,0.31000614166259766,1.6683011054992676,,0.5566399097442627,,,,,0.3153519630432129,0.2707979679107666,,0.26476216316223145,0.5951249599456787,,0.28411388397216797,,,,,0.2952842712402344,,,,0.6015329360961914,0.6378481388092041,,,,,,,,0.6178860664367676,0.6489391326904297
2078,0.2766149044036865,1.395582914352417,,,1.2308850288391113,,,,0.2688169479370117,,0.27455615997314453,0.2554337978363037,,0.6440141201019287,0.2763679027557373,,0.2984280586242676,1.3323440551757812,,1.625216007232666,,,,,0.3252451419830322,0.25821614265441895,,0.3103611469268799,1.1930811405181885,,0.2659320831298828,,,,,0.6116211414337158,,,,0.8314449787139893,0.6268689632415771,,,,,,,,1.4692637920379639,0.5920829772949219
2079,0.2783019542694092,1.8151910305023193,,,0.5554418563842773,,,,0.3023812770843506,,0.6392619609832764,0.2639338970184326,,0.6231307983398438,0.26694202423095703,,0.27671217918395996,1.7958152294158936,,1.4337191581726074,,,,,0.3129870891571045,0.26255083084106445,,0.26532888412475586,0.5618040561676025,,0.28869199752807617,,,,,0.29166173934936523,,,,0.58707594871521,6.4510338306427,,,,,,,,1.0681540966033936,0.5660810470581055
2080,0.27298498153686523,2.5997910499572754,,,0.5118889808654785,,,,0.26438307762145996,,0.6439387798309326,0.25574183464050293,,0.5990967750549316,0.2994570732116699,,0.2765078544616699,0.6114671230316162,,0.9779260158538818,,,,,0.3473951816558838,0.28795409202575684,,0.28570127487182617,0.5693278312683105,,0.28249073028564453,,,,,0.5946688652038574,,,,0.5796401500701904,1.3987469673156738,,,,,,,,0.648270845413208,0.5683341026306152
2081,0.2968258857727051,0.6152231693267822,,,0.2649960517883301,,,,0.27322912216186523,,0.31178808212280273,0.2753331661224365,,1.40516996383667,0.28176093101501465,,0.2736949920654297,0.5848970413208008,,2.458189010620117,,,,,0.3128781318664551,0.28927111625671387,,0.27739477157592773,5.190549850463867,,0.2909529209136963,,,,,0.6141707897186279,,,,0.276522159576416,1.0483803749084473,,,,,,,,0.6329977512359619,0.5957300662994385
2082,0.30885887145996094,0.6227259635925293,,,1.2234649658203125,,,,0.2725539207458496,,0.5802900791168213,0.26326799392700195,,0.6250879764556885,0.27428507804870605,,0.2891240119934082,0.5830709934234619,,0.957392692565918,,,,,0.30030179023742676,0.27513599395751953,,0.2651500701904297,0.5513350963592529,,0.2612161636352539,,,,,0.28870677947998047,,,,0.29578208923339844,0.5962569713592529,,,,,,,,0.6350460052490234,1.7787251472473145
2083,0.29830408096313477,6.1202147006988525,,,2.466240167617798,,,,0.28183507919311523,,0.29752230644226074,0.26350903511047363,,0.6593248844146729,0.27279186248779297,,0.277407169342041,0.5915138721466064,,0.9972941875457764,,,,,0.2985069751739502,0.26040101051330566,,0.282397985458374,1.2308869361877441,,0.2603759765625,,,,,0.296154260635376,,,,1.0653610229492188,1.028324842453003,,,,,,,,1.9039981365203857,0.5782599449157715
2084,0.27724719047546387,1.049757957458496,,,0.5180048942565918,,,,0.28890490531921387,,0.28125619888305664,0.2548091411590576,,0.9279990196228027,0.2816770076751709,,0.2988150119781494,2.152567148208618,,1.8033647537231445,,,,,0.306286096572876,0.28664398193359375,,0.28205108642578125,1.2208778858184814,,0.2892448902130127,,,,,0.3101189136505127,,,,0.5578899383544922,2.5626730918884277,,,,,,,,0.6137039661407471,0.6227359771728516
2085,0.30407094955444336,0.602586030960083,,,1.211367130279541,,,,0.2737400531768799,,0.30034685134887695,0.2759542465209961,,1.0466570854187012,0.28707194328308105,,0.2842099666595459,0.9561469554901123,,0.5840151309967041,,,,,0.3231480121612549,0.2638850212097168,,0.2748129367828369,18.495959997177124,,0.2835202217102051,,,,,0.29285502433776855,,,,0.2810802459716797,1.3212168216705322,,,,,,,,0.65077805519104,0.5831091403961182
2086,0.29088902473449707,1.8163399696350098,,,0.2619609832763672,,,,0.2792849540710449,,0.29422473907470703,0.285433292388916,,0.6179249286651611,0.2660989761352539,,0.29668593406677246,0.6062798500061035,,1.4225482940673828,,,,,0.3031351566314697,0.30518126487731934,,0.28157472610473633,18.629827976226807,,0.2911491394042969,,,,,0.2655313014984131,,,,0.5759298801422119,1.0043699741363525,,,,,,,,0.6250951290130615,0.6159970760345459
2087,0.2998518943786621,0.7592639923095703,,,1.234971284866333,,,,0.27140188217163086,,0.42806410789489746,0.25936079025268555,,1.1762011051177979,0.27623605728149414,,0.3104841709136963,0.5835587978363037,,0.5695722103118896,,,,,0.3024258613586426,0.2707982063293457,,0.2662231922149658,0.6122729778289795,,0.28861379623413086,,,,,1.2315690517425537,,,,0.5853791236877441,1.7874748706817627,,,,,,,,0.6378440856933594,0.6123309135437012
2088,0.28014516830444336,0.6177940368652344,,,0.516057014465332,,,,0.2836642265319824,,0.28380417823791504,0.25508832931518555,,0.6476130485534668,0.28278613090515137,,0.29544901847839355,0.6036691665649414,,4.844874620437622,,,,,0.3250093460083008,0.2855370044708252,,0.2799978256225586,2.4040448665618896,,0.27036070823669434,,,,,0.30486130714416504,,,,0.6162309646606445,1.4165070056915283,,,,,,,,0.6395998001098633,0.5836119651794434
2089,0.28766703605651855,1.4599800109863281,,,0.5801010131835938,,,,0.2899796962738037,,0.2938418388366699,0.2666659355163574,,0.6392931938171387,0.2953808307647705,,0.26976919174194336,2.1281588077545166,,0.5665452480316162,,,,,0.3182251453399658,0.26987791061401367,,0.28688573837280273,8.697267055511475,,0.2862548828125,,,,,0.2524731159210205,,,,0.5612020492553711,2.079864263534546,,,,,,,,0.637686014175415,0.5376889705657959
2090,0.2960798740386963,0.6170918941497803,,,1.1737992763519287,,,,0.2852051258087158,,0.6198239326477051,0.25287866592407227,,0.6436097621917725,0.29541873931884766,,0.29203367233276367,0.5705039501190186,,0.6035687923431396,,,,,0.319688081741333,0.26075124740600586,,0.2622699737548828,1.246995210647583,,0.28014111518859863,,,,,0.2975029945373535,,,,0.28148794174194336,1.0897457599639893,,,,,,,,0.6014399528503418,0.5806691646575928
2091,0.29166126251220703,2.2571780681610107,,,1.271078109741211,,,,0.27596211433410645,,0.2773871421813965,0.2917320728302002,,0.6354057788848877,0.27988290786743164,,0.29402780532836914,0.5784778594970703,,0.9772429466247559,,,,,0.32463979721069336,0.30042219161987305,,0.289351224899292,0.5607161521911621,,0.29268479347229004,,,,,0.2483048439025879,,,,0.2861440181732178,3.6268200874328613,,,,,,,,0.6335277557373047,0.6391620635986328
2092,0.30867695808410645,0.5962591171264648,,,1.2354109287261963,,,,0.27814388275146484,,0.28716063499450684,0.28191208839416504,,0.6068181991577148,0.27610230445861816,,0.30556797981262207,0.5792369842529297,,1.0405080318450928,,,,,0.3229410648345947,0.27063417434692383,,0.2676198482513428,11.640909194946289,,0.265988826751709,,,,,0.27606701850891113,,,,0.271543025970459,0.5702059268951416,,,,,,,,0.6355609893798828,0.6073620319366455
2093,0.2945437431335449,1.0638749599456787,,,0.25258708000183105,,,,0.26995205879211426,,0.2779991626739502,0.2779359817504883,,0.6199080944061279,0.26772022247314453,,0.2945291996002197,0.6027798652648926,,0.5574488639831543,,,,,0.31325602531433105,0.2842888832092285,,0.3024411201477051,8.431300163269043,,0.28726983070373535,,,,,0.2723391056060791,,,,0.26397109031677246,0.5888781547546387,,,,,,,,0.640974760055542,0.6027979850769043
2094,0.2804982662200928,1.3849618434906006,,,0.2956230640411377,,,,0.27517080307006836,,1.0861167907714844,0.26475071907043457,,0.6204032897949219,0.27517008781433105,,0.28612399101257324,0.5856289863586426,,1.0285289287567139,,,,,0.33269667625427246,0.27336692810058594,,0.27869486808776855,18.634143114089966,,0.26639389991760254,,,,,0.29293107986450195,,,,0.27527666091918945,0.6404409408569336,,,,,,,,0.6394708156585693,0.6110589504241943
2095,0.2799100875854492,1.860719919204712,,,0.2304239273071289,,,,0.2877058982849121,,0.2978029251098633,0.2570972442626953,,0.6509571075439453,0.27752184867858887,,0.2985048294067383,0.5614457130432129,,1.0039570331573486,,,,,0.32562708854675293,0.28092288970947266,,0.27146315574645996,1.4253990650177002,,0.3029141426086426,,,,,0.2874259948730469,,,,0.6085669994354248,1.0350167751312256,,,,,,,,0.5888612270355225,0.602891206741333
2096,0.297666072845459,1.0334010124206543,,,0.5881731510162354,,,,0.2678711414337158,,0.2935800552368164,0.28067898750305176,,0.6409869194030762,0.2981569766998291,,0.2719869613647461,0.6036198139190674,,0.9549009799957275,,,,,0.30037879943847656,0.28730082511901855,,0.2767930030822754,1.2345490455627441,,0.26903414726257324,,,,,1.7337419986724854,,,,0.2756969928741455,1.0636320114135742,,,,,,,,1.0369200706481934,0.6282780170440674
2097,0.30321526527404785,1.063948154449463,,,0.5346560478210449,,,,0.28343987464904785,,0.33090710639953613,0.2602260112762451,,1.0815041065216064,0.2947392463684082,,0.2924199104309082,0.5627031326293945,,1.2924320697784424,,,,,0.2972559928894043,0.2731020450592041,,0.28411197662353516,1.2141480445861816,,0.2635231018066406,,,,,0.28091883659362793,,,,0.5690760612487793,3.3272619247436523,,,,,,,,0.6708528995513916,0.5685009956359863
2098,0.29407596588134766,1.8298377990722656,,,0.24839377403259277,,,,0.2801811695098877,,0.2909691333770752,0.259937047958374,,1.0963010787963867,0.2845287322998047,,0.27603697776794434,0.587277889251709,,1.2379567623138428,,,,,0.30573487281799316,0.2631227970123291,,0.2775120735168457,0.5651059150695801,,0.2718930244445801,,,,,0.2685971260070801,,,,0.313737154006958,0.592177152633667,,,,,,,,0.6717772483825684,0.5859658718109131
2099,0.2893083095550537,3.629819869995117,,,0.5549197196960449,,,,0.2869832515716553,,0.35044407844543457,0.2613661289215088,,0.6782248020172119,0.2732279300689697,,0.28066301345825195,0.5946640968322754,,0.5853171348571777,,,,,0.30397582054138184,0.2860541343688965,,0.26650404930114746,1.1854870319366455,,0.26604485511779785,,,,,0.27883386611938477,,,,0.715264081954956,0.6115148067474365,,,,,,,,0.5873947143554688,0.6035199165344238
2100,0.29094386100769043,1.0527708530426025,,,0.24845504760742188,,,,0.2762901782989502,,0.3783690929412842,0.2617630958557129,,0.63690185546875,0.2937290668487549,,0.2905001640319824,0.5935459136962891,,1.011408805847168,,,,,0.3471212387084961,0.26642465591430664,,0.2852668762207031,0.5200028419494629,,0.3045692443847656,,,,,0.28258395195007324,,,,0.5833399295806885,0.25038576126098633,,,,,,,,0.6212260723114014,0.570357084274292
2101,0.28660011291503906,0.6346430778503418,,,0.5271501541137695,,,,0.2828950881958008,,0.6117682456970215,0.27885007858276367,,0.6193351745605469,0.29337596893310547,,0.30581021308898926,0.5904679298400879,,0.5843360424041748,,,,,0.3342137336730957,0.30916905403137207,,0.27654099464416504,1.19622802734375,,0.3014967441558838,,,,,0.2734837532043457,,,,0.5871789455413818,1.0439932346343994,,,,,,,,0.6199400424957275,0.6187951564788818
2102,0.29109668731689453,0.40161800384521484,,,0.25481605529785156,,,,0.26027488708496094,,0.30429911613464355,0.25191497802734375,,0.759307861328125,0.2895658016204834,,0.31113672256469727,0.7246458530426025,,1.3429200649261475,,,,,0.33141589164733887,0.26308393478393555,,0.27683115005493164,1.2089340686798096,,0.287647008895874,,,,,0.29421162605285645,,,,0.6103737354278564,1.0150821208953857,,,,,,,,0.6436319351196289,0.5595169067382812
2103,0.28041505813598633,1.4495019912719727,,,0.9708170890808105,,,,0.27388906478881836,,0.27440595626831055,0.26366591453552246,,5.792379140853882,0.2916600704193115,,0.2982900142669678,0.5905861854553223,,0.5807328224182129,,,,,0.304595947265625,0.2793748378753662,,0.2859208583831787,0.5299608707427979,,0.28678011894226074,,,,,0.2935061454772949,,,,0.586338996887207,0.5922939777374268,,,,,,,,0.6431920528411865,1.3104379177093506
2104,0.28815603256225586,1.8065659999847412,,,0.26522231101989746,,,,0.30442118644714355,,0.27025389671325684,0.2785956859588623,,0.656865119934082,0.2910768985748291,,0.2749350070953369,2.1295950412750244,,4.914466857910156,,,,,0.31452393531799316,0.2797508239746094,,0.2900428771972656,1.242065191268921,,0.2716801166534424,,,,,0.3614659309387207,,,,0.6222729682922363,0.5909459590911865,,,,,,,,0.6576530933380127,0.597728967666626
2105,0.2942640781402588,0.618649959564209,,,0.5927700996398926,,,,0.2921328544616699,,0.2710599899291992,0.2806673049926758,,2.9644980430603027,0.29655885696411133,,0.2790529727935791,0.5789699554443359,,3.2005250453948975,,,,,0.32306718826293945,0.2585790157318115,,0.2586848735809326,1.252441167831421,,0.28208494186401367,,,,,0.26969003677368164,,,,0.5397059917449951,4.2534027099609375,,,,,,,,0.6263747215270996,0.5891940593719482
2106,0.29188990592956543,4.9486329555511475,,,0.5166430473327637,,,,0.2968149185180664,,0.2749471664428711,0.291064977645874,,1.4208428859710693,0.26616406440734863,,0.3008689880371094,0.993319034576416,,1.739854097366333,,,,,0.30269789695739746,0.2907540798187256,,0.26938414573669434,7.5611371994018555,,0.28786516189575195,,,,,0.27381110191345215,,,,0.5586860179901123,1.0110149383544922,,,,,,,,0.5843451023101807,0.5849382877349854
2107,0.3129720687866211,3.8205556869506836,,,0.5139400959014893,,,,0.278364896774292,,0.6456890106201172,0.2815530300140381,,1.4241716861724854,0.2894432544708252,,0.3016362190246582,1.0046870708465576,,2.8608341217041016,,,,,0.30316710472106934,0.28919410705566406,,0.2841780185699463,1.246290922164917,,0.29303717613220215,,,,,0.2861511707305908,,,,0.5903542041778564,2.068336009979248,,,,,,,,0.6390557289123535,0.5922551155090332
2108,0.2771432399749756,1.4831387996673584,,,0.5101320743560791,,,,0.2764420509338379,,0.9811599254608154,0.27028512954711914,,0.6217479705810547,0.29832983016967773,,0.3013601303100586,0.5940821170806885,,0.5934779644012451,,,,,0.3087940216064453,0.27070188522338867,,0.2881019115447998,0.563744068145752,,0.2922518253326416,,,,,0.43721890449523926,,,,0.5682809352874756,4.635828971862793,,,,,,,,0.6376640796661377,0.6198060512542725
2109,0.27986693382263184,1.7949090003967285,,,0.2556438446044922,,,,0.2828049659729004,,0.2722921371459961,0.2597203254699707,,0.6617560386657715,0.29190683364868164,,0.2862231731414795,0.5750808715820312,,1.33103609085083,,,,,0.3013570308685303,0.27315497398376465,,0.28592705726623535,0.5349831581115723,,0.29169225692749023,,,,,0.2918848991394043,,,,0.574937105178833,2.3258743286132812,,,,,,,,0.6283528804779053,0.5661458969116211
2110,0.2772867679595947,1.079185962677002,,,0.26453471183776855,,,,0.2886331081390381,,0.2787206172943115,0.2496960163116455,,1.4332351684570312,0.28572607040405273,,0.29036498069763184,0.5885441303253174,,1.3063561916351318,,,,,0.3468663692474365,0.2874739170074463,,0.26795315742492676,0.5198709964752197,,0.28671789169311523,,,,,0.2790510654449463,,,,0.2630488872528076,1.0481898784637451,,,,,,,,0.5980660915374756,0.6056749820709229
2111,0.2956221103668213,1.7596302032470703,,,0.26030421257019043,,,,0.28900623321533203,,0.5716829299926758,0.29506707191467285,,1.023909091949463,1.083467960357666,,0.2742950916290283,0.5833351612091064,,0.6111280918121338,,,,,0.3244662284851074,0.3035850524902344,,0.2852320671081543,0.5583617687225342,,0.2766909599304199,,,,,0.29503893852233887,,,,0.598639965057373,0.9081411361694336,,,,,,,,0.6537878513336182,1.9482839107513428
2112,0.30148911476135254,0.644629716873169,,,1.2164931297302246,,,,0.26613807678222656,,0.7444570064544678,0.2706918716430664,,0.6944441795349121,0.6098449230194092,,0.31250596046447754,0.5740032196044922,,0.6093251705169678,,,,,0.30115413665771484,0.27695202827453613,,0.2575218677520752,0.5678019523620605,,0.2623450756072998,,,,,0.27303075790405273,,,,0.28664302825927734,0.2504878044128418,,,,,,,,0.6179380416870117,0.5892348289489746
2113,0.3017158508300781,1.8158392906188965,,,0.5454621315002441,,,,0.28389811515808105,,0.25788378715515137,0.25460314750671387,,0.6176309585571289,0.2779369354248047,,0.28813910484313965,0.5677609443664551,,1.2990291118621826,,,,,0.32530689239501953,0.26224517822265625,,0.28656816482543945,1.2475521564483643,,0.2812330722808838,,,,,0.27008605003356934,,,,0.2962608337402344,1.0927531719207764,,,,,,,,0.6449520587921143,0.5926458835601807
2114,0.2795126438140869,1.0629708766937256,,,0.6073808670043945,,,,0.2948188781738281,,0.26740217208862305,0.26961708068847656,,0.6667728424072266,0.29940199851989746,,0.29668402671813965,0.6236720085144043,,0.6027340888977051,,,,,0.30016112327575684,0.2831301689147949,,0.2858400344848633,1.2489349842071533,,0.27258896827697754,,,,,0.27257275581359863,,,,0.6276421546936035,1.2037010192871094,,,,,,,,0.6238961219787598,0.5948879718780518
2115,0.273878812789917,2.9823081493377686,,,0.2541520595550537,,,,0.2669062614440918,,0.3151280879974365,0.28047704696655273,,0.6110479831695557,0.3108408451080322,,0.28812503814697266,0.5607681274414062,,3.13447904586792,,,,,0.3405921459197998,0.2657749652862549,,0.27096080780029297,1.2475130558013916,,0.2905278205871582,,,,,0.2795419692993164,,,,0.6105120182037354,1.0542781352996826,,,,,,,,0.6477770805358887,0.5823211669921875
2116,0.27382516860961914,5.0131378173828125,,,0.3075881004333496,,,,0.2663741111755371,,0.29714512825012207,0.29522204399108887,,1.0873990058898926,0.2688407897949219,,0.28940629959106445,0.5603358745574951,,0.6300580501556396,,,,,0.3080308437347412,0.3058748245239258,,0.2816488742828369,1.2655301094055176,,0.28638505935668945,,,,,0.2900538444519043,,,,0.2632560729980469,4.412169933319092,,,,,,,,0.6363749504089355,0.5794458389282227
2117,0.2926490306854248,3.445998191833496,,,0.5287148952484131,,,,0.28348803520202637,,0.2823367118835449,0.256929874420166,,0.6301109790802002,0.290377140045166,,0.3155999183654785,0.6199610233306885,,0.9728221893310547,,,,,0.6488919258117676,0.26711606979370117,,0.26732587814331055,1.2347829341888428,,0.2645680904388428,,,,,0.2888171672821045,,,,0.9739718437194824,4.049978971481323,,,,,,,,0.6421341896057129,0.5513038635253906
2118,0.27681684494018555,0.6015810966491699,,,0.5136539936065674,,,,0.2673680782318115,,0.2989628314971924,0.2805180549621582,,5.016338109970093,0.28499722480773926,,0.28035497665405273,0.5643248558044434,,0.612252950668335,,,,,0.3048992156982422,0.2846837043762207,,0.3062629699707031,1.2608182430267334,,0.28286218643188477,,,,,0.2836039066314697,,,,0.6094419956207275,1.7332229614257812,,,,,,,,0.5974547863006592,1.2748029232025146
2119,0.3027477264404297,0.6395618915557861,,,0.5048720836639404,,,,0.30530881881713867,,0.2894480228424072,0.279526948928833,,2.041741132736206,0.27547407150268555,,0.2708261013031006,0.5919809341430664,,19.15361785888672,,,,,0.2972860336303711,0.2640390396118164,,0.26698780059814453,1.216722011566162,,0.26010990142822266,,,,,0.27027368545532227,,,,0.24523210525512695,1.79610013961792,,,,,,,,0.6385340690612793,0.2883288860321045
2120,0.2838609218597412,1.3963940143585205,,,1.331010103225708,,,,0.26726412773132324,,0.31101012229919434,0.2636549472808838,,3.8000540733337402,0.2758800983428955,,0.2762761116027832,0.6095750331878662,,0.14992809295654297,,,,,1.2022981643676758,0.25656700134277344,,0.26875901222229004,1.1920580863952637,,0.2952392101287842,,,,,0.2781529426574707,,,,0.7606687545776367,0.5879576206207275,,,,,,,,0.6032130718231201,0.5602049827575684
2121,0.30148792266845703,1.4593470096588135,,,1.0445969104766846,,,,0.2832329273223877,,0.29138708114624023,0.28104114532470703,,4.531636953353882,0.27403688430786133,,0.3003098964691162,0.5729031562805176,,3.784398078918457,,,,,0.3000311851501465,0.2839839458465576,,0.26962900161743164,1.2074580192565918,,0.2784876823425293,,,,,0.2662489414215088,,,,0.6090052127838135,2.5456881523132324,,,,,,,,0.6348509788513184,0.2658660411834717
2122,0.32331299781799316,3.382023811340332,,,0.5465090274810791,,,,0.2699851989746094,,0.27226686477661133,0.28626298904418945,,2.63126802444458,0.29665374755859375,,0.30707502365112305,0.5893681049346924,,0.5557529926300049,,,,,0.7073698043823242,0.2897820472717285,,0.29466915130615234,0.561276912689209,,0.2686951160430908,,,,,0.2705206871032715,,,,0.2763400077819824,0.5899620056152344,,,,,,,,0.6101179122924805,0.6011128425598145
2123,0.2836031913757324,1.8469560146331787,,,0.5361728668212891,,,,0.2634758949279785,,0.2868309020996094,0.27477407455444336,,0.6532471179962158,0.2648029327392578,,0.29807424545288086,0.5866508483886719,,0.6020700931549072,,,,,0.33577704429626465,0.2642941474914551,,0.30251598358154297,1.2362940311431885,,0.26246023178100586,,,,,0.27994799613952637,,,,0.2586498260498047,2.0380280017852783,,,,,,,,0.628788948059082,0.6036679744720459
2124,0.28077006340026855,0.6783478260040283,,,0.25932788848876953,,,,0.29844093322753906,,0.306088924407959,0.2583119869232178,,1.4139268398284912,0.28815627098083496,,0.27893900871276855,0.5863268375396729,,1.2674181461334229,,,,,1.5214638710021973,0.26036691665649414,,0.2685818672180176,1.6934149265289307,,0.28534674644470215,,,,,0.27504920959472656,,,,0.277055025100708,1.3111250400543213,,,,,,,,0.5805380344390869,0.6132049560546875
2125,0.28815197944641113,1.408038854598999,,,0.5230860710144043,,,,0.2728440761566162,,0.2915840148925781,0.2775859832763672,,0.307401180267334,0.28798794746398926,,0.2974860668182373,0.5580439567565918,,1.3050532341003418,,,,,0.31484198570251465,0.26236796379089355,,0.28652000427246094,1.1996369361877441,,0.2864410877227783,,,,,0.2985680103302002,,,,0.28566408157348633,2.189769983291626,,,,,,,,0.6327459812164307,0.5982139110565186
2126,0.29686570167541504,5.32787013053894,,,0.5587818622589111,,,,0.2849998474121094,,0.27614307403564453,0.2999250888824463,,2.211933135986328,0.29984307289123535,,0.27274417877197266,0.5693709850311279,,0.5890359878540039,,,,,0.342087984085083,0.27435803413391113,,0.26566290855407715,1.2469980716705322,,0.2857472896575928,,,,,0.27041101455688477,,,,0.29799890518188477,0.5458097457885742,,,,,,,,0.6293411254882812,1.7533788681030273
2127,0.2991161346435547,0.6165058612823486,,,1.2669391632080078,,,,0.29006075859069824,,0.27436065673828125,0.2650890350341797,,0.6682100296020508,0.304279088973999,,0.3125429153442383,0.5943806171417236,,0.8668601512908936,,,,,0.3237802982330322,0.25534582138061523,,0.2608640193939209,16.570462942123413,,0.25983405113220215,,,,,0.2744162082672119,,,,0.2899019718170166,1.3231937885284424,,,,,,,,0.6430490016937256,0.600834846496582
2128,0.30469393730163574,1.0300819873809814,,,0.5636699199676514,,,,0.2743959426879883,,0.27529430389404297,0.25948381423950195,,0.6658177375793457,0.29314422607421875,,0.29065918922424316,0.5417079925537109,,1.2724838256835938,,,,,0.3214380741119385,0.2641630172729492,,0.2962300777435303,14.25718092918396,,0.2673459053039551,,,,,0.2658360004425049,,,,0.5865631103515625,1.0256330966949463,,,,,,,,0.6155619621276855,0.5983884334564209
2129,0.301257848739624,1.8691320419311523,,,1.302833080291748,,,,0.2917451858520508,,0.2696712017059326,0.2641761302947998,,0.5970947742462158,0.2932159900665283,,0.2877490520477295,3.245903968811035,,0.5926520824432373,,,,,0.3056027889251709,0.2600691318511963,,0.28330516815185547,1.2515380382537842,,0.28900671005249023,,,,,0.2818262577056885,,,,0.3930530548095703,2.8836429119110107,,,,,,,,0.6683430671691895,0.5595498085021973
2130,0.2833549976348877,1.0671708583831787,,,0.5627639293670654,,,,0.2826418876647949,,0.29607605934143066,0.2579479217529297,,2.618292808532715,0.2750070095062256,,0.29842185974121094,0.591926097869873,,0.5597741603851318,,,,,0.30463290214538574,0.2588326930999756,,0.2687418460845947,0.5362639427185059,,0.2834501266479492,,,,,0.2703361511230469,,,,0.580977201461792,2.57368803024292,,,,,,,,0.6203529834747314,0.6071450710296631
2131,0.29961323738098145,2.618317127227783,,,0.5624051094055176,,,,0.2605907917022705,,0.301192045211792,0.2835657596588135,,0.6354329586029053,0.28493165969848633,,0.28044581413269043,0.6050171852111816,,0.5523645877838135,,,,,0.31557798385620117,0.2867269515991211,,0.28592491149902344,1.2317991256713867,,0.26079487800598145,,,,,0.28512001037597656,,,,0.2726619243621826,1.3513307571411133,,,,,,,,0.6245341300964355,1.362245798110962
2132,0.29991722106933594,2.5479156970977783,,,0.243696928024292,,,,0.26834702491760254,,0.29431796073913574,0.2573997974395752,,1.4443080425262451,0.3145740032196045,,0.32019710540771484,1.3522250652313232,,0.5830609798431396,,,,,0.2976400852203369,0.28682804107666016,,0.29456210136413574,0.5665409564971924,,0.2830698490142822,,,,,0.31063199043273926,,,,0.3072938919067383,1.2919111251831055,,,,,,,,0.639470100402832,0.5725560188293457
2133,0.3052642345428467,0.628730058670044,,,1.2614812850952148,,,,0.28880906105041504,,0.2826979160308838,0.28481197357177734,,0.6525506973266602,0.2890472412109375,,0.28649020195007324,0.5571839809417725,,0.9550621509552002,,,,,0.3033442497253418,0.2670116424560547,,0.2853431701660156,0.5643360614776611,,0.2778439521789551,,,,,0.2908360958099365,,,,0.5419471263885498,2.534979820251465,,,,,,,,1.3764193058013916,0.596182107925415
2134,0.28494691848754883,0.6215360164642334,,,1.1620142459869385,,,,0.30791711807250977,,0.27160191535949707,0.27948498725891113,,6.057882070541382,0.2912876605987549,,0.27230095863342285,0.5991730690002441,,0.5881631374359131,,,,,0.3049769401550293,0.28392720222473145,,0.2862541675567627,0.5629510879516602,,0.2608761787414551,,,,,0.28641819953918457,,,,0.9838788509368896,3.975433111190796,,,,,,,,0.619394063949585,0.6218597888946533
2135,0.2852060794830322,0.6235518455505371,,,0.5267043113708496,,,,0.2706429958343506,,0.27251601219177246,0.27243494987487793,,1.4325151443481445,0.2903928756713867,,0.2913661003112793,0.5546870231628418,,1.2822139263153076,,,,,0.30352783203125,0.2621619701385498,,0.2650308609008789,1.2497899532318115,,0.2924180030822754,,,,,0.2669498920440674,,,,0.26114606857299805,1.0458831787109375,,,,,,,,0.6422388553619385,0.6033358573913574
2136,0.30067014694213867,1.0709969997406006,,,0.5223798751831055,,,,0.2855958938598633,,0.9373898506164551,0.2981700897216797,,0.665734052658081,0.28441381454467773,,0.3010568618774414,0.5846669673919678,,1.2447397708892822,,,,,0.3226890563964844,0.2864420413970947,,0.29375696182250977,1.2490789890289307,,0.27942991256713867,,,,,0.2741818428039551,,,,0.6103610992431641,1.0513710975646973,,,,,,,,0.634937047958374,0.6027021408081055
2137,0.29791903495788574,3.0463461875915527,,,0.546086311340332,,,,0.2908351421356201,,0.27075815200805664,0.27410292625427246,,0.2935962677001953,0.27072787284851074,,0.29628705978393555,0.6553080081939697,,0.9811770915985107,,,,,0.30350685119628906,0.2851572036743164,,0.28997087478637695,1.2494728565216064,,0.2665400505065918,,,,,0.25896692276000977,,,,0.2654120922088623,1.8083012104034424,,,,,,,,0.6293239593505859,0.5925948619842529
2138,0.3022770881652832,0.5893981456756592,,,0.2791111469268799,,,,0.2631492614746094,,0.2764112949371338,0.2768700122833252,,0.681466817855835,0.2728700637817383,,0.2986030578613281,0.548414945602417,,1.0234448909759521,,,,,0.3046102523803711,0.2691309452056885,,0.31194591522216797,0.561870813369751,,0.29066896438598633,,,,,0.29320812225341797,,,,0.2978823184967041,1.429527997970581,,,,,,,,0.5852408409118652,0.5887727737426758
2139,0.27971696853637695,3.454432249069214,,,0.5615310668945312,,,,0.31323695182800293,,0.2766132354736328,0.26491284370422363,,0.595203161239624,0.29475903511047363,,0.2876749038696289,0.5956509113311768,,0.5382928848266602,,,,,0.29651784896850586,0.2853093147277832,,0.26640987396240234,1.265960931777954,,0.26625609397888184,,,,,0.2803919315338135,,,,0.24835515022277832,0.5787580013275146,,,,,,,,0.620006799697876,0.2668416500091553
2140,0.30740976333618164,2.2507920265197754,,,0.24802184104919434,,,,0.28926992416381836,,0.29412078857421875,0.27172088623046875,,1.8554201126098633,0.2758941650390625,,0.2970459461212158,0.5929851531982422,,0.5963137149810791,,,,,0.3019430637359619,0.2673161029815674,,0.28564882278442383,1.2500929832458496,,0.3027808666229248,,,,,0.2949197292327881,,,,0.5553412437438965,4.349545955657959,,,,,,,,0.6238210201263428,0.6189670562744141
2141,0.30271387100219727,2.630246877670288,,,1.230466604232788,,,,0.27127504348754883,,0.2991518974304199,0.2974710464477539,,4.20892596244812,0.2756791114807129,,0.27016711235046387,0.5760340690612793,,1.3546507358551025,,,,,0.32364320755004883,0.3040609359741211,,0.2923398017883301,1.6858582496643066,,0.26970410346984863,,,,,0.28562211990356445,,,,0.32489800453186035,4.123654365539551,,,,,,,,0.6441028118133545,0.5812489986419678
2142,0.30359601974487305,0.6030333042144775,,,0.6019008159637451,,,,0.2754499912261963,,0.29238033294677734,0.2777378559112549,,0.9424138069152832,0.2753899097442627,,0.30584192276000977,0.5890631675720215,,1.048861026763916,,,,,0.31264185905456543,0.2636590003967285,,0.2670168876647949,18.399100065231323,,0.2608180046081543,,,,,0.2693178653717041,,,,0.5475320816040039,3.3265130519866943,,,,,,,,0.6171741485595703,0.5797677040100098
2143,0.2933633327484131,2.740494966506958,,,0.5405046939849854,,,,0.2852499485015869,,0.2898848056793213,0.2702369689941406,,0.6237931251525879,0.2815840244293213,,0.2973661422729492,0.5785009860992432,,0.5916497707366943,,,,,0.3220088481903076,0.28966712951660156,,0.3161280155181885,9.476299047470093,,0.2751626968383789,,,,,0.294921875,,,,0.30371999740600586,1.3646092414855957,,,,,,,,1.2741210460662842,0.6031382083892822
2144,0.2977631092071533,0.6157188415527344,,,0.6169369220733643,,,,0.30878686904907227,,0.27086305618286133,0.28957104682922363,,1.433223009109497,0.31090712547302246,,0.28928399085998535,0.5878698825836182,,0.550976037979126,,,,,0.31740808486938477,0.2700369358062744,,0.2863020896911621,10.55211091041565,,0.2852621078491211,,,,,0.2944657802581787,,,,0.2737619876861572,0.6023380756378174,,,,,,,,0.610590934753418,0.6291530132293701
2145,0.3038151264190674,2.2368390560150146,,,0.5184931755065918,,,,0.2937889099121094,,0.30764102935791016,0.2879796028137207,,1.0804929733276367,0.27353906631469727,,0.2921481132507324,0.6050689220428467,,0.559873104095459,,,,,0.31519389152526855,0.28350210189819336,,0.29563188552856445,18.49404525756836,,0.28896117210388184,,,,,0.3092689514160156,,,,0.5836820602416992,1.425753116607666,,,,,,,,0.6037039756774902,0.6110048294067383
2146,0.2802450656890869,5.404845952987671,,,1.2956440448760986,,,,0.2681090831756592,,0.29382824897766113,0.3104419708251953,,0.259735107421875,0.2931950092315674,,0.2916879653930664,0.9567008018493652,,0.5694620609283447,,,,,0.3208889961242676,0.28621387481689453,,0.28725123405456543,1.3168540000915527,,0.28380489349365234,,,,,0.29291796684265137,,,,0.37418293952941895,0.8888242244720459,,,,,,,,0.6137180328369141,0.2518918514251709
2147,0.3195230960845947,7.459460020065308,,,1.2072169780731201,,,,0.2962193489074707,,0.2954139709472656,0.2679460048675537,,0.644697904586792,0.28028297424316406,,0.3109097480773926,0.5921947956085205,,0.6049578189849854,,,,,0.30516576766967773,0.28999805450439453,,0.27010297775268555,1.2247331142425537,,0.2681601047515869,,,,,0.2916860580444336,,,,0.26653575897216797,1.0490331649780273,,,,,,,,0.6419811248779297,0.5937850475311279
2148,0.2901492118835449,2.6648309230804443,,,0.5348339080810547,,,,0.27988386154174805,,0.28015923500061035,0.29677486419677734,,0.603693962097168,0.2751140594482422,,0.2695200443267822,0.6005749702453613,,0.5679538249969482,,,,,0.3250281810760498,0.26300907135009766,,0.2954390048980713,0.5305628776550293,,0.28261303901672363,,,,,0.29391002655029297,,,,0.5672681331634521,2.5278968811035156,,,,,,,,0.819767951965332,0.5859091281890869
2149,0.29050612449645996,9.744846820831299,,,0.5459189414978027,,,,0.29765772819519043,,0.2759842872619629,0.28523898124694824,,0.3021090030670166,0.27112889289855957,,0.29671692848205566,0.5903458595275879,,0.5872180461883545,,,,,0.32166504859924316,0.26113104820251465,,0.2633941173553467,1.1814260482788086,,0.2593510150909424,,,,,0.26888298988342285,,,,0.6186730861663818,1.7933399677276611,,,,,,,,0.629235029220581,0.5792989730834961
2150,0.2911510467529297,4.513658285140991,,,1.0343289375305176,,,,0.2979578971862793,,0.2919018268585205,0.26900291442871094,,4.547084808349609,0.27974820137023926,,0.28378796577453613,2.776839256286621,,0.566392183303833,,,,,0.31450796127319336,0.28659605979919434,,0.2785179615020752,1.2280421257019043,,0.29447507858276367,,,,,0.29363083839416504,,,,0.6092479228973389,1.3678257465362549,,,,,,,,0.9402773380279541,1.7995328903198242
2151,0.2892117500305176,0.6385378837585449,,,0.5901758670806885,,,,0.2894139289855957,,0.2708141803741455,0.3003041744232178,,0.6673173904418945,0.26651811599731445,,0.295626163482666,0.574023962020874,,0.58713698387146,,,,,0.3457307815551758,0.28189706802368164,,0.27330493927001953,0.9650051593780518,,0.28320789337158203,,,,,0.2811572551727295,,,,0.5897982120513916,2.0375638008117676,,,,,,,,0.6189789772033691,1.060671091079712
2152,0.3114960193634033,1.0507912635803223,,,0.29424118995666504,,,,0.293607234954834,,0.276763916015625,0.27576398849487305,,1.8279271125793457,0.2520291805267334,,0.30854034423828125,0.5867502689361572,,0.5829088687896729,,,,,0.31782984733581543,0.2626047134399414,,0.2749209403991699,1.2025599479675293,,0.2678689956665039,,,,,0.29421377182006836,,,,0.605820894241333,1.0269818305969238,,,,,,,,0.6408147811889648,0.59378981590271
2153,0.283660888671875,3.8276758193969727,,,1.2310142517089844,,,,0.2689352035522461,,0.27382993698120117,0.2689180374145508,,2.248763084411621,0.2731490135192871,,0.29194021224975586,0.9812898635864258,,0.5787849426269531,,,,,0.2975916862487793,0.2895638942718506,,0.3082089424133301,1.1899919509887695,,0.28349804878234863,,,,,0.27483320236206055,,,,0.5901939868927002,3.7741448879241943,,,,,,,,0.6428110599517822,0.5835490226745605
2154,0.28211379051208496,1.0788419246673584,,,0.5763101577758789,,,,0.3121662139892578,,0.2779698371887207,0.2666182518005371,,1.42038893699646,0.27841806411743164,,0.29499006271362305,1.4025459289550781,,0.5837259292602539,,,,,0.3251070976257324,0.26654505729675293,,0.28975987434387207,1.1969029903411865,,0.2692880630493164,,,,,0.2767009735107422,,,,0.2826530933380127,3.3727569580078125,,,,,,,,0.6496129035949707,0.6002609729766846
2155,0.29262828826904297,16.8159282207489,,,0.5602779388427734,,,,0.2937638759613037,,0.2989981174468994,0.2782721519470215,,2.5655229091644287,1.056802749633789,,0.27217793464660645,3.197319269180298,,1.3043267726898193,,,,,0.31333303451538086,0.27735185623168945,,0.28972411155700684,0.5569531917572021,,0.30382418632507324,,,,,0.27398204803466797,,,,0.5893821716308594,1.0302157402038574,,,,,,,,0.9967763423919678,0.6145589351654053
2156,0.28635287284851074,2.5800042152404785,,,1.2810587882995605,,,,0.2816638946533203,,0.3077571392059326,0.30240511894226074,,0.6562647819519043,1.0574181079864502,,0.2773761749267578,0.5781550407409668,,1.1011347770690918,,,,,0.3193330764770508,0.30103182792663574,,0.26256895065307617,1.1986041069030762,,0.2630126476287842,,,,,0.26898932456970215,,,,0.6042990684509277,0.5898120403289795,,,,,,,,0.5853362083435059,0.6042439937591553
2157,0.31700801849365234,0.6008162498474121,,,1.2292320728302002,,,,0.27240800857543945,,0.2943389415740967,0.29431605339050293,,0.6115310192108154,0.2530629634857178,,0.29620814323425293,0.5614008903503418,,0.6040511131286621,,,,,0.30753493309020996,0.2637808322906494,,0.2670736312866211,18.546262979507446,,0.29075098037719727,,,,,0.28904104232788086,,,,0.2662851810455322,3.176023006439209,,,,,,,,1.390458106994629,0.5542280673980713
2158,0.2845749855041504,1.869791030883789,,,0.31194186210632324,,,,0.27622318267822266,,0.2716670036315918,0.29412102699279785,,7.747342109680176,1.1050701141357422,,0.27545928955078125,0.5752291679382324,,0.559760332107544,,,,,0.31655311584472656,0.2652621269226074,,0.2985560894012451,,,0.26900291442871094,,,,,0.28829526901245117,,,,2.497765064239502,1.9183249473571777,,,,,,,,0.6243138313293457,0.6084620952606201
2159,0.2885890007019043,0.5819258689880371,,,1.951927900314331,,,,0.29323697090148926,,0.28542518615722656,0.28348684310913086,,1.4378130435943604,1.0482900142669678,,0.27240514755249023,0.5682299137115479,,1.0490522384643555,,,,,0.30263781547546387,0.28876590728759766,,0.27486491203308105,,,0.28581666946411133,,,,,0.2940030097961426,,,,0.6092278957366943,3.869241952896118,,,,,,,,0.5931148529052734,0.5883948802947998
2160,0.2983429431915283,0.5843231678009033,,,1.2224268913269043,,,,0.2728302478790283,,0.29570508003234863,0.2725870609283447,,1.8194117546081543,0.28060126304626465,,0.2804758548736572,0.5765247344970703,,0.5935328006744385,,,,,0.29778409004211426,0.2932121753692627,,0.2721371650695801,,,0.28356099128723145,,,,,0.2888312339782715,,,,0.5712528228759766,1.0203392505645752,,,,,,,,0.6504850387573242,0.6026811599731445
2161,0.2823829650878906,9.09534215927124,,,0.5615489482879639,,,,0.27968311309814453,,0.30332303047180176,0.2891209125518799,,1.0596580505371094,1.0746171474456787,,0.2973158359527588,1.0044569969177246,,0.6016738414764404,,,,,0.32133913040161133,0.3064858913421631,,0.28739404678344727,,,0.28830718994140625,,,,,0.2933781147003174,,,,0.5897538661956787,2.767915725708008,,,,,,,,0.6226708889007568,0.6204321384429932
2162,0.3202328681945801,2.7002439498901367,,,1.1688518524169922,,,,0.2852778434753418,,0.3003699779510498,0.2701530456542969,,0.6313381195068359,0.2786099910736084,,0.31223320960998535,0.564342737197876,,0.6290628910064697,,,,,0.30167198181152344,0.28517627716064453,,0.2664220333099365,,,0.2914571762084961,,,,,0.3107869625091553,,,,0.5907120704650879,1.829050064086914,,,,,,,,0.6438949108123779,0.6321892738342285
2163,0.2859208583831787,10.070076942443848,,,1.2486162185668945,,,,0.30051684379577637,,0.28732800483703613,0.2848019599914551,,1.0302839279174805,1.0928828716278076,,0.27010393142700195,0.569195032119751,,4.131358861923218,,,,,0.30614304542541504,0.28717899322509766,,0.29739880561828613,,,0.2670300006866455,,,,,0.27040886878967285,,,,0.28603100776672363,4.345180988311768,,,,,,,,0.6441531181335449,0.5618810653686523
2164,0.29520583152770996,11.24992299079895,,,1.2337710857391357,,,,0.2971007823944092,,0.2886788845062256,0.2936680316925049,,1.8363590240478516,1.0859668254852295,,0.29078078269958496,2.500258684158325,,0.6086058616638184,,,,,0.3010571002960205,0.25868892669677734,,0.26155996322631836,,,0.2645552158355713,,,,,0.27964091300964355,,,,0.5890281200408936,4.523561954498291,,,,,,,,0.6433639526367188,0.6037213802337646
2165,0.28266286849975586,0.6150169372558594,,,1.2320029735565186,,,,0.27564215660095215,,0.2982327938079834,0.29287099838256836,,2.2054619789123535,0.30138492584228516,,0.29154300689697266,0.5855178833007812,,0.5578150749206543,,,,,0.3074069023132324,0.2732391357421875,,0.2840609550476074,,,0.3000059127807617,,,,,0.285689115524292,,,,0.5718369483947754,15.179928064346313,,,,,,,,0.6208760738372803,0.6293947696685791
2166,0.30179691314697266,6.530611038208008,,,1.230536937713623,,,,0.3001117706298828,,0.2971978187561035,0.3111889362335205,,0.6159720420837402,0.27877140045166016,,0.2932901382446289,0.5683598518371582,,0.6127238273620605,,,,,0.3480560779571533,0.30541372299194336,,0.29131388664245605,,,0.2682459354400635,,,,,0.29488372802734375,,,,0.5894129276275635,5.992735385894775,,,,,,,,0.6150979995727539,0.6140041351318359
2167,0.2975468635559082,2.2217559814453125,,,1.2347328662872314,,,,0.2924363613128662,,0.30229616165161133,0.2912769317626953,,0.6877179145812988,1.0938129425048828,,0.300311803817749,0.569817066192627,,1.1716840267181396,,,,,0.31264185905456543,0.2918550968170166,,0.2696199417114258,,,0.2876927852630615,,,,,0.3146193027496338,,,,0.2817718982696533,1.303318738937378,,,,,,,,0.6420590877532959,0.6117203235626221
2168,0.3015758991241455,0.626957893371582,,,0.5409619808197021,,,,0.26868772506713867,,0.2839469909667969,0.2675971984863281,,0.621366024017334,1.0882630348205566,,0.27841877937316895,0.5879607200622559,,0.6059021949768066,,,,,0.29198217391967773,0.26775383949279785,,0.3038151264190674,,,0.265394926071167,,,,,0.28948473930358887,,,,0.2934532165527344,0.5584709644317627,,,,,,,,0.6432440280914307,0.5627026557922363
2169,0.2771949768066406,4.148715019226074,,,0.26733994483947754,,,,0.31169629096984863,,0.2997281551361084,0.25934505462646484,,0.6281261444091797,1.0720267295837402,,0.2964620590209961,0.5983259677886963,,1.307926893234253,,,,,0.3260359764099121,0.28916096687316895,,0.26676201820373535,,,0.28600502014160156,,,,,0.2884860038757324,,,,0.28163814544677734,9.407044172286987,,,,,,,,0.6335000991821289,0.6229071617126465
2170,0.30280089378356934,2.62620210647583,,,1.265556812286377,,,,0.29294896125793457,,0.2819530963897705,0.2904832363128662,,0.6511309146881104,1.0606462955474854,,0.27315211296081543,0.299515962600708,,0.5603108406066895,,,,,0.3057370185852051,0.28411412239074707,,0.2849123477935791,,,0.3137640953063965,,,,,0.288161039352417,,,,0.34079980850219727,1.3579800128936768,,,,,,,,0.6396999359130859,0.5888369083404541
2171,0.2915201187133789,4.9877660274505615,,,0.37524986267089844,,,,0.28540968894958496,,0.31473588943481445,0.2853999137878418,,1.0464699268341064,1.0926179885864258,,0.2850971221923828,0.5612568855285645,,0.5689537525177002,,,,,0.32591676712036133,0.29230809211730957,,0.26541900634765625,,,0.2640688419342041,,,,,0.2715940475463867,,,,0.5965368747711182,0.8031527996063232,,,,,,,,0.6275887489318848,0.5806441307067871
2172,0.30400896072387695,4.218143939971924,,,0.5700068473815918,,,,0.2959423065185547,,0.29175400733947754,0.2877330780029297,,6.58706521987915,1.0916953086853027,,0.313687801361084,0.5795440673828125,,0.6128320693969727,,,,,0.3278310298919678,0.26242995262145996,,0.290071964263916,,,0.2890009880065918,,,,,0.2726879119873047,,,,0.280886173248291,1.718317985534668,,,,,,,,0.6008157730102539,0.6237020492553711
2173,0.29728102684020996,0.6135251522064209,,,1.2357072830200195,,,,0.28513002395629883,,0.2765367031097412,0.29641008377075195,,1.8688979148864746,1.073882818222046,,0.2953338623046875,0.5619311332702637,,0.5584051609039307,,,,,0.3126108646392822,0.28322601318359375,,0.28882479667663574,,,0.2656130790710449,,,,,0.30106687545776367,,,,0.2687861919403076,0.5962238311767578,,,,,,,,0.6406378746032715,0.6062121391296387
2174,0.2818300724029541,3.0408921241760254,,,0.5329961776733398,,,,0.31890201568603516,,0.2867450714111328,0.2804889678955078,,0.6210489273071289,0.2921779155731201,,0.2842068672180176,0.5724620819091797,,0.5787768363952637,,,,,0.32376694679260254,0.2678830623626709,,0.27156710624694824,,,0.2863891124725342,,,,,0.30692291259765625,,,,0.29615163803100586,0.5897490978240967,,,,,,,,0.6245598793029785,0.6371150016784668
2175,0.3003120422363281,2.63771915435791,,,0.9650790691375732,,,,0.26651501655578613,,0.28699374198913574,0.2728872299194336,,0.6018209457397461,1.1074490547180176,,0.29946398735046387,0.5704231262207031,,0.5758531093597412,,,,,0.3011791706085205,0.2833411693572998,,0.28907322883605957,,,0.2832331657409668,,,,,0.2939112186431885,,,,0.2635190486907959,6.710893630981445,,,,,,,,1.0763211250305176,0.6069419384002686
2176,0.27579283714294434,5.362709999084473,,,1.4187428951263428,,,,0.29552507400512695,,0.3236680030822754,0.294097900390625,,0.6230089664459229,1.046802043914795,,0.3065788745880127,0.6071197986602783,,0.5883772373199463,,,,,0.33031487464904785,0.2994191646575928,,0.29068994522094727,,,0.2856781482696533,,,,,0.29272913932800293,,,,0.5848250389099121,0.5708198547363281,,,,,,,,0.6187279224395752,0.610131025314331
2177,0.3048369884490967,2.2696549892425537,,,0.5591549873352051,,,,0.285628080368042,,0.28098583221435547,0.30044102668762207,,0.6273651123046875,1.0755939483642578,,0.3252551555633545,0.5668289661407471,,0.5808379650115967,,,,,0.3083150386810303,0.26633620262145996,,0.26715612411499023,,,0.26956701278686523,,,,,0.6227338314056396,,,,0.29381608963012695,3.393946886062622,,,,,,,,0.6202638149261475,0.25758886337280273
2178,0.2901608943939209,4.9270429611206055,,,0.28093528747558594,,,,0.27105259895324707,,0.29497218132019043,0.2795419692993164,,16.872313261032104,1.09614896774292,,0.27428388595581055,1.3924980163574219,,0.6059350967407227,,,,,0.32312488555908203,0.28101301193237305,,0.30392003059387207,,,0.2606790065765381,,,,,0.5953168869018555,,,,0.3416571617126465,1.0657799243927002,,,,,,,,0.6306040287017822,0.58315110206604
2179,0.2990987300872803,0.6196658611297607,,,0.24002504348754883,,,,0.29378199577331543,,0.2855072021484375,0.2761199474334717,,0.5813498497009277,0.2552461624145508,,0.2925550937652588,0.5736539363861084,,0.5615041255950928,,,,,0.32706618309020996,0.25632214546203613,,0.26600217819213867,,,0.28465986251831055,,,,,0.6468701362609863,,,,0.30274295806884766,1.3576340675354004,,,,,,,,0.6190450191497803,0.5589580535888672
2180,0.3056609630584717,0.628997802734375,,,0.5445690155029297,,,,0.27730298042297363,,0.2718658447265625,0.27156901359558105,,3.4334280490875244,0.9965589046478271,,0.28574085235595703,0.2801370620727539,,0.581326961517334,,,,,0.3080272674560547,0.2758471965789795,,0.2888801097869873,,,0.2851879596710205,,,,,0.5493018627166748,,,,0.28533124923706055,0.6081979274749756,,,,,,,,0.6163358688354492,0.602341890335083
2181,0.2839841842651367,13.676271200180054,,,0.5781760215759277,,,,0.2734200954437256,,0.32157111167907715,0.297863245010376,,3.0648889541625977,1.0962796211242676,,0.2970240116119385,0.5960209369659424,,0.5743348598480225,,,,,0.34803032875061035,0.30306506156921387,,0.293018102645874,,,0.2879180908203125,,,,,0.6424827575683594,,,,0.6017699241638184,4.1253440380096436,,,,,,,,1.028573989868164,0.5918862819671631
2182,0.30441904067993164,1.8406720161437988,,,0.4319422245025635,,,,0.27286291122436523,,0.28683018684387207,0.27063894271850586,,2.2195258140563965,1.073875904083252,,0.29934215545654297,0.5891280174255371,,0.5751049518585205,,,,,0.30854082107543945,0.2732970714569092,,0.26802921295166016,,,0.2679901123046875,,,,,0.6417737007141113,,,,0.28438591957092285,0.5941410064697266,,,,,,,,0.6602609157562256,0.6175050735473633
2183,0.27550697326660156,0.5952062606811523,,,0.5447406768798828,,,,0.2985880374908447,,0.2885630130767822,0.26436614990234375,,2.2687690258026123,1.029642105102539,,0.2933218479156494,0.631850004196167,,0.594775915145874,,,,,0.3022170066833496,0.2809882164001465,,0.3039069175720215,,,0.28200817108154297,,,,,0.6055400371551514,,,,0.3039257526397705,0.6109449863433838,,,,,,,,0.6477689743041992,0.6010260581970215
2184,0.29918408393859863,7.421467065811157,,,0.2238168716430664,,,,0.3091850280761719,,0.2999269962310791,0.2869570255279541,,0.5986509323120117,1.0588529109954834,,0.2945590019226074,0.5884158611297607,,2.1041347980499268,,,,,0.3054389953613281,0.27150487899780273,,0.2680318355560303,,,0.2712218761444092,,,,,0.5891869068145752,,,,0.6102790832519531,3.2485218048095703,,,,,,,,0.6603109836578369,0.5748999118804932
2185,0.2888319492340088,20.628910064697266,,,1.2279760837554932,,,,0.29163217544555664,,0.30762815475463867,0.26609086990356445,,2.649216890335083,1.071803092956543,,0.27683305740356445,0.5560777187347412,,0.5856430530548096,,,,,0.32410192489624023,0.27614903450012207,,0.28516292572021484,,,0.3033711910247803,,,,,0.6189789772033691,,,,0.6207408905029297,0.5887877941131592,,,,,,,,0.6331000328063965,0.6386280059814453
2186,0.2884480953216553,5.92802095413208,,,0.5787999629974365,,,,0.2920260429382324,,0.322509765625,0.30414295196533203,,1.8451640605926514,1.0472238063812256,,0.28914904594421387,1.3053648471832275,,0.6024372577667236,,,,,0.33672285079956055,0.2714571952819824,,0.26155805587768555,,,0.26268601417541504,,,,,0.5928523540496826,,,,0.34108805656433105,1.3652057647705078,,,,,,,,1.3519287109375,0.5921599864959717
2187,0.3258790969848633,4.960294723510742,,,0.567702054977417,,,,0.2928471565246582,,0.28340697288513184,0.29677391052246094,,0.6205720901489258,8.866379022598267,,0.3162407875061035,0.6026508808135986,,0.5415928363800049,,,,,0.3303859233856201,0.25614213943481445,,0.2646501064300537,,,0.2645399570465088,,,,,0.2772970199584961,,,,0.5777401924133301,1.3345990180969238,,,,,,,,0.643808126449585,0.5884120464324951
2188,0.30075621604919434,20.822179794311523,,,0.5635709762573242,,,,0.29334282875061035,,0.2811088562011719,0.29092884063720703,,10.129185199737549,0.597003698348999,,0.28173828125,0.591965913772583,,0.6242129802703857,,,,,0.3057680130004883,0.2703678607940674,,0.31014513969421387,,,0.2859940528869629,,,,,0.2695159912109375,,,,0.28522706031799316,0.5912749767303467,,,,,,,,0.6198279857635498,0.5979728698730469
2189,0.27980589866638184,0.8031558990478516,,,0.24277901649475098,,,,0.3087930679321289,,0.2876408100128174,0.2932469844818115,,5.000520944595337,0.6237878799438477,,0.30321621894836426,0.5849380493164062,,0.6181800365447998,,,,,0.3290369510650635,0.28690004348754883,,0.2907602787017822,,,0.26766204833984375,,,,,0.5868961811065674,,,,0.6103348731994629,0.5991041660308838,,,,,,,,1.6564538478851318,0.608173131942749
2190,0.2781670093536377,20.63735294342041,,,0.9975240230560303,,,,0.2680840492248535,,0.2985987663269043,0.2677497863769531,,3.4341847896575928,0.6634120941162109,,0.2949187755584717,0.5525319576263428,,0.5964100360870361,,,,,0.30370402336120605,0.2644338607788086,,0.26656103134155273,,,0.30846691131591797,,,,,0.617393970489502,,,,0.5837523937225342,0.6059808731079102,,,,,,,,0.6498329639434814,0.6092128753662109
2191,0.28676509857177734,3.686677932739258,,,1.045950174331665,,,,0.29188084602355957,,0.29781293869018555,0.30474090576171875,,9.419719934463501,0.617283821105957,,0.2991459369659424,0.5915248394012451,,0.6244699954986572,,,,,0.32631826400756836,0.30790090560913086,,0.28527092933654785,,,0.2885708808898926,,,,,0.6486818790435791,,,,0.3090932369232178,1.828650951385498,,,,,,,,1.3342149257659912,0.5824198722839355
2192,0.3251631259918213,20.690106868743896,,,1.1844382286071777,,,,0.29155707359313965,,0.30085110664367676,0.27739596366882324,,1.8490900993347168,0.6234297752380371,,0.303023099899292,0.5880570411682129,,0.5775110721588135,,,,,0.30167436599731445,0.2826211452484131,,0.29241299629211426,,,0.26763081550598145,,,,,0.6006419658660889,,,,0.3430628776550293,1.031360149383545,,,,,,,,1.3310370445251465,2.153045177459717
2193,0.284653902053833,4.748229265213013,,,2.2016801834106445,,,,0.29579997062683105,,0.2802557945251465,0.2758040428161621,,3.0276002883911133,0.6241931915283203,,0.2913179397583008,0.607774019241333,,0.5740079879760742,,,,,0.30411195755004883,0.26326513290405273,,0.2819080352783203,,,0.2667989730834961,,,,,0.6713111400604248,,,,0.2707700729370117,13.345055341720581,,,,,,,,0.6035547256469727,0.6190757751464844
2194,0.3002738952636719,0.6212871074676514,,,1.0202250480651855,,,,0.31005382537841797,,0.30321788787841797,0.3005650043487549,,1.0893399715423584,0.6214673519134521,,0.2990682125091553,0.9653098583221436,,0.5628829002380371,,,,,0.30855870246887207,0.27077317237854004,,0.26726698875427246,,,0.2847616672515869,,,,,0.5756640434265137,,,,0.2925279140472412,0.5866758823394775,,,,,,,,1.344355821609497,0.5812420845031738
2195,0.304185152053833,0.6382448673248291,,,0.5636200904846191,,,,0.2897050380706787,,0.2767758369445801,0.2849740982055664,,1.0745530128479004,0.6320509910583496,,0.30942201614379883,0.5606210231781006,,0.5780072212219238,,,,,0.3177828788757324,0.26616811752319336,,0.2851130962371826,,,0.30931925773620605,,,,,0.6813538074493408,,,,0.5981531143188477,0.6399857997894287,,,,,,,,1.3200500011444092,0.5515809059143066
2196,0.2839701175689697,2.6589560508728027,,,1.8745107650756836,,,,0.2680819034576416,,0.3201329708099365,0.31366395950317383,,0.25936102867126465,0.6165270805358887,,0.27821898460388184,0.5832016468048096,,0.62660813331604,,,,,0.32043910026550293,0.30538487434387207,,0.2680089473724365,,,0.2683429718017578,,,,,0.6735749244689941,,,,0.27753186225891113,3.085482120513916,,,,,,,,0.5885541439056396,0.6252880096435547
2197,0.3110668659210205,0.6190836429595947,,,0.5306787490844727,,,,0.2706460952758789,,0.2903778553009033,0.2937428951263428,,0.6437289714813232,1.59908127784729,,0.2965061664581299,0.5783028602600098,,0.6076240539550781,,,,,0.3103313446044922,0.2694361209869385,,0.280803918838501,,,0.28600597381591797,,,,,0.5390379428863525,,,,0.595646858215332,0.6180109977722168,,,,,,,,0.5822839736938477,0.5966417789459229
2198,0.27552103996276855,12.98661470413208,,,0.5721888542175293,,,,0.2721281051635742,,0.2985708713531494,0.2703540325164795,,1.2353219985961914,0.6370906829833984,,0.29997801780700684,0.5690267086029053,,0.9724712371826172,,,,,0.30431389808654785,0.2796452045440674,,0.29296207427978516,,,0.29238319396972656,,,,,1.0483698844909668,,,,0.6302509307861328,2.901987075805664,,,,,,,,0.5955760478973389,0.5943069458007812
2199,0.2876760959625244,1.0524969100952148,,,1.2236499786376953,,,,0.2968931198120117,,0.27741003036499023,0.2878880500793457,,1.4492840766906738,0.6576550006866455,,0.2816500663757324,1.0170669555664062,,0.5977740287780762,,,,,0.317249059677124,0.27077412605285645,,0.2692861557006836,,,0.2918679714202881,,,,,0.498002290725708,,,,0.6057751178741455,1.8287010192871094,,,,,,,,0.620276927947998,2.865356922149658
2200,0.29874110221862793,0.6302778720855713,,,0.2319931983947754,,,,0.2775077819824219,,0.2768559455871582,0.29926204681396484,,0.6181478500366211,0.628288984298706,,0.27783823013305664,1.0183987617492676,,1.0643832683563232,,,,,0.3262510299682617,0.27797508239746094,,0.28820085525512695,,,0.2860591411590576,,,,,0.6249599456787109,,,,0.2675292491912842,2.232485055923462,,,,,,,,0.6421670913696289,0.6002311706542969
2201,0.28364109992980957,20.691033840179443,,,1.2062442302703857,,,,0.29791998863220215,,0.3131587505340576,0.30815911293029785,,0.648526668548584,0.6399240493774414,,0.301882266998291,0.5804400444030762,,1.7301669120788574,,,,,0.3335440158843994,0.28870606422424316,,0.2688639163970947,,,0.2745058536529541,,,,,2.186119318008423,,,,0.27691221237182617,10.170542240142822,,,,,,,,0.602003812789917,0.6231679916381836
2202,0.3149881362915039,0.4550800323486328,,,1.2080941200256348,,,,0.2936592102050781,,0.28661012649536133,0.291348934173584,,3.395961046218872,0.6028828620910645,,0.32235026359558105,0.2902209758758545,,0.9512221813201904,,,,,0.32871580123901367,0.266538143157959,,0.289597749710083,,,0.29410290718078613,,,,,0.2715330123901367,,,,0.6468181610107422,0.6102452278137207,,,,,,,,0.6652958393096924,0.6113491058349609
2203,0.28632426261901855,0.6249361038208008,,,0.2633941173553467,,,,0.2835841178894043,,0.27852392196655273,0.2833371162414551,,9.740103244781494,0.6074230670928955,,0.28536486625671387,1.0220251083374023,,0.6111218929290771,,,,,0.32903313636779785,0.2875831127166748,,0.31092286109924316,,,0.2955939769744873,,,,,0.5803079605102539,,,,0.2643740177154541,6.989809036254883,,,,,,,,0.6444780826568604,0.6341960430145264
2204,0.295856237411499,0.5983471870422363,,,0.5186560153961182,,,,0.3141608238220215,,0.2880539894104004,0.2712440490722656,,5.4287121295928955,0.6139416694641113,,0.2972118854522705,0.5704171657562256,,0.6153569221496582,,,,,0.3136587142944336,0.26483988761901855,,0.29338693618774414,,,0.28948187828063965,,,,,0.2985250949859619,,,,0.28223204612731934,0.6168279647827148,,,,,,,,0.6244759559631348,1.7800850868225098
2205,0.2695958614349365,7.7889227867126465,,,1.2616231441497803,,,,0.2705118656158447,,0.30451202392578125,0.26352691650390625,,0.66019606590271,0.6360008716583252,,0.28324198722839355,1.3623652458190918,,1.8013160228729248,,,,,0.29753994941711426,0.2888672351837158,,0.29079222679138184,,,0.3032951354980469,,,,,0.6195850372314453,,,,0.32333803176879883,0.563744068145752,,,,,,,,0.5995547771453857,0.6305367946624756
2206,0.29828810691833496,0.8279323577880859,,,0.5630578994750977,,,,0.29610204696655273,,0.3193848133087158,0.30512189865112305,,6.215936899185181,0.6203250885009766,,0.29772114753723145,1.347107172012329,,0.6120929718017578,,,,,0.32862019538879395,0.28572893142700195,,0.2703831195831299,,,0.27501487731933594,,,,,0.2825942039489746,,,,0.30751585960388184,1.4273910522460938,,,,,,,,0.7549700736999512,0.5604679584503174
2207,0.29635095596313477,20.911426067352295,,,0.26729583740234375,,,,0.2907698154449463,,0.2844381332397461,0.293485164642334,,3.4162230491638184,0.6428782939910889,,0.2971231937408447,0.5697910785675049,,2.543206214904785,,,,,0.32833099365234375,0.28475284576416016,,0.2789268493652344,,,0.2736198902130127,,,,,0.25780296325683594,,,,0.26526713371276855,0.5936939716339111,,,,,,,,0.650242805480957,0.5779998302459717
2208,0.2757580280303955,,,,1.3373682498931885,,,,0.2876260280609131,,0.27480316162109375,0.29459500312805176,,6.560955047607422,0.5794501304626465,,0.2812349796295166,1.0362181663513184,,2.0615649223327637,,,,,0.3178422451019287,0.2547118663787842,,0.30529308319091797,,,0.2659451961517334,,,,,0.27312803268432617,,,,0.2877049446105957,0.712242841720581,,,,,,,,0.899806022644043,0.5580489635467529
2209,0.2752408981323242,,,,0.5208358764648438,,,,0.3189699649810791,,0.29768824577331543,0.29131007194519043,,3.0452070236206055,0.609133243560791,,0.2941110134124756,0.5864791870117188,,2.0627198219299316,,,,,0.31324005126953125,0.27525877952575684,,0.29216790199279785,,,0.27608776092529297,,,,,0.2969489097595215,,,,0.2690129280090332,1.3906850814819336,,,,,,,,0.6206128597259521,0.5601089000701904
2210,0.3003110885620117,,,,0.9531800746917725,,,,0.28273510932922363,,0.277569055557251,0.26807594299316406,,0.6797871589660645,0.6214070320129395,,0.28902292251586914,0.6115660667419434,,1.0390739440917969,,,,,0.32581615447998047,0.2859361171722412,,0.2924177646636963,,,0.2949230670928955,,,,,0.6442906856536865,,,,0.3224461078643799,5.5829758644104,,,,,,,,1.379150629043579,0.5998101234436035
2211,0.28842902183532715,,,,1.2768797874450684,,,,0.29119014739990234,,0.29825687408447266,0.3033320903778076,,4.618157863616943,0.6571857929229736,,0.2995781898498535,0.606287956237793,,2.9032657146453857,,,,,0.34041619300842285,0.2868459224700928,,0.2930417060852051,,,0.28283190727233887,,,,,0.6419510841369629,,,,0.3094770908355713,1.8228552341461182,,,,,,,,0.6048860549926758,0.5977168083190918
2212,0.3146700859069824,,,,0.3978450298309326,,,,0.268604040145874,,0.3033418655395508,0.29167938232421875,,1.0804932117462158,0.6001880168914795,,0.32529115676879883,1.3269941806793213,,4.248412132263184,,,,,0.30457186698913574,0.2855968475341797,,0.2916569709777832,,,0.26729702949523926,,,,,0.28407788276672363,,,,0.3958568572998047,0.9963459968566895,,,,,,,,0.6121101379394531,0.5623757839202881
2213,0.2734980583190918,,,,1.204899787902832,,,,0.29876208305358887,,0.27617311477661133,0.26461195945739746,,4.599603891372681,0.6190412044525146,,0.28333592414855957,0.5479788780212402,,1.77311110496521,,,,,0.3167130947113037,0.26883983612060547,,0.308474063873291,,,0.28197407722473145,,,,,0.6566321849822998,,,,0.2900550365447998,1.3643221855163574,,,,,,,,1.6366140842437744,0.6045267581939697
2214,0.2881791591644287,,,,0.546353816986084,,,,0.3084716796875,,0.30025196075439453,0.262692928314209,,16.530969858169556,0.5912501811981201,,0.2785947322845459,0.5579051971435547,,0.5616288185119629,,,,,0.3249027729034424,0.2747530937194824,,0.2681539058685303,,,0.28048110008239746,,,,,0.32207202911376953,,,,0.5845727920532227,0.6213140487670898,,,,,,,,1.0683190822601318,0.5978670120239258
2215,0.2921772003173828,,,,0.9101061820983887,,,,0.2933168411254883,,0.5983848571777344,0.2916378974914551,,3.0365493297576904,0.6333048343658447,,0.28851795196533203,2.400339126586914,,3.198706865310669,,,,,0.30377697944641113,0.2652559280395508,,0.27121591567993164,,,0.28077268600463867,,,,,0.27139997482299805,,,,0.2896261215209961,0.6166121959686279,,,,,,,,0.6379570960998535,0.5620410442352295
2216,0.2925858497619629,,,,1.1871910095214844,,,,0.29603004455566406,,0.27346014976501465,0.3116719722747803,,4.222218990325928,0.649590015411377,,0.2940340042114258,0.9714334011077881,,0.5869920253753662,,,,,0.33257079124450684,0.30303406715393066,,0.27138185501098633,,,0.26680707931518555,,,,,0.2650778293609619,,,,0.6255807876586914,9.771202087402344,,,,,,,,1.0754938125610352,0.5785751342773438
2217,0.31309986114501953,,,,1.2432470321655273,,,,0.2789909839630127,,0.2981140613555908,0.2911500930786133,,2.6393749713897705,0.6166958808898926,,0.3046231269836426,0.5856409072875977,,0.9600591659545898,,,,,0.3169248104095459,0.29436182975769043,,0.28413915634155273,,,0.28518176078796387,,,,,0.6457569599151611,,,,0.628371000289917,1.4285860061645508,,,,,,,,0.640343189239502,0.5779232978820801
2218,0.2817699909210205,,,,0.552825927734375,,,,0.3020491600036621,,0.288862943649292,0.29070401191711426,,6.684582948684692,0.600013017654419,,0.298814058303833,0.5812292098999023,,0.593585729598999,,,,,0.3283350467681885,0.2908291816711426,,0.31412196159362793,,,0.269273042678833,,,,,0.6188180446624756,,,,0.2660391330718994,0.6122510433197021,,,,,,,,0.6183769702911377,2.0748510360717773
2219,0.2996251583099365,,,,1.1825621128082275,,,,0.2938721179962158,,0.28707313537597656,0.29262423515319824,,7.387293815612793,0.620764970779419,,0.28382110595703125,0.9787206649780273,,1.2256920337677002,,,,,0.3059358596801758,0.29388904571533203,,0.2911210060119629,,,0.28406190872192383,,,,,0.5874843597412109,,,,0.6106669902801514,0.6137707233428955,,,,,,,,1.3628160953521729,1.3170421123504639
2220,0.2723958492279053,,,,0.5507509708404541,,,,0.27878665924072266,,0.31799793243408203,0.2669861316680908,,3.0145208835601807,0.6068627834320068,,0.29584717750549316,0.5471291542053223,,0.5642709732055664,,,,,0.3331120014190674,0.29091811180114746,,0.29552793502807617,,,0.3078789710998535,,,,,0.6816401481628418,,,,0.5701119899749756,0.6149108409881592,,,,,,,,0.6254048347473145,0.6067469120025635
2221,0.2919890880584717,,,,1.2226011753082275,,,,0.3008582592010498,,0.2800593376159668,0.3118119239807129,,3.464463233947754,0.6432011127471924,,0.2734389305114746,0.5936658382415771,,0.9699859619140625,,,,,0.32582807540893555,0.31244802474975586,,0.28833508491516113,,,0.27112412452697754,,,,,0.5961830615997314,,,,0.595768928527832,11.91802191734314,,,,,,,,0.5992026329040527,0.584022045135498
2222,0.30722498893737793,,,,0.5338664054870605,,,,0.2826228141784668,,0.30194902420043945,0.2961101531982422,,4.232696056365967,0.6483747959136963,,0.3042142391204834,0.5867438316345215,,0.5895900726318359,,,,,0.3138580322265625,0.291517972946167,,0.2941000461578369,,,0.2633168697357178,,,,,0.6354470252990723,,,,0.30483198165893555,1.4105160236358643,,,,,,,,0.5972909927368164,0.6060681343078613
2223,0.2954716682434082,,,,0.5633678436279297,,,,0.3020946979522705,,0.27304506301879883,0.28886914253234863,,5.84178900718689,0.61456298828125,,0.28086400032043457,1.7768681049346924,,0.5982229709625244,,,,,0.31774425506591797,0.2632420063018799,,0.2835109233856201,,,0.274871826171875,,,,,0.27555298805236816,,,,0.27002906799316406,15.823976039886475,,,,,,,,0.619300127029419,0.2757289409637451
2224,0.28809189796447754,,,,0.276033878326416,,,,0.2977268695831299,,0.29691100120544434,0.29856419563293457,,3.0373990535736084,0.6634008884429932,,0.2998850345611572,0.5763063430786133,,0.560798168182373,,,,,0.3262450695037842,0.2923309803009033,,0.29111695289611816,,,0.2925148010253906,,,,,0.25620007514953613,,,,0.5937590599060059,4.0524983406066895,,,,,,,,0.5963547229766846,0.5631189346313477
2225,0.2861356735229492,,,,0.5788259506225586,,,,0.3010890483856201,,0.27663087844848633,0.2834031581878662,,2.6453490257263184,0.6181418895721436,,0.2920572757720947,0.5785720348358154,,0.5911121368408203,,,,,0.33234190940856934,0.26603102684020996,,0.2930119037628174,,,0.3137509822845459,,,,,0.2747151851654053,,,,0.2899181842803955,1.3636939525604248,,,,,,,,0.6194679737091064,0.5804688930511475
2226,0.2992420196533203,,,,1.9590110778808594,,,,0.2928009033203125,,0.3010122776031494,0.31454014778137207,,3.0825469493865967,0.6523740291595459,,0.2881510257720947,0.5756347179412842,,0.5789940357208252,,,,,0.352003812789917,0.3094930648803711,,0.2911489009857178,,,0.28764915466308594,,,,,0.2954890727996826,,,,0.32053184509277344,1.0627901554107666,,,,,,,,1.4467079639434814,0.6216280460357666
2227,0.29381299018859863,,,,0.5926649570465088,,,,0.27407383918762207,,0.28656816482543945,0.26890015602111816,,3.448499917984009,0.6167171001434326,,0.3030221462249756,0.5899369716644287,,0.5823919773101807,,,,,0.3027060031890869,0.29160284996032715,,0.2948911190032959,,,0.27211499214172363,,,,,0.25399303436279297,,,,0.32509613037109375,1.809520959854126,,,,,,,,0.6255002021789551,0.6022520065307617
2228,0.2731900215148926,,,,0.5568649768829346,,,,0.2749509811401367,,0.297504186630249,0.27660107612609863,,9.03864598274231,0.6172058582305908,,0.27533984184265137,0.5493991374969482,,0.571937084197998,,,,,0.3215160369873047,0.2903461456298828,,0.3143620491027832,,,0.27040791511535645,,,,,0.29419493675231934,,,,0.6039400100708008,0.6278769969940186,,,,,,,,1.3715121746063232,0.6377153396606445
2229,0.2712397575378418,,,,0.5780458450317383,,,,0.29717516899108887,,0.32434582710266113,0.291964054107666,,7.349523067474365,0.60884690284729,,0.2823669910430908,0.5933208465576172,,1.1968748569488525,,,,,0.31495118141174316,0.2663390636444092,,0.28925538063049316,,,0.2867698669433594,,,,,0.28830575942993164,,,,0.5851929187774658,1.4270267486572266,,,,,,,,0.6403779983520508,0.622189998626709
2230,0.27530384063720703,,,,1.254667043685913,,,,0.2980079650878906,,0.286895751953125,0.26842284202575684,,1.4769389629364014,0.6106853485107422,,0.286301851272583,1.0253119468688965,,0.5363638401031494,,,,,0.32595109939575195,0.2649672031402588,,0.2664468288421631,,,0.28620386123657227,,,,,0.6198499202728271,,,,0.4247610569000244,1.3817777633666992,,,,,,,,0.6340048313140869,0.5694081783294678
2231,0.30430006980895996,,,,0.9586179256439209,,,,0.2959601879119873,,0.2768580913543701,0.2980649471282959,,0.6241037845611572,0.6282811164855957,,0.29355907440185547,1.3940870761871338,,0.5459997653961182,,,,,0.33505892753601074,0.3029799461364746,,0.296314001083374,,,0.2888779640197754,,,,,0.2688460350036621,,,,0.2861018180847168,0.629417896270752,,,,,,,,0.6309740543365479,0.5795347690582275
2232,0.3060801029205322,,,,0.34781312942504883,,,,0.28096914291381836,,0.28737306594848633,0.2771780490875244,,0.622143030166626,0.5967609882354736,,0.3055751323699951,0.5927789211273193,,0.5767233371734619,,,,,0.3237481117248535,0.2941398620605469,,0.28894901275634766,,,0.29714107513427734,,,,,0.27260398864746094,,,,0.5802621841430664,5.401247978210449,,,,,,,,0.6179020404815674,0.6530928611755371
2233,0.2946178913116455,,,,0.9587419033050537,,,,0.29906630516052246,,0.2987792491912842,0.2944161891937256,,0.638617753982544,0.6221230030059814,,0.297609806060791,1.3576703071594238,,0.5826430320739746,,,,,0.3103909492492676,0.29355597496032715,,0.31368494033813477,,,0.28809189796447754,,,,,0.300548791885376,,,,0.6153719425201416,4.345369100570679,,,,,,,,1.3214869499206543,0.5720560550689697
2234,0.2848029136657715,,,,0.26424193382263184,,,,0.29502320289611816,,0.2987658977508545,0.29160404205322266,,0.6339170932769775,0.5913290977478027,,0.2881920337677002,0.5427839756011963,,0.5813829898834229,,,,,0.30637288093566895,0.29166483879089355,,0.2880401611328125,,,0.2957768440246582,,,,,0.2854430675506592,,,,0.5915560722351074,1.4676361083984375,,,,,,,,0.5975768566131592,0.5968742370605469
2235,0.2761209011077881,,,,0.5481746196746826,,,,0.27899980545043945,,0.3010549545288086,0.2676279544830322,,1.4600231647491455,0.5884349346160889,,0.2942681312561035,0.3248612880706787,,0.567188024520874,,,,,0.3312802314758301,0.2696220874786377,,0.29401493072509766,,,0.30955004692077637,,,,,0.33333778381347656,,,,0.26846909523010254,0.6259729862213135,,,,,,,,0.6481430530548096,0.5906980037689209
2236,0.29817867279052734,,,,0.5789337158203125,,,,0.2988600730895996,,0.26021671295166016,0.31537675857543945,,0.6613900661468506,0.6087510585784912,,0.27716994285583496,0.5627052783966064,,0.5697901248931885,,,,,0.35188794136047363,0.2924818992614746,,0.29049205780029297,,,0.29194068908691406,,,,,0.2970290184020996,,,,0.9926900863647461,2.1551191806793213,,,,,,,,1.3167951107025146,0.6103610992431641
2237,0.3048439025878906,,,,0.23455190658569336,,,,0.2950599193572998,,0.3002791404724121,0.285003662109375,,0.6249401569366455,0.6076309680938721,,0.30310916900634766,0.5826930999755859,,1.1513619422912598,,,,,0.3182239532470703,0.27697205543518066,,0.27946925163269043,,,0.26857709884643555,,,,,1.1052839756011963,,,,0.577509880065918,0.6316220760345459,,,,,,,,0.5909698009490967,0.5866851806640625
2238,0.29749584197998047,,,,0.3312859535217285,,,,0.2847599983215332,,0.25296497344970703,0.2728409767150879,,0.28951501846313477,0.6191611289978027,,0.2990880012512207,0.6086459159851074,,0.5798931121826172,,,,,0.30838799476623535,0.2664148807525635,,0.29471707344055176,,,0.2885880470275879,,,,,0.6299099922180176,,,,0.5809361934661865,4.505358695983887,,,,,,,,0.6182568073272705,0.6295998096466064
2239,0.2863578796386719,,,,0.22478795051574707,,,,0.3090991973876953,,1.103856086730957,0.28041696548461914,,0.64333176612854,0.6224169731140137,,0.27837419509887695,0.9963581562042236,,0.5960140228271484,,,,,0.32105588912963867,0.27779603004455566,,0.27338171005249023,,,0.2693629264831543,,,,,1.0700750350952148,,,,0.2648317813873291,6.843267917633057,,,,,,,,1.3692841529846191,1.0965120792388916
2240,0.28722572326660156,,,,0.24315094947814941,,,,0.29791736602783203,,0.292863130569458,0.2702291011810303,,0.596966028213501,0.6051948070526123,,0.299213171005249,2.5012550354003906,,1.3704230785369873,,,,,0.32047605514526367,0.27393603324890137,,0.2758629322052002,,,0.2949409484863281,,,,,0.5908846855163574,,,,0.26868510246276855,2.184161901473999,,,,,,,,0.5771636962890625,0.5934410095214844
2241,0.28830504417419434,,,,1.2104730606079102,,,,0.27304506301879883,,0.3182661533355713,0.29175806045532227,,0.644503116607666,1.4785168170928955,,0.29403209686279297,1.3695838451385498,,1.413343906402588,,,,,0.34353089332580566,0.2965869903564453,,0.2786068916320801,,,0.28148603439331055,,,,,0.30718088150024414,,,,0.298198938369751,3.7623178958892822,,,,,,,,0.5970323085784912,0.5832037925720215
2242,0.3013577461242676,,,,0.5805649757385254,,,,0.2865109443664551,,0.2864062786102295,0.26775217056274414,,0.6228220462799072,0.626136064529419,,0.30804991722106934,0.5735149383544922,,1.1987180709838867,,,,,0.3086860179901123,0.27623820304870605,,0.2975609302520752,,,0.29320597648620605,,,,,1.0776870250701904,,,,0.5949070453643799,5.253957748413086,,,,,,,,1.111482858657837,0.6030709743499756
2243,0.2906608581542969,,,,0.583690881729126,,,,0.2924208641052246,,0.30031394958496094,0.2860538959503174,,0.6162879467010498,0.6222949028015137,,0.2876780033111572,1.7151927947998047,,2.833242893218994,,,,,0.3233489990234375,0.34442901611328125,,0.30947399139404297,,,0.2872190475463867,,,,,0.5995697975158691,,,,0.6851680278778076,1.291238784790039,,,,,,,,0.6412370204925537,0.6438369750976562
2244,0.2891979217529297,,,,0.5436487197875977,,,,0.3104391098022461,,0.27957701683044434,0.29058003425598145,,0.6397597789764404,0.6172628402709961,,0.27211689949035645,0.5979177951812744,,0.6232011318206787,,,,,0.334744930267334,0.29221200942993164,,0.2889254093170166,,,0.2712860107421875,,,,,0.2839531898498535,,,,0.29164791107177734,6.753256797790527,,,,,,,,0.5973727703094482,0.620880126953125
2245,0.294299840927124,,,,2.3287758827209473,,,,0.29339003562927246,,0.29775476455688477,0.2957301139831543,,0.6015579700469971,0.6200149059295654,,0.2990739345550537,0.9927799701690674,,4.335150241851807,,,,,0.3094618320465088,0.26641201972961426,,0.2695770263671875,,,0.3131899833679199,,,,,0.3004751205444336,,,,0.271909236907959,16.032382011413574,,,,,,,,1.067553997039795,0.969531774520874
2246,0.28813695907592773,,,,1.252027988433838,,,,0.29027581214904785,,0.30908894538879395,0.3098790645599365,,2.2598769664764404,0.7104272842407227,,0.27519679069519043,0.6106698513031006,,3.5664889812469482,,,,,0.34113526344299316,0.31481003761291504,,0.2948479652404785,,,0.29265308380126953,,,,,0.503464937210083,,,,0.6208558082580566,0.624281644821167,,,,,,,,0.9383058547973633,0.6234860420227051
2247,0.3092210292816162,,,,0.5549559593200684,,,,0.294130802154541,,0.32101988792419434,0.28788089752197266,,0.6543469429016113,1.3931398391723633,,0.29900288581848145,2.9529929161071777,,0.6311988830566406,,,,,0.31869006156921387,0.2947871685028076,,0.2977468967437744,,,0.28740596771240234,,,,,0.2852332592010498,,,,0.5472519397735596,7.252948045730591,,,,,,,,0.6159031391143799,0.5817382335662842
2248,0.2872459888458252,,,,0.5186967849731445,,,,0.27768826484680176,,0.2787327766418457,0.2700350284576416,,0.6674058437347412,0.639603853225708,,0.2993791103363037,0.5931882858276367,,0.5728640556335449,,,,,0.3180270195007324,0.2885100841522217,,0.3102540969848633,,,0.29894089698791504,,,,,0.28755712509155273,,,,0.28891587257385254,0.6001789569854736,,,,,,,,0.6415438652038574,1.3677210807800293
2249,0.2787618637084961,,,,0.2569761276245117,,,,0.28719496726989746,,0.2737557888031006,0.2627990245819092,,0.6427500247955322,0.651170015335083,,0.28209590911865234,0.594959020614624,,2.047646999359131,,,,,0.3063652515411377,0.29682493209838867,,0.28403806686401367,,,0.29223203659057617,,,,,0.3499448299407959,,,,0.6058971881866455,16.08188533782959,,,,,,,,0.6079647541046143,0.6217458248138428
2250,0.2976088523864746,,,,0.8137438297271729,,,,0.28666210174560547,,0.2758190631866455,0.28799891471862793,,0.5970089435577393,0.6192197799682617,,0.3018829822540283,1.7563469409942627,,0.5945920944213867,,,,,0.3229188919067383,0.2852938175201416,,0.29328298568725586,,,0.3021557331085205,,,,,1.0909528732299805,,,,0.3663780689239502,20.254531145095825,,,,,,,,0.5888240337371826,0.5883419513702393
2251,0.2888519763946533,,,,0.5810039043426514,,,,0.29872798919677734,,0.3192598819732666,0.30583906173706055,,0.6434049606323242,0.5971710681915283,,0.2719759941101074,0.5892081260681152,,0.6322190761566162,,,,,0.3367891311645508,0.31567811965942383,,0.29566311836242676,,,0.2755699157714844,,,,,0.2907991409301758,,,,0.6206181049346924,0.9388267993927002,,,,,,,,0.6524810791015625,0.5801379680633545
2252,0.30794811248779297,,,,0.5359141826629639,,,,0.28992581367492676,,0.28061890602111816,0.2750871181488037,,0.640920877456665,1.0799598693847656,,0.3069918155670166,1.004521131515503,,2.058624029159546,,,,,0.31942009925842285,0.27240967750549316,,0.2686588764190674,,,0.26416993141174316,,,,,0.540618896484375,,,,1.3968210220336914,1.420600175857544,,,,,,,,0.6204197406768799,0.5973818302154541
2253,0.28482794761657715,,,,1.18864107131958,,,,0.29434990882873535,,0.27889370918273926,0.2701878547668457,,1.4962916374206543,0.595844030380249,,0.2968761920928955,0.58406662940979,,0.5858938694000244,,,,,0.32711076736450195,0.2767810821533203,,0.30740904808044434,,,0.2776470184326172,,,,,1.100632905960083,,,,0.5761902332305908,14.657449007034302,,,,,,,,0.6264932155609131,0.580430269241333
2254,0.2931678295135498,,,,0.7595031261444092,,,,0.30638694763183594,,0.29286909103393555,0.28513193130493164,,0.6195869445800781,0.607363224029541,,0.2812211513519287,1.012007236480713,,0.5464529991149902,,,,,0.3068249225616455,0.27442479133605957,,0.2950458526611328,,,0.2740311622619629,,,,,0.2556948661804199,,,,0.5953428745269775,3.024916887283325,,,,,,,,0.6364281177520752,0.5656328201293945
2255,0.29120373725891113,,,,1.2714979648590088,,,,0.29316091537475586,,0.2982978820800781,0.29415106773376465,,2.9870800971984863,1.3301141262054443,,0.29810285568237305,3.244429111480713,,0.5779740810394287,,,,,0.3286118507385254,0.27889513969421387,,0.29486083984375,,,0.29744791984558105,,,,,0.2786891460418701,,,,0.6486508846282959,15.709803819656372,,,,,,,,0.6656579971313477,0.5991499423980713
2256,0.2884328365325928,,,,0.5739009380340576,,,,0.2659947872161865,,0.2937431335449219,0.3140709400177002,,0.6457579135894775,1.423325777053833,,0.28408193588256836,0.641575813293457,,0.58732008934021,,,,,0.31954193115234375,0.29442596435546875,,0.2846059799194336,,,0.2721700668334961,,,,,0.5113980770111084,,,,0.309049129486084,1.0071442127227783,,,,,,,,0.615772008895874,0.6030228137969971
2257,0.30336570739746094,,,,1.2690179347991943,,,,0.29549288749694824,,0.2779831886291504,0.26622581481933594,,0.8379063606262207,1.0872769355773926,,0.3193819522857666,2.037545919418335,,2.6303799152374268,,,,,0.2978692054748535,0.27424097061157227,,0.2963838577270508,,,0.2791292667388916,,,,,0.2776980400085449,,,,0.5667829513549805,2.1452581882476807,,,,,,,,2.2065799236297607,0.6098630428314209
2258,0.2886850833892822,,,,0.5965781211853027,,,,0.2911980152130127,,0.298738956451416,0.27882909774780273,,0.6426329612731934,1.4091880321502686,,0.2910032272338867,0.5527780055999756,,0.9157259464263916,,,,,0.6482129096984863,0.2733747959136963,,0.31137919425964355,,,0.27309584617614746,,,,,0.2729380130767822,,,,0.5363781452178955,1.4099030494689941,,,,,,,,1.3812499046325684,1.817471981048584
2259,0.2908000946044922,,,,0.9854671955108643,,,,0.3083992004394531,,0.2868368625640869,0.288405179977417,,0.6169960498809814,1.6323230266571045,,0.27502894401550293,0.5708541870117188,,0.530684232711792,,,,,0.6492271423339844,0.2752501964569092,,0.2919921875,,,0.2671232223510742,,,,,0.29874610900878906,,,,0.2664000988006592,2.1911799907684326,,,,,,,,1.0571660995483398,2.491262912750244
2260,0.31412506103515625,,,,1.2272450923919678,,,,0.2966940402984619,,0.29197096824645996,0.29343199729919434,,0.6438767910003662,1.0270349979400635,,0.2807810306549072,0.5911312103271484,,0.545989990234375,,,,,0.32230210304260254,0.27392005920410156,,0.27233314514160156,,,0.29998183250427246,,,,,0.5237300395965576,,,,0.6108736991882324,20.51252293586731,,,,,,,,0.6195557117462158,1.3429560661315918
2261,0.3080592155456543,,,,1.2068607807159424,,,,0.2935669422149658,,0.31375813484191895,0.31499218940734863,,0.6271159648895264,0.8648498058319092,,0.300443172454834,2.894592046737671,,0.5931448936462402,,,,,0.3334221839904785,0.3173649311065674,,0.2769458293914795,,,0.2677791118621826,,,,,0.5849909782409668,,,,0.6129159927368164,21.254048109054565,,,,,,,,0.640718936920166,0.8383779525756836
2262,0.3175079822540283,,,,1.2977478504180908,,,,0.3075602054595947,,0.6455249786376953,0.2823338508605957,,0.6167831420898438,0.6614339351654053,,0.2994859218597412,0.5858070850372314,,3.9146487712860107,,,,,0.7040817737579346,0.2911961078643799,,0.2759857177734375,,,0.28560686111450195,,,,,1.111396074295044,,,,0.30660176277160645,0.01923203468322754,,,,,,,,1.0547778606414795,0.6127791404724121
2263,0.28690004348754883,,,,0.5586190223693848,,,,0.27561283111572266,,0.5916018486022949,0.27159786224365234,,0.6152501106262207,0.6397509574890137,,0.30106115341186523,0.5595369338989258,,0.6042239665985107,,,,,0.32524800300598145,0.2919890880584717,,0.29345703125,,,0.2943141460418701,,,,,1.0775392055511475,,,,0.5676090717315674,1.0718679428100586,,,,,,,,0.6205329895019531,1.0025789737701416
2264,0.2797729969024658,,,,0.535668134689331,,,,0.3002657890319824,,0.2989788055419922,0.2678687572479248,,1.0629329681396484,1.048111915588379,,0.2862279415130615,0.5762839317321777,,0.5746161937713623,,,,,1.1630783081054688,0.29361772537231445,,0.2745499610900879,,,0.29172301292419434,,,,,0.3202958106994629,,,,0.2892642021179199,1.4521620273590088,,,,,,,,0.6135129928588867,0.5910518169403076
2265,0.29616689682006836,,,,0.5755171775817871,,,,0.30089807510375977,,0.2909722328186035,0.27897191047668457,,0.634037971496582,0.589993953704834,,0.29676389694213867,0.5930149555206299,,0.5765209197998047,,,,,0.7778480052947998,0.2826070785522461,,0.2790849208831787,,,0.309689998626709,,,,,0.6581230163574219,,,,0.6101419925689697,11.716216087341309,,,,,,,,0.6305129528045654,0.5789902210235596
2266,0.3170018196105957,,,,0.6924378871917725,,,,0.27727484703063965,,0.29084014892578125,0.28694891929626465,,0.7217750549316406,0.6380689144134521,,0.2739551067352295,0.6145830154418945,,19.014249086380005,,,,,0.30579304695129395,0.2902071475982666,,0.27239489555358887,,,0.29513120651245117,,,,,0.2884237766265869,,,,0.5579020977020264,1.085845947265625,,,,,,,,0.6116118431091309,0.270247220993042
2267,0.31475400924682617,,,,0.555988073348999,,,,0.3000061511993408,,0.31380677223205566,0.2884197235107422,,0.6168670654296875,0.6168489456176758,,0.2989370822906494,0.592674970626831,,1.2512710094451904,,,,,0.311931848526001,0.27068424224853516,,0.2722740173339844,,,0.26584601402282715,,,,,1.0908772945404053,,,,0.8234808444976807,0.631446123123169,,,,,,,,0.5867960453033447,0.6027820110321045
2268,0.2821919918060303,,,,0.6156010627746582,,,,0.2897520065307617,,0.2876429557800293,0.29042983055114746,,0.6461677551269531,0.5926651954650879,,0.2979550361633301,0.5966207981109619,,18.9111590385437,,,,,0.34551191329956055,0.2782011032104492,,0.29706692695617676,,,0.286578893661499,,,,,0.5998661518096924,,,,0.6487388610839844,3.163851022720337,,,,,,,,0.6111838817596436,0.587824821472168
2269,0.30306410789489746,,,,0.5625021457672119,,,,0.3078019618988037,,0.2940077781677246,0.29365110397338867,,0.2906789779663086,0.6037468910217285,,0.29442596435546875,5.181225061416626,,5.652174234390259,,,,,0.6605119705200195,0.27617406845092773,,0.29566502571105957,,,0.2742500305175781,,,,,0.29589295387268066,,,,0.2857363224029541,0.6435189247131348,,,,,,,,1.0731220245361328,0.6078851222991943
2270,0.3039238452911377,,,,0.5370941162109375,,,,0.29488110542297363,,0.2884829044342041,0.2924799919128418,,0.6488797664642334,1.603240966796875,,0.2887849807739258,2.1528451442718506,,0.5628228187561035,,,,,0.3293020725250244,0.2983591556549072,,0.29531288146972656,,,0.29166698455810547,,,,,0.6252310276031494,,,,1.1214878559112549,0.6193699836730957,,,,,,,,0.5985078811645508,0.5883278846740723
2271,0.2802259922027588,,,,1.0416309833526611,,,,0.27843809127807617,,0.27254605293273926,0.3119528293609619,,0.6175198554992676,1.0393729209899902,,0.2846221923828125,1.4442791938781738,,18.763194799423218,,,,,0.7028179168701172,0.30677127838134766,,0.2839810848236084,,,0.27988195419311523,,,,,0.2907700538635254,,,,0.2696719169616699,0.6308798789978027,,,,,,,,1.442488193511963,0.5966317653656006
2272,0.3344240188598633,,,,0.5655517578125,,,,0.28051209449768066,,0.3079261779785156,0.2685260772705078,,0.663895845413208,0.6398348808288574,,0.31975889205932617,0.5871639251708984,,18.901344060897827,,,,,0.6863558292388916,0.2985951900482178,,0.27291297912597656,,,0.27347493171691895,,,,,0.29566407203674316,,,,0.6104471683502197,4.298696279525757,,,,,,,,0.6248531341552734,0.6135711669921875
2273,0.31326913833618164,,,,0.5377330780029297,,,,0.29692530632019043,,0.30060696601867676,0.2955660820007324,,1.034487009048462,0.6177921295166016,,0.2718820571899414,0.6052680015563965,,19.1618869304657,,,,,0.7278330326080322,0.27584409713745117,,0.28968000411987305,,,0.2804548740386963,,,,,0.30246996879577637,,,,0.5280971527099609,0.6198570728302002,,,,,,,,0.6128730773925781,0.6048858165740967
2274,0.28551602363586426,,,,1.24381685256958,,,,0.31267881393432617,,0.28072404861450195,0.2905600070953369,,0.5991799831390381,1.350602149963379,,0.2829921245574951,0.6616592407226562,,18.905773162841797,,,,,0.704132080078125,0.2693910598754883,,0.27088308334350586,,,0.26825904846191406,,,,,0.615332841873169,,,,0.6263370513916016,0.6436729431152344,,,,,,,,0.6329100131988525,0.5996651649475098
2275,0.2916901111602783,,,,1.266113042831421,,,,0.2844889163970947,,0.2988872528076172,0.3007009029388428,,0.6899337768554688,0.5867540836334229,,0.29843783378601074,1.3564722537994385,,18.816452264785767,,,,,0.32590317726135254,0.2820417881011963,,0.27613186836242676,,,0.3010287284851074,,,,,1.0800282955169678,,,,1.3122098445892334,0.6014153957366943,,,,,,,,0.6597979068756104,0.6097979545593262
2276,0.29292893409729004,,,,1.2344040870666504,,,,0.2916731834411621,,0.3026759624481201,0.29331088066101074,,0.5954060554504395,0.6155271530151367,,0.2841341495513916,0.36090779304504395,,18.7830810546875,,,,,0.6822988986968994,0.31793785095214844,,0.2727808952331543,,,0.2824671268463135,,,,,0.3062479496002197,,,,2.108236074447632,0.6539731025695801,,,,,,,,0.5964858531951904,0.6101951599121094
2277,0.3077840805053711,,,,0.23862719535827637,,,,0.29524803161621094,,0.2785017490386963,0.27214694023132324,,3.0679190158843994,0.6259920597076416,,0.29285287857055664,0.6221771240234375,,16.10511803627014,,,,,0.3146529197692871,0.2814478874206543,,0.27897191047668457,,,0.2686309814453125,,,,,0.29872703552246094,,,,0.5927219390869141,1.418769121170044,,,,,,,,0.6382260322570801,0.6007521152496338
2278,0.28862786293029785,,,,1.2071871757507324,,,,0.2702510356903076,,0.2995479106903076,0.2758491039276123,,0.6107809543609619,0.6173419952392578,,0.2974388599395752,0.5635552406311035,,0.5303761959075928,,,,,0.6996269226074219,0.2744770050048828,,0.29332470893859863,,,0.28826212882995605,,,,,0.27809596061706543,,,,0.28839802742004395,0.6343920230865479,,,,,,,,0.642179012298584,0.6332840919494629
2279,0.2800719738006592,,,,1.170729160308838,,,,0.31442713737487793,,0.2989077568054199,0.2683749198913574,,1.8744430541992188,1.3417038917541504,,0.2930788993835449,1.0208120346069336,,2.599273920059204,,,,,0.32660365104675293,0.27782201766967773,,0.27312588691711426,,,0.28931474685668945,,,,,0.6021201610565186,,,,0.2954418659210205,14.716960906982422,,,,,,,,1.3150200843811035,0.6330640316009521
2280,0.2891111373901367,,,,0.8647191524505615,,,,0.2891557216644287,,0.31816601753234863,0.27329492568969727,,0.65313720703125,1.4056429862976074,,0.2740638256072998,1.0294671058654785,,0.5798752307891846,,,,,0.30768585205078125,0.2974100112915039,,0.27787327766418457,,,0.2869539260864258,,,,,0.3040447235107422,,,,0.9712779521942139,1.156923770904541,,,,,,,,0.6147432327270508,0.5880720615386963
2281,0.2943589687347412,,,,0.5612759590148926,,,,0.2853212356567383,,0.3278491497039795,0.30579590797424316,,0.6722252368927002,1.037219762802124,,0.2801220417022705,0.5922870635986328,,0.5662600994110107,,,,,0.3039376735687256,0.3033158779144287,,0.2705698013305664,,,0.2633490562438965,,,,,1.0888900756835938,,,,0.3037841320037842,1.0896508693695068,,,,,,,,1.0234203338623047,0.6552150249481201
2282,0.30821990966796875,,,,0.41994214057922363,,,,0.3000359535217285,,0.6076860427856445,0.28669190406799316,,0.6243729591369629,0.6130020618438721,,0.29721522331237793,1.3901402950286865,,0.5784502029418945,,,,,0.32308101654052734,0.2721590995788574,,0.2789020538330078,,,0.2876288890838623,,,,,0.630007266998291,,,,0.7109167575836182,6.337050199508667,,,,,,,,0.6080739498138428,0.5668299198150635
2283,0.29345703125,,,,0.5317838191986084,,,,0.28297996520996094,,0.32353806495666504,0.2722740173339844,,0.6500401496887207,1.0530438423156738,,0.3044288158416748,0.6093721389770508,,0.5319039821624756,,,,,0.3068370819091797,0.3034491539001465,,0.31450915336608887,,,0.2947258949279785,,,,,0.6473381519317627,,,,0.6081211566925049,1.0993077754974365,,,,,,,,0.5940589904785156,0.59049391746521
2284,0.28433680534362793,,,,0.5723071098327637,,,,0.3185417652130127,,0.27021098136901855,0.2753920555114746,,0.6452679634094238,0.6047830581665039,,0.2783048152923584,1.349686861038208,,0.5271279811859131,,,,,0.31653785705566406,0.28177905082702637,,0.2864410877227783,,,0.29155921936035156,,,,,0.3271489143371582,,,,1.3833580017089844,0.6095409393310547,,,,,,,,0.5773711204528809,0.6173110008239746
2285,0.29889893531799316,,,,1.2640419006347656,,,,0.2752718925476074,,0.32619285583496094,0.28008222579956055,,0.6170361042022705,1.3836548328399658,,0.2993316650390625,0.557548999786377,,1.276270866394043,,,,,0.3236351013183594,0.29947328567504883,,0.2892270088195801,,,0.3111588954925537,,,,,0.6091499328613281,,,,0.6058590412139893,1.3807661533355713,,,,,,,,0.6378412246704102,0.6274700164794922
2286,0.2806382179260254,,,,0.2406599521636963,,,,0.2762601375579834,,0.6173110008239746,0.28838515281677246,,0.6291120052337646,1.008406639099121,,0.30746030807495117,0.5917050838470459,,0.6281242370605469,,,,,0.3154439926147461,0.30326414108276367,,0.2979001998901367,,,0.2925691604614258,,,,,0.3488161563873291,,,,0.5982308387756348,0.6419200897216797,,,,,,,,1.183899164199829,0.5690350532531738
2287,0.32793593406677246,,,,1.2194831371307373,,,,0.3032550811767578,,0.7950220108032227,0.2977333068847656,,0.6479659080505371,0.6026041507720947,,0.30461716651916504,0.5377960205078125,,0.5399911403656006,,,,,0.3509390354156494,0.2879338264465332,,0.3099551200866699,,,0.291093111038208,,,,,0.3092479705810547,,,,0.32033491134643555,8.486571073532104,,,,,,,,0.6281230449676514,0.6029019355773926
2288,0.30340003967285156,,,,1.639970064163208,,,,0.28181886672973633,,0.597017765045166,0.29198312759399414,,1.4931321144104004,0.6056571006774902,,0.27573299407958984,0.5800421237945557,,0.5120360851287842,,,,,0.3019378185272217,0.27535510063171387,,0.29773378372192383,,,0.29239511489868164,,,,,0.2776498794555664,,,,0.2690596580505371,0.6716411113739014,,,,,,,,0.6044139862060547,0.56764817237854
2289,0.3093280792236328,,,,1.238252878189087,,,,0.3178229331970215,,0.2777879238128662,0.2910459041595459,,0.6197488307952881,0.5921440124511719,,0.29761409759521484,1.0007820129394531,,1.9979798793792725,,,,,0.3196437358856201,0.27020907402038574,,0.27718091011047363,,,0.2731761932373047,,,,,0.6196527481079102,,,,0.6284430027008057,1.7011656761169434,,,,,,,,1.0477311611175537,0.6136431694030762
2290,0.30957579612731934,,,,0.9601209163665771,,,,0.2850358486175537,,0.3176131248474121,0.28751111030578613,,2.2799861431121826,0.623161792755127,,0.2827019691467285,1.039801836013794,,0.919288158416748,,,,,0.3105170726776123,0.28046512603759766,,0.2976722717285156,,,0.2984750270843506,,,,,0.2963581085205078,,,,0.5721287727355957,1.4820280075073242,,,,,,,,0.6198489665985107,2.559135913848877
2291,0.30616283416748047,,,,0.957251787185669,,,,0.29442787170410156,,0.5996401309967041,0.31680893898010254,,1.0482749938964844,0.6118719577789307,,0.29660987854003906,0.5727508068084717,,0.5352609157562256,,,,,0.30251193046569824,0.31633520126342773,,0.2820737361907959,,,0.2752799987792969,,,,,0.28203797340393066,,,,0.3068089485168457,1.1056759357452393,,,,,,,,0.6105477809906006,0.6148419380187988
2292,0.3223152160644531,,,,1.2393510341644287,,,,0.2858898639678955,,0.31955790519714355,0.2879931926727295,,0.6453380584716797,0.614548921585083,,0.3071742057800293,0.6092000007629395,,0.523547887802124,,,,,0.32622694969177246,0.2789328098297119,,0.3057987689971924,,,0.3007638454437256,,,,,0.3197660446166992,,,,0.5790069103240967,0.6298229694366455,,,,,,,,1.8111190795898438,0.6282272338867188
2293,0.30824804306030273,,,,1.037226915359497,,,,0.2762908935546875,,0.6008491516113281,0.2951180934906006,,0.6422348022460938,0.6019761562347412,,0.2943580150604248,0.5976428985595703,,0.5474481582641602,,,,,0.3040809631347656,0.27946925163269043,,0.3214101791381836,,,0.29134392738342285,,,,,0.2821958065032959,,,,0.5628011226654053,1.7659502029418945,,,,,,,,0.6201128959655762,2.077569007873535
2294,0.2875998020172119,,,,1.287734031677246,,,,0.31009817123413086,,0.31821203231811523,0.2714560031890869,,1.814561128616333,0.6162490844726562,,0.2926609516143799,0.5942349433898926,,0.5304722785949707,,,,,0.3163330554962158,0.27494120597839355,,0.29108619689941406,,,0.2871100902557373,,,,,0.29288792610168457,,,,1.4930078983306885,0.6785149574279785,,,,,,,,0.6204638481140137,0.6150033473968506
2295,0.2879910469055176,,,,0.5903780460357666,,,,0.298137903213501,,0.26729393005371094,0.2839632034301758,,1.900918960571289,0.6240451335906982,,0.2753911018371582,0.5725431442260742,,0.5793132781982422,,,,,0.29784297943115234,0.29500889778137207,,0.28642988204956055,,,0.3096349239349365,,,,,0.2757749557495117,,,,0.7580611705780029,4.141582012176514,,,,,,,,0.6057820320129395,0.5611011981964111
2296,0.30206894874572754,,,,0.9403908252716064,,,,0.28020191192626953,,0.27727603912353516,0.32359910011291504,,0.6375820636749268,1.3822801113128662,,0.28070807456970215,1.2910468578338623,,0.5967700481414795,,,,,0.3075871467590332,0.3146700859069824,,0.2749598026275635,,,0.2713048458099365,,,,,0.2977180480957031,,,,0.594616174697876,2.1685731410980225,,,,,,,,0.5997598171234131,0.5767822265625
2297,0.32749485969543457,,,,0.5377287864685059,,,,0.29688501358032227,,0.29822206497192383,0.2788560390472412,,2.9485912322998047,0.5988140106201172,,0.3168189525604248,0.6015598773956299,,0.5968019962310791,,,,,0.3286869525909424,0.26990723609924316,,0.28399014472961426,,,0.29457879066467285,,,,,0.3036611080169678,,,,0.5719001293182373,2.23693585395813,,,,,,,,0.6230151653289795,0.60052490234375
2298,0.30620813369750977,,,,0.24894189834594727,,,,0.2889988422393799,,0.2984921932220459,0.3045523166656494,,0.6173508167266846,0.5887811183929443,,0.287883996963501,0.5902097225189209,,0.5782709121704102,,,,,0.3299851417541504,0.28920888900756836,,0.3188910484313965,,,0.29677796363830566,,,,,0.297177791595459,,,,0.651839017868042,4.970536947250366,,,,,,,,0.6427538394927979,0.5773193836212158
2299,0.2999308109283447,,,,1.1900312900543213,,,,0.30973315238952637,,0.2776610851287842,0.3034050464630127,,1.5627069473266602,0.6185951232910156,,0.28918981552124023,0.5780770778656006,,1.2575139999389648,,,,,0.3036320209503174,0.2965357303619385,,0.29569101333618164,,,0.28924107551574707,,,,,0.2816638946533203,,,,0.5766110420227051,2.622398853302002,,,,,,,,0.6359448432922363,0.5589261054992676
2300,0.3105201721191406,,,,0.5421228408813477,,,,0.2759130001068115,,0.30362606048583984,0.2835218906402588,,2.6357028484344482,0.5873317718505859,,0.2922060489654541,1.7084450721740723,,0.57967209815979,,,,,0.3051581382751465,0.2894752025604248,,0.2827141284942627,,,0.30035901069641113,,,,,0.29637908935546875,,,,1.4242591857910156,1.8330559730529785,,,,,,,,0.6057491302490234,0.6094257831573486
2301,0.2874491214752197,,,,1.0773797035217285,,,,0.28815197944641113,,0.611130952835083,0.29238295555114746,,0.6055691242218018,0.6191351413726807,,0.28450608253479004,0.9852659702301025,,0.5623939037322998,,,,,0.31976890563964844,0.31762099266052246,,0.3003411293029785,,,0.2864668369293213,,,,,0.3099069595336914,,,,0.30453920364379883,0.657322883605957,,,,,,,,0.5928082466125488,2.831514835357666
2302,0.3261101245880127,,,,0.5544102191925049,,,,0.2997138500213623,,0.27260899543762207,0.2979111671447754,,0.639707088470459,0.6390459537506104,,0.3215489387512207,0.5648200511932373,,0.9408218860626221,,,,,0.3187699317932129,0.2740311622619629,,0.28061914443969727,,,0.290881872177124,,,,,0.29082608222961426,,,,0.581373929977417,6.529740810394287,,,,,,,,1.05938720703125,0.6110599040985107
2303,0.2997918128967285,,,,1.7149319648742676,,,,0.2836601734161377,,0.6074299812316895,0.2799100875854492,,2.652911901473999,0.619135856628418,,0.27665090560913086,1.3509809970855713,,0.5444221496582031,,,,,0.33268094062805176,0.3023838996887207,,0.3166940212249756,,,0.27027392387390137,,,,,0.29987406730651855,,,,0.29922914505004883,12.305382251739502,,,,,,,,0.6183810234069824,1.733414888381958
2304,0.3076610565185547,,,,0.5436601638793945,,,,0.31296396255493164,,0.5995278358459473,0.27921390533447266,,1.8718798160552979,0.5902950763702393,,0.28072595596313477,2.134657859802246,,0.5613319873809814,,,,,0.3154640197753906,0.27616095542907715,,0.27051877975463867,,,0.28455114364624023,,,,,0.28335094451904297,,,,0.2581911087036133,6.316093921661377,,,,,,,,1.0686860084533691,0.6115310192108154
2305,0.3065199851989746,,,,0.5622670650482178,,,,0.2952730655670166,,0.2908632755279541,0.2974698543548584,,0.6424551010131836,0.6293470859527588,,0.2996799945831299,1.0087599754333496,,0.5457949638366699,,,,,0.31760096549987793,0.27636194229125977,,0.28838610649108887,,,0.3246150016784668,,,,,0.29482293128967285,,,,0.8424692153930664,1.4265940189361572,,,,,,,,0.6403188705444336,0.5975930690765381
2306,0.30429697036743164,,,,1.2455840110778809,,,,0.28679704666137695,,0.5955021381378174,0.30463099479675293,,3.313448905944824,0.6068267822265625,,0.29267096519470215,0.559412956237793,,0.5764861106872559,,,,,0.3208959102630615,0.2940061092376709,,0.29543232917785645,,,0.2999598979949951,,,,,0.286815881729126,,,,0.5770430564880371,5.435962915420532,,,,,,,,0.6466770172119141,0.6009230613708496
2307,0.3214900493621826,,,,1.2653329372406006,,,,0.2739698886871338,,0.5883829593658447,0.2966639995574951,,0.6148309707641602,0.6178419589996338,,0.2997570037841797,0.9904031753540039,,1.2742290496826172,,,,,0.3403940200805664,0.3052337169647217,,0.2855660915374756,,,0.2954239845275879,,,,,0.3084430694580078,,,,0.2613499164581299,5.653765916824341,,,,,,,,0.6197021007537842,0.6286578178405762
2308,0.2899329662322998,,,,0.5750951766967773,,,,0.2863638401031494,,0.598336935043335,0.27132105827331543,,0.6276957988739014,1.4064979553222656,,0.29834604263305664,1.6953351497650146,,0.561262845993042,,,,,0.31650805473327637,0.2785377502441406,,0.31356072425842285,,,0.279951810836792,,,,,0.2927742004394531,,,,0.5789527893066406,2.730767011642456,,,,,,,,1.0773231983184814,0.6184120178222656
2309,0.30794215202331543,,,,0.5815439224243164,,,,0.3202850818634033,,0.6866319179534912,0.2879199981689453,,0.5961341857910156,0.5870509147644043,,0.28170204162597656,4.784523010253906,,1.2690651416778564,,,,,0.31766223907470703,0.27550220489501953,,0.28879809379577637,,,0.30304718017578125,,,,,0.27861714363098145,,,,1.385256290435791,5.2190351486206055,,,,,,,,1.4067459106445312,0.6000299453735352
2310,0.3047959804534912,,,,0.5339651107788086,,,,0.28314805030822754,,0.2883951663970947,0.2998349666595459,,0.6473860740661621,0.2929081916809082,,0.27715373039245605,1.2448582649230957,,0.5769948959350586,,,,,0.3014860153198242,0.2727351188659668,,0.298969030380249,,,0.3024749755859375,,,,,0.27571821212768555,,,,0.6142549514770508,,,,,,,,,0.5935559272766113,0.6002829074859619
2311,0.3026459217071533,,,,0.5261580944061279,,,,0.29715991020202637,,0.3187861442565918,0.29831910133361816,,0.6234509944915771,0.6029148101806641,,0.3011360168457031,2.1834640502929688,,2.005284070968628,,,,,0.3274698257446289,0.29427313804626465,,0.27114200592041016,,,0.2715280055999756,,,,,0.29965901374816895,,,,0.567429780960083,,,,,,,,,0.6143231391906738,0.5844461917877197
2312,0.3336818218231201,,,,0.6152377128601074,,,,0.284088134765625,,0.5750458240509033,0.27623486518859863,,1.1620712280273438,1.3606359958648682,,0.30287599563598633,2.683873176574707,,1.285865068435669,,,,,0.3343212604522705,0.3007187843322754,,0.2789602279663086,,,0.29798102378845215,,,,,0.3048670291900635,,,,0.386185884475708,,,,,,,,,0.6461379528045654,1.0702621936798096
2313,0.29747509956359863,,,,1.0593059062957764,,,,0.29844021797180176,,0.39766812324523926,0.27348804473876953,,0.6136088371276855,0.6291859149932861,,0.2970550060272217,2.1488189697265625,,1.2689738273620605,,,,,0.32785892486572266,0.2905700206756592,,0.29935407638549805,,,0.2885911464691162,,,,,0.30039095878601074,,,,0.593372106552124,,,,,,,,,0.6235172748565674,0.6363749504089355
2314,0.30568981170654297,,,,0.5408809185028076,,,,0.30069708824157715,,0.622967004776001,0.2753937244415283,,0.6269741058349609,0.5768861770629883,,0.28095316886901855,2.4371471405029297,,0.6067647933959961,,,,,0.3084878921508789,0.28978776931762695,,0.29644322395324707,,,0.28887295722961426,,,,,0.31008005142211914,,,,0.29192376136779785,,,,,,,,,0.6403970718383789,0.6124200820922852
2315,0.28539013862609863,,,,1.6357309818267822,,,,0.2731330394744873,,0.5777170658111572,0.2671370506286621,,0.6325240135192871,0.5909759998321533,,0.2908668518066406,1.8018460273742676,,2.0069258213043213,,,,,0.32505273818969727,0.2965359687805176,,0.2928469181060791,,,0.3180580139160156,,,,,0.3025381565093994,,,,0.24859905242919922,,,,,,,,,0.6183900833129883,0.5890560150146484
2316,0.2865869998931885,,,,1.2592709064483643,,,,0.2990379333496094,,0.2998988628387451,0.28788304328918457,,0.6168670654296875,0.6342840194702148,,0.3003840446472168,0.999826192855835,,4.374095678329468,,,,,0.32453393936157227,0.2971158027648926,,0.28383684158325195,,,0.29807186126708984,,,,,0.2816169261932373,,,,0.6152949333190918,,,,,,,,,0.6416821479797363,1.1629910469055176
2317,0.3062782287597656,,,,0.5314769744873047,,,,0.2977910041809082,,0.2871990203857422,0.27690911293029785,,0.6244499683380127,0.6266829967498779,,0.2980649471282959,1.7313010692596436,,0.5667469501495361,,,,,0.32848310470581055,0.2759232521057129,,0.30039024353027344,,,0.3002967834472656,,,,,0.2941708564758301,,,,0.5776200294494629,,,,,,,,,0.620567798614502,0.5951337814331055
2318,0.28836488723754883,,,,0.9411299228668213,,,,0.2801799774169922,,0.2911410331726074,0.27326083183288574,,0.616379976272583,0.6372668743133545,,0.28557276725769043,1.754019021987915,,1.2698757648468018,,,,,0.6529750823974609,0.26976799964904785,,0.2995331287384033,,,0.27463579177856445,,,,,0.29677391052246094,,,,0.5911409854888916,,,,,,,,,0.617279052734375,0.5795469284057617
2319,0.29593777656555176,,,,0.8694877624511719,,,,0.3154280185699463,,0.2928178310394287,0.2771639823913574,,1.9725282192230225,0.6491730213165283,,0.2786548137664795,0.9950368404388428,,2.686063051223755,,,,,0.3541440963745117,0.27536797523498535,,0.2803819179534912,,,0.2780001163482666,,,,,0.2970113754272461,,,,0.5676250457763672,,,,,,,,,0.5873043537139893,1.3054189682006836
2320,0.2859461307525635,,,,1.2634963989257812,,,,0.285477876663208,,0.280529260635376,0.27613306045532227,,4.328470706939697,0.6158020496368408,,0.30097413063049316,1.0334141254425049,,1.312765121459961,,,,,0.3332641124725342,0.2990281581878662,,0.2876920700073242,,,0.3183579444885254,,,,,0.2844688892364502,,,,0.5989439487457275,,,,,,,,,0.6174499988555908,0.597280740737915
2321,0.28803205490112305,,,,0.9703490734100342,,,,0.2985527515411377,,0.5980098247528076,0.29422783851623535,,10.954148054122925,0.6078159809112549,,0.2806432247161865,1.0008668899536133,,18.517695903778076,,,,,0.6819918155670166,0.3072679042816162,,0.2974240779876709,,,0.29216599464416504,,,,,0.29299187660217285,,,,0.2754480838775635,,,,,,,,,0.6243462562561035,0.5902490615844727
2322,0.3168649673461914,,,,1.2383639812469482,,,,0.27192211151123047,,0.30402517318725586,0.28064918518066406,,5.041162967681885,0.6404929161071777,,0.32071495056152344,3.9623169898986816,,1.5427939891815186,,,,,0.33149194717407227,0.2922070026397705,,0.30733394622802734,,,0.2886042594909668,,,,,0.30617594718933105,,,,1.367762804031372,,,,,,,,,0.6457920074462891,0.5891561508178711
2323,0.27935194969177246,,,,1.2234580516815186,,,,0.2797679901123047,,0.35978126525878906,0.2686898708343506,,2.9411959648132324,0.6599266529083252,,0.28028416633605957,2.514209032058716,,18.465605974197388,,,,,0.32018494606018066,0.2933828830718994,,0.31264805793762207,,,0.29657602310180664,,,,,0.29150891304016113,,,,0.3017160892486572,,,,,,,,,1.3798527717590332,0.5770189762115479
2324,0.30109691619873047,,,,1.2502200603485107,,,,0.29498910903930664,,0.6920115947723389,0.2956259250640869,,0.6248116493225098,1.7771720886230469,,0.30121517181396484,2.457223892211914,,4.665383815765381,,,,,0.30613231658935547,0.2825789451599121,,0.2756171226501465,,,0.2805747985839844,,,,,0.2764408588409424,,,,0.5677073001861572,,,,,,,,,0.6375741958618164,0.6244571208953857
2325,0.2864511013031006,,,,0.5350978374481201,,,,0.27757787704467773,,0.2882359027862549,0.29045915603637695,,1.0715289115905762,3.6645560264587402,,0.27121424674987793,1.6933119297027588,,10.219795227050781,,,,,0.32531094551086426,0.27426719665527344,,0.3045949935913086,,,0.2973639965057373,,,,,0.2993338108062744,,,,1.036534070968628,,,,,,,,,0.6301920413970947,0.6298208236694336
2326,0.30244016647338867,,,,1.0140647888183594,,,,0.2735910415649414,,1.1050448417663574,0.3116130828857422,,0.6143879890441895,0.6112678050994873,,0.2898392677307129,2.497600793838501,,18.682042121887207,,,,,0.6887521743774414,0.2915959358215332,,0.27211999893188477,,,0.27019691467285156,,,,,0.30229783058166504,,,,1.3442978858947754,,,,,,,,,1.8298699855804443,0.6236181259155273
2327,0.3262619972229004,,,,0.5624241828918457,,,,0.2775380611419678,,1.1263313293457031,0.29312586784362793,,0.6243629455566406,0.6563329696655273,,0.30906105041503906,2.4829750061035156,,9.56052303314209,,,,,0.3517270088195801,0.300551176071167,,0.284862756729126,,,0.29927706718444824,,,,,0.3024139404296875,,,,0.6240019798278809,,,,,,,,,0.6659121513366699,0.6392219066619873
2328,0.3088381290435791,,,,0.5648379325866699,,,,0.29610514640808105,,1.1009278297424316,0.29202818870544434,,2.3540830612182617,0.6443660259246826,,0.2977421283721924,1.7632508277893066,,6.579517841339111,,,,,0.3107571601867676,0.29419589042663574,,0.31706905364990234,,,0.29327988624572754,,,,,0.2994370460510254,,,,0.5932049751281738,,,,,,,,,1.0448341369628906,0.6252789497375488
2329,0.29741501808166504,,,,0.5645003318786621,,,,0.311582088470459,,0.286548376083374,0.29262471199035645,,20.59112286567688,20.60455083847046,,0.2834818363189697,1.3885672092437744,,5.291747808456421,,,,,0.31938886642456055,0.28569889068603516,,0.29161906242370605,,,0.28554320335388184,,,,,0.28171610832214355,,,,0.6150698661804199,,,,,,,,,0.6451618671417236,0.6170008182525635
2330,0.28167295455932617,,,,1.2652547359466553,,,,0.2714200019836426,,0.27249789237976074,0.26825499534606934,,20.702565908432007,20.395834922790527,,0.2930762767791748,1.7592260837554932,,,,,,,0.325991153717041,0.2952101230621338,,0.2819511890411377,,,0.3122701644897461,,,,,0.3041517734527588,,,,0.9584059715270996,,,,,,,,,0.653393030166626,0.6281168460845947
2331,0.2815239429473877,,,,1.2864530086517334,,,,0.3040471076965332,,0.31918907165527344,0.3176999092102051,,1.0877151489257812,20.33595108985901,,0.2869398593902588,7.299499034881592,,,,,,,0.30626797676086426,0.30778980255126953,,0.3001108169555664,,,0.2880120277404785,,,,,0.27910304069519043,,,,1.0248041152954102,,,,,,,,,1.3706891536712646,0.6214089393615723
2332,0.32468080520629883,,,,1.2792079448699951,,,,0.29787397384643555,,0.2774970531463623,0.27420496940612793,,17.949139833450317,2.6688601970672607,,0.298673152923584,1.8897428512573242,,,,,,,0.33265066146850586,0.2908439636230469,,0.28092384338378906,,,0.29752516746520996,,,,,0.31984996795654297,,,,1.3261561393737793,,,,,,,,,0.5964357852935791,0.6448221206665039
2333,0.30419087409973145,,,,1.2424561977386475,,,,0.2818171977996826,,0.30289292335510254,0.28462696075439453,,20.648850917816162,8.767186880111694,,0.28959012031555176,6.249071836471558,,,,,,,0.32569003105163574,0.2730228900909424,,0.2940211296081543,,,0.2780170440673828,,,,,0.27931904792785645,,,,2.4216501712799072,,,,,,,,,1.4258310794830322,0.6414580345153809
2334,0.3066589832305908,,,,1.2439789772033691,,,,0.3182981014251709,,0.2840859889984131,0.29233217239379883,,20.658639907836914,6.869207143783569,,0.29248523712158203,1.727858066558838,,,,,,,0.312302827835083,0.29094696044921875,,0.30219483375549316,,,0.273792028427124,,,,,0.30123329162597656,,,,0.28754615783691406,,,,,,,,,0.6223690509796143,0.6061828136444092
2335,0.3078289031982422,,,,0.5945138931274414,,,,0.2829413414001465,,0.2998678684234619,0.29361891746520996,,20.582631826400757,9.891244888305664,,0.2926290035247803,1.7180500030517578,,,,,,,0.31831789016723633,0.29260921478271484,,0.2822451591491699,,,0.2957780361175537,,,,,0.28316426277160645,,,,1.1761858463287354,,,,,,,,,1.0529308319091797,0.5909628868103027
2336,0.30539584159851074,,,,0.584359884262085,,,,0.2952706813812256,,0.3258810043334961,0.3119039535522461,,1.20125412940979,2.6157262325286865,,0.2844672203063965,2.8321139812469482,,,,,,,0.3165318965911865,0.31240081787109375,,0.29926395416259766,,,0.2731451988220215,,,,,0.2985837459564209,,,,0.3048419952392578,,,,,,,,,0.8475768566131592,0.610846996307373
2337,0.3187379837036133,,,,1.2573230266571045,,,,0.2744297981262207,,0.2840261459350586,0.2922098636627197,,20.68064785003662,20.271996021270752,,0.3113889694213867,7.745106220245361,,,,,,,0.3477518558502197,0.2825300693511963,,0.2835218906402588,,,0.28174304962158203,,,,,0.3028419017791748,,,,0.591973066329956,,,,,,,,,1.7994439601898193,0.589958906173706
2338,0.27722597122192383,,,,1.268498182296753,,,,0.2975630760192871,,0.27454400062561035,0.26705098152160645,,20.77783489227295,16.497849225997925,,0.29944610595703125,13.654026985168457,,,,,,,0.310809850692749,0.30408310890197754,,0.3086850643157959,,,0.28730106353759766,,,,,0.2990231513977051,,,,1.3893630504608154,,,,,,,,,0.5982780456542969,0.5926892757415771
2339,0.2924621105194092,,,,1.2691152095794678,,,,0.29973292350769043,,0.29054903984069824,0.29010987281799316,,0.7608902454376221,16.268391847610474,,0.27881789207458496,1.7337429523468018,,,,,,,0.3106069564819336,0.2781236171722412,,0.3037550449371338,,,0.273374080657959,,,,,0.2773151397705078,,,,1.4560821056365967,,,,,,,,,0.6711826324462891,0.6061151027679443
2340,0.30130791664123535,,,,1.2913198471069336,,,,0.30118322372436523,,0.294543981552124,0.29064202308654785,,20.72574806213379,5.23572564125061,,0.29804182052612305,2.8316562175750732,,,,,,,0.3147850036621094,0.2721860408782959,,0.27739715576171875,,,0.29686880111694336,,,,,0.28455591201782227,,,,0.6111860275268555,,,,,,,,,0.6162130832672119,1.3555002212524414
2341,0.3050880432128906,,,,1.2951490879058838,,,,0.29217100143432617,,0.310654878616333,0.28858089447021484,,20.677449941635132,0.5847201347351074,,0.2978072166442871,19.63325572013855,,,,,,,0.33538198471069336,0.3167738914489746,,0.30217790603637695,,,0.29363298416137695,,,,,0.2918410301208496,,,,1.7823450565338135,,,,,,,,,0.6276428699493408,2.1057918071746826
2342,0.32799196243286133,,,,1.2423880100250244,,,,0.28615593910217285,,0.2931699752807617,0.2767059803009033,,12.96153974533081,20.471188068389893,,0.3253970146179199,0.09071707725524902,,,,,,,0.35741615295410156,0.2889678478240967,,0.2781550884246826,,,0.29094791412353516,,,,,0.30364298820495605,,,,0.5516023635864258,,,,,,,,,0.624640941619873,0.6424660682678223
2343,0.2951939105987549,,,,1.2688777446746826,,,,0.28894710540771484,,0.2871978282928467,0.2749650478363037,,5.078723192214966,19.5474271774292,,0.28088903427124023,2.8065121173858643,,,,,,,0.3191111087799072,0.29287123680114746,,0.3210580348968506,,,0.2930309772491455,,,,,0.3030519485473633,,,,0.5742080211639404,,,,,,,,,0.6370770931243896,0.6172580718994141
2344,0.2936081886291504,,,,1.287405014038086,,,,0.29354286193847656,,0.291301965713501,0.2742002010345459,,8.59612488746643,5.752846002578735,,0.29752206802368164,15.120693922042847,,,,,,,0.3215508460998535,0.299713134765625,,0.2924180030822754,,,0.2946610450744629,,,,,0.28157877922058105,,,,1.3382949829101562,,,,,,,,,0.5989639759063721,0.6175689697265625
2345,0.2779557704925537,,,,0.5618150234222412,,,,0.295306921005249,,0.2736687660217285,0.2687699794769287,,1.459596872329712,0.5871796607971191,,0.2895972728729248,11.098037004470825,,,,,,,0.3173811435699463,0.27649688720703125,,0.2834010124206543,,,0.2976219654083252,,,,,0.29962897300720215,,,,0.2734651565551758,,,,,,,,,0.6719491481781006,0.5903048515319824
2346,0.2896730899810791,,,,1.2728550434112549,,,,0.2808868885040283,,0.314014196395874,0.2913370132446289,,20.674171924591064,20.405445098876953,,0.272723913192749,5.761135816574097,,,,,,,0.3042471408843994,0.2944040298461914,,0.29764699935913086,,,0.27530694007873535,,,,,0.2811698913574219,,,,0.6133639812469482,,,,,,,,,0.6092989444732666,0.6138200759887695
2347,0.3201611042022705,,,,0.5982608795166016,,,,0.3026728630065918,,0.29052019119262695,0.2938532829284668,,20.85673475265503,15.606496095657349,,0.3019099235534668,5.112500190734863,,,,,,,0.3586552143096924,0.272629976272583,,0.28508591651916504,,,0.27202582359313965,,,,,0.3287208080291748,,,,0.6400909423828125,,,,,,,,,0.5840411186218262,1.3144900798797607
2348,0.3045661449432373,,,,1.0355138778686523,,,,0.2857072353363037,,0.28975486755371094,0.27970409393310547,,20.960381984710693,15.605070114135742,,0.2830169200897217,18.097628116607666,,,,,,,0.3222520351409912,0.2727537155151367,,0.29543185234069824,,,0.2685720920562744,,,,,0.3023238182067871,,,,1.3286988735198975,,,,,,,,,0.5896649360656738,0.6418619155883789
2349,0.2785341739654541,,,,0.65071702003479,,,,0.3088090419769287,,0.2942330837249756,0.27644991874694824,,,5.040592908859253,,0.30386781692504883,1.0548338890075684,,,,,,,0.31911611557006836,0.2980790138244629,,0.28914809226989746,,,0.2787911891937256,,,,,0.308135986328125,,,,3.252289056777954,,,,,,,,,1.372708797454834,0.6169989109039307
2350,0.2894868850708008,,,,1.2755069732666016,,,,0.2955739498138428,,0.28271007537841797,0.2711350917816162,,,20.387838125228882,,0.30463504791259766,19.657939910888672,,,,,,,0.34021687507629395,0.2935910224914551,,0.29888486862182617,,,0.2932007312774658,,,,,0.3030412197113037,,,,0.3090386390686035,,,,,,,,,0.6101291179656982,0.5895428657531738
2351,0.30155086517333984,,,,0.5679931640625,,,,0.28391480445861816,,0.39726781845092773,0.2946469783782959,,,8.464492082595825,,0.2866809368133545,0.11200284957885742,,,,,,,0.3333168029785156,0.3136618137359619,,0.27855610847473145,,,0.27776288986206055,,,,,0.2826192378997803,,,,1.009119987487793,,,,,,,,,1.2655737400054932,1.037343978881836
2352,0.3037889003753662,,,,1.3054492473602295,,,,0.2833268642425537,,0.3257100582122803,0.27006006240844727,,,14.061082124710083,,0.31018495559692383,19.822293043136597,,,,,,,0.36091089248657227,0.2911112308502197,,0.30473899841308594,,,0.2729926109313965,,,,,0.31831979751586914,,,,0.5998470783233643,,,,,,,,,0.6163740158081055,0.6003172397613525
2353,0.28807592391967773,,,,0.5959701538085938,,,,0.28452515602111816,,0.35474729537963867,0.2692599296569824,,,19.79928684234619,,0.28968310356140137,19.851208209991455,,,,,,,0.31159377098083496,0.28072309494018555,,0.29419803619384766,,,0.2731139659881592,,,,,0.2817189693450928,,,,0.464141845703125,,,,,,,,,2.6270601749420166,0.5734567642211914
2354,0.3064761161804199,,,,0.5425059795379639,,,,0.3233058452606201,,0.28569984436035156,0.2753148078918457,,,1.8946940898895264,,0.28128981590270996,19.817124128341675,,,,,,,0.32330989837646484,0.27654504776000977,,0.27524709701538086,,,0.28682589530944824,,,,,0.28140687942504883,,,,0.9926102161407471,,,,,,,,,0.5929782390594482,0.5873000621795654
2355,0.28351902961730957,,,,0.5831649303436279,,,,0.29999470710754395,,0.29595494270324707,0.2816030979156494,,,11.848302125930786,,0.2819211483001709,19.81583595275879,,,,,,,0.3171091079711914,0.27434587478637695,,0.27344489097595215,,,0.2852919101715088,,,,,0.29683589935302734,,,,0.5702419281005859,,,,,,,,,0.6159679889678955,0.6101047992706299
2356,0.29036474227905273,,,,1.2882750034332275,,,,0.28206419944763184,,0.365861177444458,0.31594133377075195,,,,,0.29986095428466797,19.89103603363037,,,,,,,0.31525516510009766,0.32102084159851074,,0.27560997009277344,,,0.29027795791625977,,,,,0.27957820892333984,,,,0.3084690570831299,,,,,,,,,2.219356060028076,1.3737249374389648
2357,0.3139479160308838,,,,0.5762109756469727,,,,0.2985270023345947,,1.1695261001586914,0.2881929874420166,,,,,0.30289316177368164,19.88149118423462,,,,,,,0.3449258804321289,0.2759401798248291,,0.29846715927124023,,,0.272305965423584,,,,,0.3195798397064209,,,,0.6115798950195312,,,,,,,,,0.6296508312225342,0.6204822063446045
2358,0.3072378635406494,,,,0.5503973960876465,,,,0.28551602363586426,,0.37218403816223145,0.29392004013061523,,,,,0.29782819747924805,19.991839170455933,,,,,,,0.32853102684020996,0.2776479721069336,,0.31654930114746094,,,0.27031493186950684,,,,,0.2811398506164551,,,,0.6091041564941406,,,,,,,,,0.9865789413452148,0.6440880298614502
2359,0.3090388774871826,,,,0.5874669551849365,,,,0.29507923126220703,,0.3473668098449707,0.2936570644378662,,,,,0.2833130359649658,2.040666103363037,,,,,,,0.3197448253631592,0.2982001304626465,,0.2802541255950928,,,0.2824289798736572,,,,,0.29096388816833496,,,,0.5721738338470459,,,,,,,,,1.4255499839782715,0.6102240085601807
2360,0.2803800106048584,,,,0.5930960178375244,,,,0.2967259883880615,,0.3147141933441162,0.273190975189209,,,,,0.29509401321411133,,,,,,,,0.31663990020751953,0.28667593002319336,,0.2997720241546631,,,0.29058194160461426,,,,,0.29077911376953125,,,,0.5748040676116943,,,,,,,,,0.6379678249359131,1.3035457134246826
2361,0.30678391456604004,,,,1.283553123474121,,,,0.29053401947021484,,0.3474760055541992,0.29852986335754395,,,,,0.2760610580444336,,,,,,,,0.31969594955444336,0.30611395835876465,,0.28232502937316895,,,0.27356624603271484,,,,,0.27925872802734375,,,,0.2858858108520508,,,,,,,,,1.039290189743042,0.61344313621521
2362,0.32503604888916016,,,,0.982813835144043,,,,0.28913092613220215,,0.2959470748901367,0.2750401496887207,,,,,0.30466413497924805,,,,,,,,0.3627340793609619,0.29880499839782715,,0.27492189407348633,,,0.2742290496826172,,,,,0.3177931308746338,,,,0.6471030712127686,,,,,,,,,0.5847668647766113,2.669483184814453
2363,0.3120841979980469,,,,1.2681140899658203,,,,0.2929699420928955,,0.28658294677734375,0.2731132507324219,,,,,0.30372095108032227,,,,,,,,0.32924985885620117,0.2721428871154785,,0.31987905502319336,,,0.29619407653808594,,,,,0.30335521697998047,,,,0.5945658683776855,,,,,,,,,0.6332290172576904,0.6609258651733398
2364,0.30327916145324707,,,,0.6440918445587158,,,,0.3033609390258789,,0.2886042594909668,0.2758641242980957,,,,,0.30511999130249023,,,,,,,,0.3327062129974365,0.3010408878326416,,0.28362417221069336,,,0.2936110496520996,,,,,0.28223490715026855,,,,1.0263628959655762,,,,,,,,,0.6045277118682861,0.6663620471954346
2365,0.29896116256713867,,,,0.6131799221038818,,,,0.2988090515136719,,0.7055070400238037,0.27668285369873047,,,,,0.28249406814575195,,,,,,,,0.3410642147064209,0.3061408996582031,,0.2993490695953369,,,0.30849719047546387,,,,,0.3041818141937256,,,,0.6110138893127441,,,,,,,,,0.6500580310821533,0.6198720932006836
2366,0.28974294662475586,,,,0.5486199855804443,,,,0.27142786979675293,,0.3377830982208252,0.2939622402191162,,,,,0.2928910255432129,,,,,,,,0.3465609550476074,0.2970848083496094,,0.28391599655151367,,,0.29817891120910645,,,,,0.30316996574401855,,,,0.5928459167480469,,,,,,,,,0.6408348083496094,0.5973601341247559
2367,0.3046121597290039,,,,0.5449650287628174,,,,0.2838878631591797,,1.1274991035461426,0.2667100429534912,,,,,0.31609177589416504,,,,,,,,0.3501110076904297,0.2995169162750244,,0.2934379577636719,,,0.27787208557128906,,,,,0.300814151763916,,,,0.5996606349945068,,,,,,,,,1.8500330448150635,0.5801970958709717
2368,0.3103199005126953,,,,0.579719066619873,,,,0.27886390686035156,,0.3374500274658203,0.2865028381347656,,,,,0.3052370548248291,,,,,,,,0.31604719161987305,0.2839088439941406,,0.30841994285583496,,,0.27321410179138184,,,,,0.2827260494232178,,,,0.6387760639190674,,,,,,,,,0.6045050621032715,0.5828781127929688
2369,0.29966020584106445,,,,0.5680298805236816,,,,0.3102719783782959,,0.3564889430999756,0.29488301277160645,,,,,0.2793698310852051,,,,,,,,0.34189295768737793,0.29727911949157715,,0.2909259796142578,,,0.27188611030578613,,,,,0.29082512855529785,,,,0.5498340129852295,,,,,,,,,0.6136839389801025,0.6485881805419922
2370,0.29018425941467285,,,,0.5715467929840088,,,,0.29642701148986816,,0.5268988609313965,0.2904679775238037,,,,,0.2813291549682617,,,,,,,,0.3262453079223633,0.2748878002166748,,0.2719600200653076,,,0.29294371604919434,,,,,0.2905862331390381,,,,0.6115479469299316,,,,,,,,,0.624985933303833,0.6199371814727783
2371,0.2906181812286377,,,,0.5325601100921631,,,,0.28379392623901367,,0.27813291549682617,0.31264591217041016,,,,,0.2915639877319336,,,,,,,,0.34107303619384766,0.29706597328186035,,0.296781063079834,,,0.2721521854400635,,,,,0.2891819477081299,,,,0.5714511871337891,,,,,,,,,0.6215870380401611,0.6613881587982178
2372,0.3230412006378174,,,,1.8909530639648438,,,,0.2995719909667969,,0.3030099868774414,0.2919459342956543,,,,,0.3190319538116455,,,,,,,,0.35183095932006836,0.279818058013916,,0.28428196907043457,,,0.28197622299194336,,,,,0.30666589736938477,,,,0.6073598861694336,,,,,,,,,0.6207911968231201,0.6283261775970459
2373,0.2912888526916504,,,,0.5605959892272949,,,,0.2722299098968506,,1.1267728805541992,0.2937159538269043,,,,,0.2823340892791748,,,,,,,,0.3299860954284668,0.29653477668762207,,0.3178880214691162,,,0.29697203636169434,,,,,0.2964351177215576,,,,0.32852721214294434,,,,,,,,,0.5976629257202148,0.5909218788146973
2374,0.2828388214111328,,,,1.1334190368652344,,,,0.30341196060180664,,0.33953189849853516,0.2694089412689209,,,,,0.28832483291625977,,,,,,,,0.33975696563720703,0.2898118495941162,,0.2883896827697754,,,0.29434967041015625,,,,,0.28495264053344727,,,,0.5867700576782227,,,,,,,,,0.5884029865264893,0.6039559841156006
2375,0.309704065322876,,,,0.5259389877319336,,,,0.2927260398864746,,0.362515926361084,0.2907848358154297,,,,,0.3010709285736084,,,,,,,,0.3159830570220947,0.2940187454223633,,0.2869303226470947,,,0.30245208740234375,,,,,0.3007221221923828,,,,0.2862250804901123,,,,,,,,,0.6137092113494873,0.6160688400268555
2376,0.3113100528717041,,,,0.5488929748535156,,,,0.2983989715576172,,0.3618659973144531,0.31171584129333496,,,,,0.2799091339111328,,,,,,,,0.32592105865478516,0.3009917736053467,,0.29978013038635254,,,0.27362608909606934,,,,,0.28113412857055664,,,,0.2834451198577881,,,,,,,,,1.4583470821380615,0.6256759166717529
2377,0.3167243003845215,,,,0.22789978981018066,,,,0.27911996841430664,,0.3683350086212158,0.28585004806518555,,,,,0.32221174240112305,,,,,,,,0.3340332508087158,0.27872395515441895,,0.27398204803466797,,,0.27239418029785156,,,,,0.323699951171875,,,,0.6054868698120117,,,,,,,,,1.1152901649475098,0.6187279224395752
2378,0.2903289794921875,,,,1.0415191650390625,,,,0.2790360450744629,,0.2838912010192871,0.2994260787963867,,,,,0.2826731204986572,,,,,,,,0.3209528923034668,0.29758596420288086,,0.30106496810913086,,,0.2978641986846924,,,,,0.2838473320007324,,,,0.5760009288787842,,,,,,,,,0.8340542316436768,0.5957839488983154
2379,0.28827810287475586,,,,0.9886629581451416,,,,0.3169872760772705,,0.4405980110168457,0.28014707565307617,,,,,0.29546093940734863,,,,,,,,0.3194880485534668,0.28511881828308105,,0.2994530200958252,,,0.2909519672393799,,,,,0.2881429195404053,,,,0.5952818393707275,,,,,,,,,1.8536710739135742,0.5814418792724609
2380,0.3146979808807373,,,,0.9744529724121094,,,,0.2854278087615967,,0.38153696060180664,0.27422213554382324,,,,,0.2894711494445801,,,,,,,,0.3314640522003174,0.2933511734008789,,0.28780412673950195,,,0.30399203300476074,,,,,0.29872703552246094,,,,0.6127443313598633,,,,,,,,,2.711865186691284,0.5911262035369873
2381,0.30655884742736816,,,,0.5227799415588379,,,,0.270902156829834,,0.34119486808776855,0.29381394386291504,,,,,0.28672099113464355,,,,,,,,0.34523701667785645,0.3086819648742676,,0.29422497749328613,,,0.3016209602355957,,,,,0.3071160316467285,,,,0.624121904373169,,,,,,,,,1.461810827255249,0.5898501873016357
2382,0.30359816551208496,,,,0.576789140701294,,,,0.2979400157928467,,0.37140893936157227,0.2736639976501465,,,,,0.3190028667449951,,,,,,,,0.3437328338623047,0.2947671413421631,,0.28322815895080566,,,0.27939796447753906,,,,,0.32660508155822754,,,,0.5641629695892334,,,,,,,,,0.6143739223480225,0.6102209091186523
2383,0.3010261058807373,,,,0.5829739570617676,,,,0.2874622344970703,,0.3658268451690674,0.30054593086242676,,,,,0.28118181228637695,,,,,,,,0.308901309967041,0.28331995010375977,,0.3186759948730469,,,0.30121898651123047,,,,,0.2819547653198242,,,,0.6084527969360352,,,,,,,,,1.483738899230957,0.5642738342285156
2384,0.31320881843566895,,,,0.5806858539581299,,,,0.31537580490112305,,0.3580048084259033,0.28620290756225586,,,,,0.2779428958892822,,,,,,,,0.3313159942626953,0.30022311210632324,,0.2809321880340576,,,0.27409982681274414,,,,,0.306272029876709,,,,0.6083269119262695,,,,,,,,,1.436518907546997,0.5867090225219727
2385,0.3039982318878174,,,,1.2905232906341553,,,,0.281951904296875,,0.33995699882507324,0.2979428768157959,,,,,0.2886009216308594,,,,,,,,0.32196593284606934,0.2734088897705078,,0.2753939628601074,,,0.30138492584228516,,,,,0.29921793937683105,,,,0.3035438060760498,,,,,,,,,1.4285831451416016,0.6025850772857666
2386,0.30522918701171875,,,,0.5337562561035156,,,,0.2990901470184326,,0.30338311195373535,0.30197906494140625,,,,,0.30008602142333984,,,,,,,,0.32286906242370605,0.2985386848449707,,0.29883599281311035,,,0.29340386390686035,,,,,0.28579282760620117,,,,0.3407752513885498,,,,,,,,,1.670346975326538,0.6018550395965576
2387,0.3260829448699951,,,,0.5553548336029053,,,,0.28851795196533203,,0.36492300033569336,0.2871122360229492,,,,,0.30355405807495117,,,,,,,,0.3622469902038574,0.3021979331970215,,0.28707027435302734,,,0.2982950210571289,,,,,0.31715869903564453,,,,0.6004979610443115,,,,,,,,,0.6397943496704102,1.337244987487793
2388,0.30663323402404785,,,,1.3166639804840088,,,,0.2753620147705078,,0.3486490249633789,0.27510499954223633,,,,,0.29392004013061523,,,,,,,,0.33174824714660645,0.2832157611846924,,0.30507421493530273,,,0.30428218841552734,,,,,0.2861008644104004,,,,0.6036736965179443,,,,,,,,,1.4946749210357666,0.5950920581817627
2389,0.2820110321044922,,,,1.0369200706481934,,,,0.3109111785888672,,0.325775146484375,0.2756330966949463,,,,,0.2854318618774414,,,,,,,,0.33762288093566895,0.27616310119628906,,0.27570199966430664,,,0.2901420593261719,,,,,0.287628173828125,,,,0.6332037448883057,,,,,,,,,1.0825071334838867,0.6453628540039062
2390,0.31014180183410645,,,,0.5687050819396973,,,,0.288118839263916,,0.5803227424621582,0.3039422035217285,,,,,0.2990999221801758,,,,,,,,0.31371498107910156,0.2944941520690918,,0.2979130744934082,,,0.31236886978149414,,,,,0.2819540500640869,,,,0.5885281562805176,,,,,,,,,0.6435372829437256,0.619063138961792
2391,0.3009359836578369,,,,0.5623950958251953,,,,0.29158711433410645,,0.3531172275543213,0.2953360080718994,,,,,0.27876806259155273,,,,,,,,0.3221428394317627,0.30950093269348145,,0.2881450653076172,,,0.28277015686035156,,,,,0.29137110710144043,,,,0.5624239444732666,,,,,,,,,1.4769210815429688,0.5874269008636475
2392,0.32698988914489746,,,,1.3349921703338623,,,,0.2884058952331543,,0.39446520805358887,0.2757759094238281,,,,,0.2981240749359131,,,,,,,,0.3452169895172119,0.2727949619293213,,0.2729310989379883,,,0.27208518981933594,,,,,0.30363893508911133,,,,0.7150421142578125,,,,,,,,,1.065993070602417,0.5947391986846924
2393,0.30803799629211426,,,,0.5417940616607666,,,,0.2953369617462158,,0.34335803985595703,0.30065202713012695,,,,,0.30211496353149414,,,,,,,,0.3411128520965576,0.2998631000518799,,0.31065821647644043,,,0.27602696418762207,,,,,0.30007505416870117,,,,0.6119387149810791,,,,,,,,,0.6063311100006104,0.5844659805297852
2394,0.30684685707092285,,,,0.9814188480377197,,,,0.30143284797668457,,0.36651611328125,0.28401803970336914,,,,,0.28224682807922363,,,,,,,,0.3318309783935547,0.27948689460754395,,0.295943021774292,,,0.3038058280944824,,,,,0.2830467224121094,,,,0.32419919967651367,,,,,,,,,0.6269183158874512,0.6150670051574707
2395,0.3018980026245117,,,,1.267030954360962,,,,0.30132293701171875,,0.2816660404205322,0.29028892517089844,,,,,0.2943739891052246,,,,,,,,0.3265531063079834,0.3021280765533447,,0.28395700454711914,,,0.3001127243041992,,,,,0.2921907901763916,,,,0.2805440425872803,,,,,,,,,0.6006338596343994,2.080824851989746
2396,0.2845170497894287,,,,0.9597721099853516,,,,0.2729208469390869,,0.49615907669067383,0.3162500858306885,,,,,0.29247093200683594,,,,,,,,0.3418567180633545,0.29642224311828613,,0.29970884323120117,,,0.2954587936401367,,,,,0.29015231132507324,,,,0.6004350185394287,,,,,,,,,0.626126766204834,0.5697510242462158
2397,0.3291740417480469,,,,0.52457594871521,,,,0.28786778450012207,,1.1147069931030273,0.2737090587615967,,,,,0.3013598918914795,,,,,,,,0.34904026985168457,0.27786898612976074,,0.2826371192932129,,,0.28626298904418945,,,,,0.31256794929504395,,,,0.2702200412750244,,,,,,,,,1.0842249393463135,0.6195700168609619
2398,0.3040151596069336,,,,0.5471632480621338,,,,0.2972688674926758,,0.31938982009887695,0.2907438278198242,,,,,0.27544593811035156,,,,,,,,0.3130838871002197,0.29585886001586914,,0.31857895851135254,,,0.2972099781036377,,,,,0.2833888530731201,,,,0.6096460819244385,,,,,,,,,1.8609838485717773,0.580211877822876
2399,0.3106391429901123,,,,3.039358377456665,,,,0.2997932434082031,,0.6776659488677979,0.2889831066131592,,,,,0.3086819648742676,,,,,,,,0.3141591548919678,0.2747979164123535,,0.27881813049316406,,,0.27086710929870605,,,,,0.308427095413208,,,,1.1374590396881104,,,,,,,,,2.624797821044922,1.7771682739257812
2400,0.3064229488372803,,,,0.5566210746765137,,,,0.2991631031036377,,0.3066082000732422,0.29849791526794434,,,,,0.302994966506958,,,,,,,,0.31981611251831055,0.29161596298217773,,0.3037838935852051,,,0.31658077239990234,,,,,0.2781829833984375,,,,0.6033689975738525,,,,,,,,,0.6402606964111328,0.5811822414398193
2401,0.3190028667449951,,,,0.9057619571685791,,,,0.28718066215515137,,0.30740904808044434,0.29866600036621094,,,,,0.2840690612792969,,,,,,,,0.32009172439575195,0.31553006172180176,,0.28951001167297363,,,0.28355908393859863,,,,,0.30367374420166016,,,,0.33122897148132324,,,,,,,,,1.5392262935638428,0.6370851993560791
2402,0.3207058906555176,,,,1.6291260719299316,,,,0.29032397270202637,,0.32845520973205566,0.29077816009521484,,,,,0.31429600715637207,,,,,,,,0.3352470397949219,0.2741820812225342,,0.2812991142272949,,,0.2962641716003418,,,,,0.3303041458129883,,,,0.5618298053741455,,,,,,,,,2.629490852355957,0.5885329246520996
2403,0.30896615982055664,,,,0.5741009712219238,,,,0.2748129367828369,,0.34453415870666504,0.297774076461792,,,,,0.30802488327026367,,,,,,,,0.3180570602416992,0.27290916442871094,,0.3229832649230957,,,0.28601670265197754,,,,,0.289808988571167,,,,0.612133264541626,,,,,,,,,1.0379557609558105,0.5894272327423096
2404,0.2937159538269043,,,,0.9197120666503906,,,,0.3177530765533447,,0.6985719203948975,0.2770419120788574,,,,,0.2863039970397949,,,,,,,,0.3295879364013672,0.27536988258361816,,0.30641698837280273,,,0.28604793548583984,,,,,0.3016700744628906,,,,0.5645492076873779,,,,,,,,,1.0766079425811768,0.6139981746673584
2405,0.29862308502197266,,,,0.5964908599853516,,,,0.27991485595703125,,1.1217410564422607,0.2839350700378418,,,,,0.27765512466430664,,,,,,,,0.31262683868408203,0.27712202072143555,,0.30951595306396484,,,0.29389190673828125,,,,,0.28148412704467773,,,,0.26969122886657715,,,,,,,,,0.6233391761779785,2.0076911449432373
2406,0.30925679206848145,,,,1.6697320938110352,,,,0.29975414276123047,,0.29848504066467285,0.3196589946746826,,,,,0.28498196601867676,,,,,,,,0.33911895751953125,0.2998509407043457,,0.2800257205963135,,,0.2722592353820801,,,,,0.29986023902893066,,,,0.5060999393463135,,,,,,,,,0.6150541305541992,0.6250660419464111
2407,0.3182189464569092,,,,0.5502841472625732,,,,0.28574585914611816,,0.325376033782959,0.30364179611206055,,,,,0.32019901275634766,,,,,,,,0.3668022155761719,0.26747798919677734,,0.28815484046936035,,,0.2955911159515381,,,,,0.30591320991516113,,,,1.0019659996032715,,,,,,,,,0.5613508224487305,0.6152141094207764
2408,0.31098008155822754,,,,1.2989802360534668,,,,0.2884793281555176,,0.32240796089172363,0.28530192375183105,,,,,0.28662681579589844,,,,,,,,0.33502793312072754,0.26893186569213867,,0.3281290531158447,,,0.30416107177734375,,,,,0.28761982917785645,,,,0.5951430797576904,,,,,,,,,0.6188528537750244,0.5765130519866943
2409,0.29504823684692383,,,,3.3812921047210693,,,,0.318558931350708,,0.3176569938659668,0.28774023056030273,,,,,0.2884368896484375,,,,,,,,0.324725866317749,0.29092979431152344,,0.30434083938598633,,,0.27789974212646484,,,,,0.29945898056030273,,,,0.26631593704223633,,,,,,,,,1.466766119003296,0.613879919052124
2410,0.2892286777496338,,,,0.5814540386199951,,,,0.27580809593200684,,0.2836012840270996,0.3021719455718994,,,,,0.29941296577453613,,,,,,,,0.31819796562194824,0.2928321361541748,,0.2812330722808838,,,0.3179028034210205,,,,,0.2822401523590088,,,,0.5941147804260254,,,,,,,,,1.065255880355835,0.5903396606445312
2411,0.28578686714172363,,,,0.546065092086792,,,,0.27605295181274414,,0.6697518825531006,0.29582881927490234,,,,,0.3026869297027588,,,,,,,,0.3400249481201172,0.30275797843933105,,0.2996711730957031,,,0.2824380397796631,,,,,0.29900193214416504,,,,0.5919108390808105,,,,,,,,,3.0463685989379883,0.6015841960906982
2412,0.3082869052886963,,,,0.9440591335296631,,,,0.29969310760498047,,0.2817270755767822,0.28307509422302246,,,,,0.30466580390930176,,,,,,,,0.3332810401916504,0.2880268096923828,,0.3070228099822998,,,0.2737147808074951,,,,,0.29994988441467285,,,,0.6269412040710449,,,,,,,,,4.621257066726685,0.569525957107544
2413,0.2944610118865967,,,,0.5127429962158203,,,,0.2845010757446289,,0.32179689407348633,0.2974739074707031,,,,,0.27710890769958496,,,,,,,,0.3374462127685547,0.30271315574645996,,0.32743287086486816,,,0.301189661026001,,,,,0.28237414360046387,,,,0.28922581672668457,,,,,,,,,0.6445050239562988,0.5718190670013428
2414,0.3125128746032715,,,,0.5783720016479492,,,,0.31792521476745605,,1.1388800144195557,0.30535006523132324,,,,,0.2876098155975342,,,,,,,,0.3356189727783203,0.27332305908203125,,0.2830209732055664,,,0.2762150764465332,,,,,0.2938511371612549,,,,0.6024739742279053,,,,,,,,,1.780264139175415,0.5917201042175293
2415,0.3029899597167969,,,,0.5624887943267822,,,,0.2866630554199219,,0.3833179473876953,0.2856268882751465,,,,,0.29847288131713867,,,,,,,,0.3315260410308838,0.2772700786590576,,0.30521702766418457,,,0.2967109680175781,,,,,0.2830021381378174,,,,0.5606391429901123,,,,,,,,,0.5880029201507568,0.6340773105621338
2416,0.312089204788208,,,,0.5665838718414307,,,,0.28780221939086914,,0.4731321334838867,0.3156609535217285,,,,,0.281343936920166,,,,,,,,0.30971312522888184,0.30030393600463867,,0.29921817779541016,,,0.2980649471282959,,,,,0.29357290267944336,,,,0.24800586700439453,,,,,,,,,1.3929412364959717,0.614109992980957
2417,0.3154749870300293,,,,0.5645041465759277,,,,0.2971000671386719,,0.33846521377563477,0.2871079444885254,,,,,0.3246281147003174,,,,,,,,0.3382878303527832,0.3004789352416992,,0.28531908988952637,,,0.2898542881011963,,,,,0.3169741630554199,,,,0.6111030578613281,,,,,,,,,1.427433967590332,0.6076600551605225
2418,0.31108713150024414,,,,0.5363900661468506,,,,0.27607083320617676,,0.30194997787475586,0.30736374855041504,,,,,0.3049929141998291,,,,,,,,0.3225440979003906,0.2792980670928955,,0.30632996559143066,,,0.2992119789123535,,,,,0.30443716049194336,,,,0.6331889629364014,,,,,,,,,1.7940740585327148,0.5934946537017822
2419,0.2857789993286133,,,,0.5992379188537598,,,,0.29813599586486816,,0.3415548801422119,0.27544093132019043,,,,,0.27823591232299805,,,,,,,,0.3058159351348877,0.2749819755554199,,0.3022141456604004,,,0.29450225830078125,,,,,0.28281712532043457,,,,0.6151580810546875,,,,,,,,,0.6203980445861816,0.5845081806182861
2420,0.3013753890991211,,,,1.9394209384918213,,,,0.3048250675201416,,0.2985420227050781,0.2868070602416992,,,,,0.2727508544921875,,,,,,,,0.3158688545227051,0.29995226860046387,,0.30747294425964355,,,0.3219151496887207,,,,,0.2791450023651123,,,,0.544583797454834,,,,,,,,,2.0283172130584717,0.609072208404541
2421,0.3079979419708252,,,,0.9445610046386719,,,,0.2815580368041992,,0.30152106285095215,0.31336331367492676,,,,,0.30831003189086914,,,,,,,,0.33382081985473633,0.3113667964935303,,0.27904510498046875,,,0.27224183082580566,,,,,0.29478979110717773,,,,0.6084887981414795,,,,,,,,,1.0568580627441406,0.6125118732452393
2422,0.3254389762878418,,,,0.9288241863250732,,,,0.29510498046875,,0.31833410263061523,0.28997802734375,,,,,0.32860422134399414,,,,,,,,0.3546450138092041,0.269489049911499,,0.3053309917449951,,,0.2768561840057373,,,,,0.30640387535095215,,,,0.2839968204498291,,,,,,,,,1.8539807796478271,0.591407060623169
2423,0.31058287620544434,,,,1.2816240787506104,,,,0.28586506843566895,,0.2939581871032715,0.2978677749633789,,,,,0.30334901809692383,,,,,,,,0.33261585235595703,0.2883880138397217,,0.301774263381958,,,0.2741580009460449,,,,,0.29932427406311035,,,,0.6180641651153564,,,,,,,,,1.027987003326416,0.659092903137207
2424,0.2918052673339844,,,,0.9653036594390869,,,,0.31780195236206055,,0.31661081314086914,0.30318117141723633,,,,,0.28304004669189453,,,,,,,,0.3386092185974121,0.29755377769470215,,0.2920377254486084,,,0.2792501449584961,,,,,0.3082849979400635,,,,0.6025979518890381,,,,,,,,,1.08815598487854,0.6442790031433105
2425,0.29904890060424805,,,,0.5601820945739746,,,,0.27765822410583496,,0.3612818717956543,0.291492223739624,,,,,0.3012089729309082,,,,,,,,0.3180112838745117,0.2798609733581543,,0.2912271022796631,,,0.2921919822692871,,,,,0.30519890785217285,,,,0.5611851215362549,,,,,,,,,1.0683791637420654,0.6430490016937256
2426,0.28240323066711426,,,,0.5581707954406738,,,,0.2830691337585449,,0.3370649814605713,0.2895238399505615,,,,,0.3038771152496338,,,,,,,,0.3304479122161865,0.2980659008026123,,0.28667783737182617,,,0.2853109836578369,,,,,0.3057887554168701,,,,0.6356279850006104,,,,,,,,,0.5878682136535645,0.6049468517303467
2427,0.3292219638824463,,,,0.5467720031738281,,,,0.2941749095916748,,0.32413673400878906,0.2966880798339844,,,,,0.32584714889526367,,,,,,,,0.3364710807800293,0.29588794708251953,,0.30088281631469727,,,0.29124879837036133,,,,,0.2960832118988037,,,,0.5858099460601807,,,,,,,,,14.644800662994385,0.5903968811035156
2428,0.30672788619995117,,,,0.5477418899536133,,,,0.28655004501342773,,0.29189085960388184,0.28095197677612305,,,,,0.27979588508605957,,,,,,,,0.32874321937561035,0.2925760746002197,,0.3173103332519531,,,0.2712209224700928,,,,,0.2860071659088135,,,,0.9887261390686035,,,,,,,,,20.50102400779724,0.5902469158172607
2429,0.3080770969390869,,,,0.5308568477630615,,,,0.31799888610839844,,0.39743781089782715,0.2744748592376709,,,,,0.2812783718109131,,,,,,,,0.33575010299682617,0.27275991439819336,,0.2799520492553711,,,0.28960394859313965,,,,,0.2924468517303467,,,,0.5830230712890625,,,,,,,,,20.477696895599365,0.6075940132141113
2430,0.2943718433380127,,,,0.5320460796356201,,,,0.28433990478515625,,0.3015580177307129,0.2930581569671631,,,,,0.29543304443359375,,,,,,,,0.3263990879058838,0.27875423431396484,,0.29670095443725586,,,0.3182501792907715,,,,,0.2832150459289551,,,,0.6318180561065674,,,,,,,,,1.1994001865386963,0.5901548862457275
2431,0.28580403327941895,,,,0.5448410511016846,,,,0.2888476848602295,,0.2789740562438965,0.31040263175964355,,,,,0.29309606552124023,,,,,,,,0.31981515884399414,0.2985379695892334,,0.2799978256225586,,,0.2789876461029053,,,,,0.30193305015563965,,,,0.5933380126953125,,,,,,,,,0.6099600791931152,0.6271970272064209
2432,0.312175989151001,,,,0.978996992111206,,,,0.27833008766174316,,0.2905128002166748,0.30072498321533203,,,,,0.30278897285461426,,,,,,,,0.34061098098754883,0.3023409843444824,,0.30250120162963867,,,0.2725989818572998,,,,,0.3180549144744873,,,,0.6241888999938965,,,,,,,,,5.720546007156372,0.5900008678436279
2433,0.2778291702270508,,,,0.5838358402252197,,,,0.29372119903564453,,0.291949987411499,0.272022008895874,,,,,0.29286694526672363,,,,,,,,0.34064483642578125,0.2780590057373047,,0.32720208168029785,,,0.2744710445404053,,,,,0.29984188079833984,,,,0.8926758766174316,,,,,,,,,0.6582269668579102,0.6016361713409424
2434,0.2926640510559082,,,,0.9522671699523926,,,,0.31127214431762695,,0.285106897354126,0.28954291343688965,,,,,0.28870415687561035,,,,,,,,0.31198906898498535,0.2934746742248535,,0.3025491237640381,,,0.2735600471496582,,,,,0.2778620719909668,,,,0.6050450801849365,,,,,,,,,0.594465970993042,0.5892469882965088
2435,0.29015493392944336,,,,0.9542858600616455,,,,0.28501296043395996,,1.1199898719787598,0.2925441265106201,,,,,0.27894091606140137,,,,,,,,0.3360588550567627,0.29999208450317383,,0.3120603561401367,,,0.29373598098754883,,,,,0.29084300994873047,,,,0.559708833694458,,,,,,,,,0.8101978302001953,0.5878090858459473
2436,0.28887391090393066,,,,0.5796699523925781,,,,0.30324292182922363,,0.29943418502807617,0.30787205696105957,,,,,0.2890360355377197,,,,,,,,0.32769012451171875,0.2877511978149414,,0.28168320655822754,,,0.27127885818481445,,,,,0.30368995666503906,,,,0.6043009757995605,,,,,,,,,0.6272101402282715,0.5910799503326416
2437,0.31162500381469727,,,,2.402164936065674,,,,0.3004789352416992,,0.36553287506103516,0.2923879623413086,,,,,0.3168017864227295,,,,,,,,0.3644590377807617,0.2927260398864746,,0.30278682708740234,,,0.27633094787597656,,,,,0.29677796363830566,,,,0.6112892627716064,,,,,,,,,0.6411528587341309,0.6134600639343262
2438,0.29632019996643066,,,,1.6846001148223877,,,,0.28299474716186523,,0.31775903701782227,0.2866392135620117,,,,,0.2852668762207031,,,,,,,,0.32873010635375977,0.28766417503356934,,0.3222672939300537,,,0.2781062126159668,,,,,0.30129408836364746,,,,0.5655961036682129,,,,,,,,,0.6443867683410645,0.6047971248626709
2439,0.3095221519470215,,,,0.9617311954498291,,,,0.31418609619140625,,0.31876683235168457,0.29900026321411133,,,,,0.28966712951660156,,,,,,,,0.3305668830871582,0.29241108894348145,,0.28063416481018066,,,0.270510196685791,,,,,0.28157472610473633,,,,0.5910980701446533,,,,,,,,,0.642913818359375,0.6176190376281738
2440,0.27965593338012695,,,,1.2803149223327637,,,,0.2788522243499756,,0.34182095527648926,0.276630163192749,,,,,0.2908618450164795,,,,,,,,0.33310627937316895,0.2953829765319824,,0.3027210235595703,,,0.2977008819580078,,,,,0.30199480056762695,,,,0.6035850048065186,,,,,,,,,0.5983240604400635,0.5870568752288818
2441,0.2877528667449951,,,,0.5472161769866943,,,,0.289766788482666,,1.1849422454833984,0.29411911964416504,,,,,0.29761409759521484,,,,,,,,0.31339597702026367,0.3000171184539795,,0.29679393768310547,,,0.28844499588012695,,,,,0.3048250675201416,,,,0.6100857257843018,,,,,,,,,0.6093909740447998,0.6004140377044678
2442,0.330859899520874,,,,3.0537872314453125,,,,0.29827189445495605,,0.2780473232269287,0.30858874320983887,,,,,0.29892492294311523,,,,,,,,0.3708369731903076,0.2758369445800781,,0.29439592361450195,,,0.27558326721191406,,,,,0.30295896530151367,,,,1.3192100524902344,,,,,,,,,5.687116861343384,0.6135661602020264
2443,0.30532407760620117,,,,0.544135332107544,,,,0.3017148971557617,,0.2991139888763428,0.30464792251586914,,,,,0.28833723068237305,,,,,,,,0.32935309410095215,0.27325010299682617,,0.29909491539001465,,,0.27322816848754883,,,,,0.2981078624725342,,,,0.5829732418060303,,,,,,,,,0.6598570346832275,0.6006689071655273
2444,0.3016200065612793,,,,1.614225149154663,,,,0.309049129486084,,1.1070890426635742,0.278644323348999,,,,,0.3038978576660156,,,,,,,,0.3241112232208252,0.28143310546875,,0.28426599502563477,,,0.26933979988098145,,,,,0.28838086128234863,,,,0.866314172744751,,,,,,,,,0.6491730213165283,0.6288540363311768
2445,0.2862100601196289,,,,0.563356876373291,,,,0.28342485427856445,,0.36197900772094727,0.30222082138061523,,,,,0.2835819721221924,,,,,,,,0.3464481830596924,0.29140281677246094,,0.28943800926208496,,,0.2996048927307129,,,,,0.2999870777130127,,,,0.5890100002288818,,,,,,,,,0.6228899955749512,0.5955660343170166
2446,0.28878331184387207,,,,0.5781357288360596,,,,0.3021399974822998,,1.1300108432769775,0.32375502586364746,,,,,0.29799699783325195,,,,,,,,0.31893301010131836,0.3051469326019287,,0.289827823638916,,,0.2745671272277832,,,,,0.3043100833892822,,,,0.6091887950897217,,,,,,,,,0.6164658069610596,0.6179211139678955
2447,0.3116438388824463,,,,0.5741136074066162,,,,0.276378870010376,,0.3545501232147217,0.3095242977142334,,,,,0.30235815048217773,,,,,,,,0.3696110248565674,0.29816198348999023,,0.2930612564086914,,,0.29799985885620117,,,,,0.326984167098999,,,,1.2237019538879395,,,,,,,,,0.5984129905700684,0.5907628536224365
2448,0.27827000617980957,,,,0.550616979598999,,,,0.281494140625,,0.3671836853027344,0.28125,,,,,0.29114413261413574,,,,,,,,0.3205759525299072,0.28588008880615234,,0.30722713470458984,,,0.2918388843536377,,,,,0.27915406227111816,,,,0.5896608829498291,,,,,,,,,0.6111929416656494,0.6141250133514404
2449,0.28719091415405273,,,,0.6378347873687744,,,,0.3192729949951172,,0.29578495025634766,0.3045361042022705,,,,,0.2911088466644287,,,,,,,,0.31800389289855957,0.29025983810424805,,0.28916382789611816,,,0.29205989837646484,,,,,0.28156113624572754,,,,0.5366809368133545,,,,,,,,,0.6979141235351562,0.5689551830291748
2450,0.3027939796447754,,,,0.9427793025970459,,,,0.2829771041870117,,0.28185391426086426,0.30565690994262695,,,,,0.2799532413482666,,,,,,,,0.34714579582214355,0.2962191104888916,,0.29909682273864746,,,0.31241893768310547,,,,,0.28874921798706055,,,,0.6041948795318604,,,,,,,,,1.4262001514434814,0.6216120719909668
2451,0.3044569492340088,,,,0.5539309978485107,,,,0.2980308532714844,,0.2739138603210449,0.30145716667175293,,,,,0.28489112854003906,,,,,,,,0.3241720199584961,0.2911500930786133,,0.27735304832458496,,,0.27249884605407715,,,,,0.29912519454956055,,,,0.6319787502288818,,,,,,,,,0.643531084060669,0.6053469181060791
2452,0.301300048828125,,,,0.5625429153442383,,,,0.284390926361084,,0.3049430847167969,0.3030381202697754,,,,,0.321544885635376,,,,,,,,0.36017680168151855,0.28141188621520996,,0.285534143447876,,,0.27976512908935547,,,,,0.3210330009460449,,,,0.5931558609008789,,,,,,,,,0.6252338886260986,0.5696618556976318
2453,0.2948038578033447,,,,0.9369690418243408,,,,0.2898588180541992,,0.28504395484924316,0.3046600818634033,,,,,0.28482985496520996,,,,,,,,0.3378612995147705,0.2800602912902832,,0.311798095703125,,,0.275662899017334,,,,,0.2853100299835205,,,,0.9986081123352051,,,,,,,,,0.6422243118286133,0.6231210231781006
2454,0.28291916847229004,,,,0.5547280311584473,,,,0.307384729385376,,0.33786797523498535,0.30496716499328613,,,,,0.3087038993835449,,,,,,,,0.3175349235534668,0.3004581928253174,,0.2843329906463623,,,0.2987551689147949,,,,,0.2988259792327881,,,,0.620657205581665,,,,,,,,,1.428138256072998,0.6204750537872314
2455,0.2798342704772949,,,,0.5414857864379883,,,,0.2767329216003418,,0.33538007736206055,0.27597784996032715,,,,,0.2859458923339844,,,,,,,,0.32373499870300293,0.2790210247039795,,0.2963273525238037,,,0.30999231338500977,,,,,0.2856419086456299,,,,0.6018710136413574,,,,,,,,,1.017509937286377,0.5915262699127197
2456,0.3012399673461914,,,,0.5401391983032227,,,,0.30433201789855957,,0.27581000328063965,0.303739070892334,,,,,0.28857970237731934,,,,,,,,0.3239269256591797,0.294492244720459,,0.2857019901275635,,,0.29172825813293457,,,,,0.2792339324951172,,,,0.5886240005493164,,,,,,,,,0.6578550338745117,0.6175148487091064
2457,0.3248310089111328,,,,0.582690954208374,,,,0.3038959503173828,,0.5895700454711914,0.2977471351623535,,,,,0.29909205436706543,,,,,,,,0.3516199588775635,0.2979309558868408,,0.296267032623291,,,0.28891611099243164,,,,,0.31436705589294434,,,,0.5951049327850342,,,,,,,,,0.643502950668335,0.6271600723266602
2458,0.284196138381958,,,,0.5421807765960693,,,,0.2852919101715088,,0.3128829002380371,0.2826671600341797,,,,,0.30142784118652344,,,,,,,,0.34400081634521484,0.2694728374481201,,0.3020031452178955,,,0.2669696807861328,,,,,0.2839360237121582,,,,0.5908107757568359,,,,,,,,,0.9189159870147705,0.6173651218414307
2459,0.28758907318115234,,,,0.5945119857788086,,,,0.3145778179168701,,0.34344983100891113,0.29608893394470215,,,,,0.30205512046813965,,,,,,,,0.3198881149291992,0.2966582775115967,,0.30506181716918945,,,0.2750871181488037,,,,,0.29684019088745117,,,,0.6206698417663574,,,,,,,,,1.4383039474487305,0.5814790725708008
2460,0.3008120059967041,,,,0.5996618270874023,,,,0.28400588035583496,,0.3511979579925537,0.287625789642334,,,,,0.2854039669036865,,,,,,,,0.3419010639190674,0.28363895416259766,,0.28275465965270996,,,0.29155826568603516,,,,,0.28603291511535645,,,,0.6156411170959473,,,,,,,,,0.6149888038635254,0.6049878597259521
2461,0.3068661689758301,,,,3.82266902923584,,,,0.29695606231689453,,0.2994687557220459,0.31197690963745117,,,,,0.29124999046325684,,,,,,,,0.3231010437011719,0.318375825881958,,0.29998207092285156,,,0.2772378921508789,,,,,0.287045955657959,,,,1.288851261138916,,,,,,,,,0.7083468437194824,0.6199171543121338
2462,0.3246006965637207,,,,0.560366153717041,,,,0.2749931812286377,,0.2745821475982666,0.2854492664337158,,,,,0.30474305152893066,,,,,,,,0.3603029251098633,0.28489089012145996,,0.2783811092376709,,,0.3007078170776367,,,,,0.3216269016265869,,,,0.6136257648468018,,,,,,,,,0.6374619007110596,0.6452538967132568
2463,0.2814781665802002,,,,0.557344913482666,,,,0.28803300857543945,,0.2774169445037842,0.28035783767700195,,,,,0.30145907402038574,,,,,,,,0.3293299674987793,0.29999804496765137,,0.31213808059692383,,,0.2834470272064209,,,,,0.30327296257019043,,,,0.6051421165466309,,,,,,,,,3.411932945251465,0.6244642734527588
2464,0.3008449077606201,,,,1.2284932136535645,,,,0.31064319610595703,,0.3003411293029785,0.288419246673584,,,,,0.28179407119750977,,,,,,,,0.3162248134613037,0.2809600830078125,,0.2984750270843506,,,0.30109429359436035,,,,,0.2799391746520996,,,,0.6444108486175537,,,,,,,,,0.6573970317840576,0.6251099109649658
2465,0.28916478157043457,,,,0.5727550983428955,,,,0.2958810329437256,,0.3060638904571533,0.298051118850708,,,,,0.3075430393218994,,,,,,,,0.3342609405517578,0.2744598388671875,,0.2805750370025635,,,0.29099106788635254,,,,,0.3057689666748047,,,,0.5784168243408203,,,,,,,,,0.5905611515045166,0.586756706237793
2466,0.2907240390777588,,,,0.5682728290557861,,,,0.2791459560394287,,0.2905442714691162,0.30371713638305664,,,,,0.3063838481903076,,,,,,,,0.3391718864440918,0.31803011894226074,,0.3067350387573242,,,0.2758641242980957,,,,,0.28429722785949707,,,,0.565047025680542,,,,,,,,,1.4303300380706787,0.5894420146942139
2467,0.33275485038757324,,,,0.5782270431518555,,,,0.29123425483703613,,0.2883620262145996,0.2977268695831299,,,,,0.328171968460083,,,,,,,,0.3621551990509033,0.283689022064209,,0.3080880641937256,,,0.2791628837585449,,,,,0.3092677593231201,,,,0.5936851501464844,,,,,,,,,2.1606881618499756,0.6170220375061035
2468,0.3009469509124756,,,,0.6284708976745605,,,,0.3024260997772217,,0.29702115058898926,0.28278398513793945,,,,,0.3065040111541748,,,,,,,,0.3466169834136963,0.30323195457458496,,0.3250899314880371,,,0.29840898513793945,,,,,0.288877010345459,,,,0.6068129539489746,,,,,,,,,0.6645498275756836,0.6074008941650391
2469,0.310075044631958,,,,0.954348087310791,,,,0.2923283576965332,,0.28355979919433594,0.2917461395263672,,,,,0.2947111129760742,,,,,,,,0.33452796936035156,0.2787771224975586,,0.30590200424194336,,,0.2915971279144287,,,,,0.290010929107666,,,,0.6043369770050049,,,,,,,,,1.4442009925842285,0.5742709636688232
2470,0.287945032119751,,,,0.5798299312591553,,,,0.2795398235321045,,0.29949188232421875,0.27677106857299805,,,,,0.29086780548095703,,,,,,,,0.321929931640625,0.2982480525970459,,0.28012800216674805,,,0.3051340579986572,,,,,0.2986629009246826,,,,0.6191942691802979,,,,,,,,,0.5971560478210449,0.6198620796203613
2471,0.2955329418182373,,,,0.5585441589355469,,,,0.30496907234191895,,0.2849311828613281,0.32525205612182617,,,,,0.284451961517334,,,,,,,,0.3156559467315674,0.3017420768737793,,0.29852724075317383,,,0.2988269329071045,,,,,0.2784688472747803,,,,0.6118850708007812,,,,,,,,,0.6088418960571289,0.5842897891998291
2472,0.311107873916626,,,,0.5611860752105713,,,,0.27863097190856934,,0.6816210746765137,0.30288004875183105,,,,,0.30380797386169434,,,,,,,,0.3407299518585205,0.2976410388946533,,0.28225183486938477,,,0.27867627143859863,,,,,0.3005681037902832,,,,0.8128132820129395,,,,,,,,,0.6174931526184082,0.6131608486175537
2473,0.3135368824005127,,,,0.5619509220123291,,,,0.2997410297393799,,1.143934965133667,0.30213284492492676,,,,,0.28534698486328125,,,,,,,,0.3409867286682129,0.27197813987731934,,0.30353212356567383,,,0.28719520568847656,,,,,0.3038473129272461,,,,0.613023042678833,,,,,,,,,20.338613986968994,0.6185641288757324
2474,0.30684900283813477,,,,2.347654342651367,,,,0.30373716354370117,,0.31372809410095215,0.28513002395629883,,,,,0.29636096954345703,,,,,,,,0.33355093002319336,0.2942037582397461,,0.2875697612762451,,,0.27761006355285645,,,,,0.3026440143585205,,,,0.589879035949707,,,,,,,,,0.8775858879089355,0.6150238513946533
2475,0.2937347888946533,,,,0.6086330413818359,,,,0.2980968952178955,,1.1250429153442383,0.2882728576660156,,,,,0.2881481647491455,,,,,,,,0.3264961242675781,0.2873649597167969,,0.2951958179473877,,,0.3185760974884033,,,,,0.2839679718017578,,,,0.6054427623748779,,,,,,,,,20.397722959518433,0.6631350517272949
2476,0.3141360282897949,,,,0.5884220600128174,,,,0.2912468910217285,,0.36357688903808594,0.319411039352417,,,,,0.2927591800689697,,,,,,,,0.3435189723968506,0.3152651786804199,,0.28174304962158203,,,0.2819998264312744,,,,,0.29416584968566895,,,,0.6139049530029297,,,,,,,,,20.356010913848877,0.5995950698852539
2477,0.3011910915374756,,,,0.5619008541107178,,,,0.27729201316833496,,0.305833101272583,0.28119897842407227,,,,,0.32283997535705566,,,,,,,,0.3545839786529541,0.2821810245513916,,0.2937479019165039,,,0.2981300354003906,,,,,0.3315870761871338,,,,0.6164438724517822,,,,,,,,,0.29500317573547363,0.6142783164978027
2478,0.29100632667541504,,,,0.5586869716644287,,,,0.2806880474090576,,0.35199904441833496,0.2781848907470703,,,,,0.2902951240539551,,,,,,,,0.3164331912994385,0.28875231742858887,,0.3098459243774414,,,0.282717227935791,,,,,0.3068118095397949,,,,0.5888409614562988,,,,,,,,,20.58974289894104,0.6126189231872559
2479,0.3064110279083252,,,,0.5605721473693848,,,,0.32029080390930176,,0.3258490562438965,0.2988591194152832,,,,,0.2816352844238281,,,,,,,,0.3198399543762207,0.30307698249816895,,0.29679083824157715,,,0.302778959274292,,,,,0.28096890449523926,,,,0.6209840774536133,,,,,,,,,16.369776010513306,0.5939090251922607
2480,0.31019020080566406,,,,0.5687901973724365,,,,0.3063228130340576,,0.37186527252197266,0.286909818649292,,,,,0.2942619323730469,,,,,,,,0.32512569427490234,0.2766242027282715,,0.2792820930480957,,,0.2958719730377197,,,,,0.30548095703125,,,,0.602715253829956,,,,,,,,,20.41822099685669,0.6105213165283203
2481,0.30229926109313965,,,,0.9121091365814209,,,,0.28418922424316406,,0.3528711795806885,0.30905890464782715,,,,,0.3124370574951172,,,,,,,,0.3410172462463379,0.302401065826416,,0.28583502769470215,,,0.27668094635009766,,,,,0.3047020435333252,,,,0.6020710468292236,,,,,,,,,0.3913438320159912,0.5922167301177979
2482,0.32846903800964355,,,,1.9658160209655762,,,,0.2889671325683594,,0.28386902809143066,0.30022597312927246,,,,,0.32843708992004395,,,,,,,,0.34873199462890625,0.2975139617919922,,0.28188204765319824,,,0.2988929748535156,,,,,0.300339937210083,,,,0.6092159748077393,,,,,,,,,20.26214599609375,0.6112668514251709
2483,0.3027679920196533,,,,0.9944760799407959,,,,0.29158496856689453,,0.37757110595703125,0.30268001556396484,,,,,0.2973639965057373,,,,,,,,0.32871317863464355,0.279587984085083,,0.32175517082214355,,,0.28842926025390625,,,,,0.2959470748901367,,,,0.5908010005950928,,,,,,,,,20.43541932106018,0.6168169975280762
2484,0.2824082374572754,,,,0.5263020992279053,,,,0.2989180088043213,,0.34338998794555664,0.2819991111755371,,,,,0.2898402214050293,,,,,,,,0.3444068431854248,0.3033638000488281,,0.3076171875,,,0.29737067222595215,,,,,0.28496694564819336,,,,0.5735018253326416,,,,,,,,,20.33359694480896,0.5920619964599609
2485,0.27974772453308105,,,,0.5414490699768066,,,,0.2873849868774414,,0.2930870056152344,0.2776660919189453,,,,,0.30953311920166016,,,,,,,,0.317547082901001,0.28190183639526367,,0.28008294105529785,,,0.3070390224456787,,,,,0.29497337341308594,,,,0.6024370193481445,,,,,,,,,20.26263403892517,0.6131126880645752
2486,0.30634593963623047,,,,0.5646569728851318,,,,0.2920551300048828,,0.3292860984802246,0.3183629512786865,,,,,0.28760719299316406,,,,,,,,0.31792426109313965,0.3187530040740967,,0.29863810539245605,,,0.29341888427734375,,,,,0.2825019359588623,,,,0.6126821041107178,,,,,,,,,20.42979383468628,0.6599698066711426
2487,0.3202698230743408,,,,1.2446000576019287,,,,0.29459118843078613,,0.2940549850463867,0.28261494636535645,,,,,0.32581281661987305,,,,,,,,0.34130191802978516,0.3069460391998291,,0.27895402908325195,,,0.2703368663787842,,,,,0.30536413192749023,,,,0.58878493309021,,,,,,,,,20.23578691482544,0.6142458915710449
2488,0.31320667266845703,,,,0.5629770755767822,,,,0.2860121726989746,,0.29788899421691895,0.3046450614929199,,,,,0.309877872467041,,,,,,,,0.34326791763305664,0.28144073486328125,,0.3009607791900635,,,0.29241514205932617,,,,,0.28740692138671875,,,,1.0465869903564453,,,,,,,,,,0.6048002243041992
2489,0.2940647602081299,,,,2.340725898742676,,,,0.3131988048553467,,0.34844303131103516,0.2994539737701416,,,,,0.28975486755371094,,,,,,,,0.32181811332702637,0.2968900203704834,,0.2986268997192383,,,0.2934250831604004,,,,,0.29700422286987305,,,,1.0043048858642578,,,,,,,,,,0.5963089466094971
2490,0.2920691967010498,,,,2.349658966064453,,,,0.2871432304382324,,0.36707401275634766,0.28506994247436523,,,,,0.29490184783935547,,,,,,,,0.3453550338745117,0.29978489875793457,,0.28780293464660645,,,0.3032801151275635,,,,,0.3094630241394043,,,,0.6044468879699707,,,,,,,,,,1.048210859298706
2491,0.3100419044494629,,,,0.5637061595916748,,,,0.2800252437591553,,0.34101295471191406,0.3102610111236572,,,,,0.3103041648864746,,,,,,,,0.3217337131500244,0.32735633850097656,,0.2888331413269043,,,0.2997410297393799,,,,,0.2969069480895996,,,,0.6223900318145752,,,,,,,,,,0.6454601287841797
2492,0.3074679374694824,,,,0.5647869110107422,,,,0.2857029438018799,,0.3942899703979492,0.2801671028137207,,,,,0.3278179168701172,,,,,,,,0.3667621612548828,0.30504512786865234,,0.28909897804260254,,,0.2841010093688965,,,,,0.32129883766174316,,,,0.5928299427032471,,,,,,,,,,0.5894241333007812
2493,0.30904388427734375,,,,0.9620299339294434,,,,0.29863405227661133,,0.3546011447906494,0.2882559299468994,,,,,0.3045508861541748,,,,,,,,0.3102860450744629,0.29656410217285156,,0.31227803230285645,,,0.29406213760375977,,,,,0.2852139472961426,,,,0.6144449710845947,,,,,,,,,,0.563971996307373
2494,0.29297423362731934,,,,0.5622401237487793,,,,0.30367493629455566,,0.3459436893463135,0.2903327941894531,,,,,0.2824130058288574,,,,,,,,0.3414163589477539,0.2928628921508789,,0.2940480709075928,,,0.2762737274169922,,,,,0.2982661724090576,,,,0.6021273136138916,,,,,,,,,,0.6439399719238281
2495,0.3171112537384033,,,,0.5377662181854248,,,,0.30150771141052246,,0.3310108184814453,0.296004056930542,,,,,0.3078010082244873,,,,,,,,0.321199893951416,0.2796139717102051,,0.2775578498840332,,,0.297515869140625,,,,,0.28234004974365234,,,,1.3076679706573486,,,,,,,,,,0.6274209022521973
2496,0.30602073669433594,,,,0.5241661071777344,,,,0.30107998847961426,,0.29361414909362793,0.3069179058074951,,,,,0.3047809600830078,,,,,,,,0.32253217697143555,0.30810070037841797,,0.2814819812774658,,,0.28043484687805176,,,,,0.2856578826904297,,,,0.5881209373474121,,,,,,,,,,0.634641170501709
2497,0.31284403800964355,,,,0.5627708435058594,,,,0.287214994430542,,0.34356093406677246,0.2891829013824463,,,,,0.32899928092956543,,,,,,,,0.3596038818359375,0.28275084495544434,,0.3058018684387207,,,0.2991046905517578,,,,,0.32254624366760254,,,,0.6017637252807617,,,,,,,,,,0.5880389213562012
2498,0.2917470932006836,,,,2.941574811935425,,,,0.2781972885131836,,1.1426091194152832,0.2884070873260498,,,,,0.3029811382293701,,,,,,,,0.32746291160583496,0.3079502582550049,,0.3182239532470703,,,0.2800109386444092,,,,,0.30798912048339844,,,,0.5650432109832764,,,,,,,,,,0.6080548763275146
2499,0.2848372459411621,,,,1.2635903358459473,,,,0.3106560707092285,,0.5603337287902832,0.2822868824005127,,,,,0.30365610122680664,,,,,,,,0.34036707878112793,0.30833911895751953,,0.28720521926879883,,,0.27606701850891113,,,,,0.30805301666259766,,,,0.5869259834289551,,,,,,,,,,0.5803091526031494
2500,0.3117098808288574,,,,1.260613203048706,,,,0.2869749069213867,,0.30315375328063965,0.28702425956726074,,,,,0.28870511054992676,,,,,,,,0.3138439655303955,0.2951390743255615,,0.28407907485961914,,,0.3174300193786621,,,,,0.3066670894622803,,,,0.6253340244293213,,,,,,,,,,0.6370470523834229
2501,0.3129608631134033,,,,1.2618999481201172,,,,0.3010990619659424,,0.35604190826416016,0.31842517852783203,,,,,0.2894248962402344,,,,,,,,0.344099760055542,0.307171106338501,,0.30296969413757324,,,0.30394506454467773,,,,,0.28718113899230957,,,,0.6056971549987793,,,,,,,,,,0.6430611610412598
2502,0.34000277519226074,,,,0.5584518909454346,,,,0.30862998962402344,,0.35077404975891113,0.3095409870147705,,,,,0.32238316535949707,,,,,,,,0.34430503845214844,0.27626800537109375,,0.2772188186645508,,,0.2733492851257324,,,,,0.30127501487731934,,,,0.5832839012145996,,,,,,,,,,0.5981040000915527
2503,0.30232691764831543,,,,0.5628988742828369,,,,0.3051421642303467,,0.34131479263305664,0.3008420467376709,,,,,0.3133528232574463,,,,,,,,0.3324708938598633,0.29961681365966797,,0.31938600540161133,,,0.29882001876831055,,,,,0.3107891082763672,,,,0.6028800010681152,,,,,,,,,,0.6298518180847168
2504,0.3055431842803955,,,,0.5248119831085205,,,,0.3222157955169678,,0.39342331886291504,0.30832409858703613,,,,,0.2995882034301758,,,,,,,,0.34460902214050293,0.2816760540008545,,0.30069494247436523,,,0.27872514724731445,,,,,0.302001953125,,,,0.24487709999084473,,,,,,,,,,0.5976529121398926
2505,0.3085010051727295,,,,0.5598809719085693,,,,0.28406286239624023,,0.2866199016571045,0.3088040351867676,,,,,0.30371904373168945,,,,,,,,0.34367895126342773,0.2993321418762207,,0.2752211093902588,,,0.3182530403137207,,,,,0.2806568145751953,,,,0.6142971515655518,,,,,,,,,,0.5897159576416016
2506,0.30237698554992676,,,,1.2847669124603271,,,,0.2787318229675293,,0.27793288230895996,0.327930212020874,,,,,0.3059241771697998,,,,,,,,0.3292081356048584,0.30173397064208984,,0.30524706840515137,,,0.2980809211730957,,,,,0.2944061756134033,,,,0.5663988590240479,,,,,,,,,,0.5720911026000977
2507,0.3075730800628662,,,,0.6223258972167969,,,,0.2940092086791992,,0.29720401763916016,0.28386712074279785,,,,,0.33213305473327637,,,,,,,,0.3593709468841553,0.30151820182800293,,0.2771332263946533,,,0.29218506813049316,,,,,0.30595993995666504,,,,0.6237740516662598,,,,,,,,,,0.6390788555145264
2508,0.3002159595489502,,,,1.5625600814819336,,,,0.2888360023498535,,0.28197312355041504,0.2971940040588379,,,,,0.30706214904785156,,,,,,,,0.313770055770874,0.3050212860107422,,0.3220241069793701,,,0.275892972946167,,,,,0.27629828453063965,,,,0.27515411376953125,,,,,,,,,,0.6232430934906006
2509,0.3151102066040039,,,,0.5403199195861816,,,,0.3062429428100586,,0.31881022453308105,0.28699493408203125,,,,,0.28476405143737793,,,,,,,,0.32794189453125,0.30872297286987305,,0.3058798313140869,,,0.2701759338378906,,,,,0.3043549060821533,,,,0.6135098934173584,,,,,,,,,,0.6453859806060791
2510,0.2923891544342041,,,,0.522662878036499,,,,0.3005561828613281,,0.32363200187683105,0.289470911026001,,,,,0.29599595069885254,,,,,,,,0.33675217628479004,0.28363633155822754,,0.283189058303833,,,0.2958109378814697,,,,,0.30844807624816895,,,,0.5501787662506104,,,,,,,,,,0.6632950305938721
2511,0.29154467582702637,,,,0.5460212230682373,,,,0.3072080612182617,,0.2934539318084717,0.3340027332305908,,,,,0.2876250743865967,,,,,,,,0.3404977321624756,0.31998300552368164,,0.29692792892456055,,,0.2773768901824951,,,,,0.3031611442565918,,,,0.5840051174163818,,,,,,,,,,0.5971770286560059
2512,0.3322899341583252,,,,0.9756736755371094,,,,0.30602478981018066,,1.177706003189087,0.28170013427734375,,,,,0.3090848922729492,,,,,,,,0.34671688079833984,0.2801859378814697,,0.2907888889312744,,,0.2982478141784668,,,,,0.32743120193481445,,,,0.6073169708251953,,,,,,,,,,0.5906322002410889
2513,0.30048680305480957,,,,0.5562927722930908,,,,0.2812790870666504,,0.32630014419555664,0.29784393310546875,,,,,0.29309725761413574,,,,,,,,0.3159968852996826,0.3025329113006592,,0.3013491630554199,,,0.28804993629455566,,,,,0.3050830364227295,,,,0.5868849754333496,,,,,,,,,,0.6111884117126465
2514,0.28692078590393066,,,,0.5298628807067871,,,,0.3249683380126953,,0.2829420566558838,0.2801547050476074,,,,,0.3110799789428711,,,,,,,,0.3261239528656006,0.30758118629455566,,0.2777109146118164,,,0.2955148220062256,,,,,0.3082420825958252,,,,0.5993328094482422,,,,,,,,,,1.835953950881958
2515,0.30957913398742676,,,,0.9437069892883301,,,,0.3057825565338135,,0.3372330665588379,0.30823826789855957,,,,,0.30735278129577637,,,,,,,,0.30584287643432617,0.30127406120300293,,0.2909390926361084,,,0.3078610897064209,,,,,0.2792680263519287,,,,0.59293532371521,,,,,,,,,,0.5993180274963379
2516,0.3004739284515381,,,,0.5618500709533691,,,,0.2862370014190674,,0.2822227478027344,0.31931018829345703,,,,,0.282855749130249,,,,,,,,0.346966028213501,0.3021581172943115,,0.29169273376464844,,,0.29428625106811523,,,,,0.31136107444763184,,,,0.25975871086120605,,,,,,,,,,0.6137330532073975
2517,0.33621811866760254,,,,0.5606427192687988,,,,0.2845149040222168,,0.3130509853363037,0.2887439727783203,,,,,0.3260841369628906,,,,,,,,0.34508490562438965,0.2814779281616211,,0.2806086540222168,,,0.27131104469299316,,,,,0.3245360851287842,,,,0.5442068576812744,,,,,,,,,,0.6220431327819824
2518,0.29236721992492676,,,,0.5725340843200684,,,,0.29927873611450195,,0.6599061489105225,0.2899959087371826,,,,,0.30322718620300293,,,,,,,,0.3480861186981201,0.30211591720581055,,0.307938814163208,,,0.2863810062408447,,,,,0.3086228370666504,,,,0.5831871032714844,,,,,,,,,,0.591188907623291
2519,0.31683874130249023,,,,0.5271377563476562,,,,0.3280336856842041,,1.0863401889801025,0.29335570335388184,,,,,0.31070899963378906,,,,,,,,0.3447709083557129,0.3064541816711426,,0.2975320816040039,,,0.2952539920806885,,,,,0.30359816551208496,,,,0.9131550788879395,,,,,,,,,,0.5972170829772949
2520,0.3019592761993408,,,,0.5477349758148193,,,,0.2812671661376953,,0.3598017692565918,0.3094630241394043,,,,,0.30063581466674805,,,,,,,,0.3198721408843994,0.27742695808410645,,0.28249311447143555,,,0.3082709312438965,,,,,0.30389904975891113,,,,0.6133379936218262,,,,,,,,,,1.3586390018463135
2521,0.2894001007080078,,,,0.5591757297515869,,,,0.2831690311431885,,0.3438560962677002,0.32682204246520996,,,,,0.2843668460845947,,,,,,,,0.31894922256469727,0.3182079792022705,,0.2933011054992676,,,0.2875399589538574,,,,,0.3129699230194092,,,,0.5718660354614258,,,,,,,,,,0.6299409866333008
2522,0.3186213970184326,,,,0.5798258781433105,,,,0.2889988422393799,,0.35982394218444824,0.28553199768066406,,,,,0.3088221549987793,,,,,,,,0.3424677848815918,0.2867448329925537,,0.2847938537597656,,,0.29390907287597656,,,,,0.3163771629333496,,,,0.6098198890686035,,,,,,,,,,0.6425929069519043
2523,0.31370091438293457,,,,0.5980451107025146,,,,0.2853090763092041,,0.3645670413970947,0.3018050193786621,,,,,0.28354883193969727,,,,,,,,0.3194000720977783,0.28292417526245117,,0.3206899166107178,,,0.2934999465942383,,,,,0.28392505645751953,,,,0.5768558979034424,,,,,,,,,,0.5709860324859619
2524,0.296785831451416,,,,0.9329080581665039,,,,0.32196617126464844,,0.3398869037628174,0.30943894386291504,,,,,0.2867100238800049,,,,,,,,0.33634495735168457,0.2797698974609375,,0.27987003326416016,,,0.2685079574584961,,,,,0.30765295028686523,,,,0.5951318740844727,,,,,,,,,,0.5813279151916504
2525,0.3151090145111084,,,,1.302577018737793,,,,0.3108539581298828,,0.2792961597442627,0.30019712448120117,,,,,0.299008846282959,,,,,,,,0.3303537368774414,0.3021230697631836,,0.3042309284210205,,,0.3144690990447998,,,,,0.28020310401916504,,,,0.6019539833068848,,,,,,,,,,0.6373519897460938
2526,0.29488301277160645,,,,1.2491767406463623,,,,0.2947859764099121,,1.117974042892456,0.3291029930114746,,,,,0.3073458671569824,,,,,,,,0.3317539691925049,0.32376813888549805,,0.2815990447998047,,,0.29312705993652344,,,,,0.2994978427886963,,,,0.5906622409820557,,,,,,,,,,0.5986599922180176
2527,0.3355841636657715,,,,1.2861566543579102,,,,0.2911059856414795,,0.3680603504180908,0.30751585960388184,,,,,0.3283870220184326,,,,,,,,0.35277724266052246,0.28050994873046875,,0.2928638458251953,,,0.28690624237060547,,,,,0.30150413513183594,,,,1.2564549446105957,,,,,,,,,,5.260532855987549
2528,0.2926669120788574,,,,0.5492498874664307,,,,0.27848386764526367,,0.36773204803466797,0.3024418354034424,,,,,0.3046860694885254,,,,,,,,0.31253910064697266,0.30413222312927246,,0.31874895095825195,,,0.29802417755126953,,,,,0.29094815254211426,,,,0.5933742523193359,,,,,,,,,,0.610724925994873
2529,0.28835391998291016,,,,4.04803991317749,,,,0.3099949359893799,,0.3064579963684082,0.28726696968078613,,,,,0.30809497833251953,,,,,,,,0.33103084564208984,0.3054351806640625,,0.30418896675109863,,,0.28154802322387695,,,,,0.3003556728363037,,,,0.5907578468322754,,,,,,,,,,0.6155610084533691
2530,0.3142261505126953,,,,0.599632740020752,,,,0.29222869873046875,,0.3673210144042969,0.3034970760345459,,,,,0.2787950038909912,,,,,,,,0.3170030117034912,0.3056349754333496,,0.28394293785095215,,,0.3219749927520752,,,,,0.28038716316223145,,,,0.552656888961792,,,,,,,,,,0.5913519859313965
2531,0.30842113494873047,,,,0.560797929763794,,,,0.28791332244873047,,0.34395503997802734,0.30693793296813965,,,,,0.3057248592376709,,,,,,,,0.3287510871887207,0.29902076721191406,,0.2814450263977051,,,0.2779109477996826,,,,,0.3068270683288574,,,,0.5893919467926025,,,,,,,,,,0.6100368499755859
2532,0.3164958953857422,,,,0.528425931930542,,,,0.30049872398376465,,0.3030850887298584,0.2815999984741211,,,,,0.3269169330596924,,,,,,,,0.3576028347015381,0.27268409729003906,,0.27907586097717285,,,0.30255603790283203,,,,,0.32942795753479004,,,,0.6085150241851807,,,,,,,,,,0.6196117401123047
2533,0.29044198989868164,,,,0.5274429321289062,,,,0.29232096672058105,,0.3622722625732422,0.3114001750946045,,,,,0.3089580535888672,,,,,,,,0.3390529155731201,0.27910709381103516,,0.31732606887817383,,,0.27817797660827637,,,,,0.3031291961669922,,,,0.5967280864715576,,,,,,,,,,0.5730421543121338
2534,0.28487205505371094,,,,0.5585119724273682,,,,0.32236719131469727,,0.3846890926361084,0.28793907165527344,,,,,0.30563879013061523,,,,,,,,0.34436988830566406,0.3023648262023926,,0.28613781929016113,,,0.27713823318481445,,,,,0.30853796005249023,,,,0.6177129745483398,,,,,,,,,,0.6412448883056641
2535,0.29051971435546875,,,,1.2908759117126465,,,,0.2794380187988281,,0.3424651622772217,0.29016995429992676,,,,,0.31087589263916016,,,,,,,,0.3351938724517822,0.2823140621185303,,0.29715514183044434,,,0.3201470375061035,,,,,0.30820798873901367,,,,0.6202499866485596,,,,,,,,,,0.5656001567840576
2536,0.2860238552093506,,,,0.5564539432525635,,,,0.28953981399536133,,0.28976893424987793,0.302109956741333,,,,,0.30307793617248535,,,,,,,,0.3227241039276123,0.31962013244628906,,0.2835078239440918,,,0.28097105026245117,,,,,0.2934911251068115,,,,0.5875778198242188,,,,,,,,,,0.6410708427429199
2537,0.3362860679626465,,,,2.396022081375122,,,,0.304318904876709,,0.2931849956512451,0.2911832332611084,,,,,0.3185539245605469,,,,,,,,0.34273672103881836,0.3007798194885254,,0.28938817977905273,,,0.29944276809692383,,,,,0.3127460479736328,,,,0.5523099899291992,,,,,,,,,,0.6356410980224609
2538,0.2939620018005371,,,,0.9332759380340576,,,,0.28273892402648926,,0.2872450351715088,0.28487515449523926,,,,,0.28298306465148926,,,,,,,,0.3443179130554199,0.29550790786743164,,0.31960487365722656,,,0.29100894927978516,,,,,0.2804117202758789,,,,0.6058969497680664,,,,,,,,,,2.5537610054016113
2539,0.2897510528564453,,,,0.5513970851898193,,,,0.31777501106262207,,0.3160591125488281,0.29793310165405273,,,,,0.28748607635498047,,,,,,,,0.3232450485229492,0.27841901779174805,,0.27800679206848145,,,0.2696390151977539,,,,,0.2897379398345947,,,,0.6056509017944336,,,,,,,,,,0.5897359848022461
2540,0.2933011054992676,,,,0.5283138751983643,,,,0.28317809104919434,,0.27527904510498047,0.28116583824157715,,,,,0.29871296882629395,,,,,,,,0.34166669845581055,0.30667996406555176,,0.28142595291137695,,,0.3116109371185303,,,,,0.285236120223999,,,,0.601097822189331,,,,,,,,,,0.6235880851745605
2541,0.31382298469543457,,,,0.5309641361236572,,,,0.2958981990814209,,0.2837188243865967,0.32490086555480957,,,,,0.3050687313079834,,,,,,,,0.3244500160217285,0.29935407638549805,,0.30049777030944824,,,0.29472994804382324,,,,,0.29814624786376953,,,,0.583820104598999,,,,,,,,,,0.5947561264038086
2542,0.3140120506286621,,,,0.550178050994873,,,,0.28835010528564453,,0.3052022457122803,0.298856258392334,,,,,0.3276550769805908,,,,,,,,0.36103391647338867,0.3004758358001709,,0.30878710746765137,,,0.27858996391296387,,,,,0.3028898239135742,,,,0.5584471225738525,,,,,,,,,,0.6119811534881592
2543,0.313568115234375,,,,4.11760401725769,,,,0.27819108963012695,,0.36901187896728516,0.2859821319580078,,,,,0.30756497383117676,,,,,,,,0.33590126037597656,0.2821669578552246,,0.3222520351409912,,,0.2770571708679199,,,,,0.2938539981842041,,,,0.61623215675354,,,,,,,,,,0.6189072132110596
2544,0.2856881618499756,,,,1.7086291313171387,,,,0.30539822578430176,,0.3207871913909912,0.2912590503692627,,,,,0.306196928024292,,,,,,,,0.3167998790740967,0.3019258975982666,,0.2862699031829834,,,0.29247188568115234,,,,,0.2872631549835205,,,,0.5961551666259766,,,,,,,,,,0.5867319107055664
2545,0.3086209297180176,,,,0.5778212547302246,,,,0.3002800941467285,,0.3244950771331787,0.3015592098236084,,,,,0.2803812026977539,,,,,,,,0.3228487968444824,0.30283498764038086,,0.288330078125,,,0.32098984718322754,,,,,0.2840728759765625,,,,0.6137681007385254,,,,,,,,,,0.6206090450286865
2546,0.2986562252044678,,,,0.5387730598449707,,,,0.30797481536865234,,0.31246304512023926,0.33028101921081543,,,,,0.3044431209564209,,,,,,,,0.31890082359313965,0.30486202239990234,,0.274493932723999,,,0.2751457691192627,,,,,0.29085516929626465,,,,0.5904152393341064,,,,,,,,,,0.6228611469268799
2547,0.3306107521057129,,,,1.5631811618804932,,,,0.3036179542541504,,0.30645108222961426,0.3042168617248535,,,,,0.32823681831359863,,,,,,,,0.37008118629455566,0.27689075469970703,,0.2996633052825928,,,0.2790839672088623,,,,,0.33202409744262695,,,,0.6126363277435303,,,,,,,,,,0.5980129241943359
2548,0.308239221572876,,,,0.47451329231262207,,,,0.28421688079833984,,0.33571410179138184,0.28386998176574707,,,,,0.3057260513305664,,,,,,,,0.31981611251831055,0.29035019874572754,,0.30211710929870605,,,0.29908108711242676,,,,,0.3110659122467041,,,,0.6036829948425293,,,,,,,,,,0.6084299087524414
2549,0.29133105278015137,,,,0.5799860954284668,,,,0.30774617195129395,,1.4982209205627441,0.2861800193786621,,,,,0.3092479705810547,,,,,,,,0.34509801864624023,0.290665864944458,,0.29917001724243164,,,0.29036378860473633,,,,,0.29926490783691406,,,,0.6030161380767822,,,,,,,,,,1.2024760246276855
2550,0.2905540466308594,,,,1.2681028842926025,,,,0.27744317054748535,,0.3523118495941162,0.2921459674835205,,,,,0.30523204803466797,,,,,,,,0.34691786766052246,0.29603099822998047,,0.2837691307067871,,,0.30603504180908203,,,,,0.30426597595214844,,,,0.5613837242126465,,,,,,,,,,0.6287569999694824
2551,0.2854957580566406,,,,0.5623548030853271,,,,0.2954070568084717,,0.3288431167602539,0.3106820583343506,,,,,0.299252986907959,,,,,,,,0.343595027923584,0.3024320602416992,,0.2972228527069092,,,0.2973759174346924,,,,,0.3101799488067627,,,,0.5577433109283447,,,,,,,,,,0.6283149719238281
2552,0.31299781799316406,,,,0.5660369396209717,,,,0.2806589603424072,,0.33551478385925293,0.30693912506103516,,,,,0.30605101585388184,,,,,,,,0.3394348621368408,0.2946751117706299,,0.2823350429534912,,,0.2917189598083496,,,,,0.30144691467285156,,,,0.5617227554321289,,,,,,,,,,0.612023115158081
2553,0.313068151473999,,,,0.5611128807067871,,,,0.30875110626220703,,0.3683619499206543,0.30025696754455566,,,,,0.28096508979797363,,,,,,,,0.3319709300994873,0.28761982917785645,,0.3177340030670166,,,0.2680380344390869,,,,,0.30403685569763184,,,,0.5901079177856445,,,,,,,,,,0.5681610107421875
2554,0.29506802558898926,,,,0.5415322780609131,,,,0.3209521770477295,,0.3416111469268799,0.28672266006469727,,,,,0.3019740581512451,,,,,,,,0.3471088409423828,0.276716947555542,,0.27593398094177246,,,0.29837584495544434,,,,,0.2836337089538574,,,,0.6183722019195557,,,,,,,,,,0.6094341278076172
2555,0.2886049747467041,,,,0.5668959617614746,,,,0.2856278419494629,,0.305999755859375,0.28899168968200684,,,,,0.2990260124206543,,,,,,,,0.34091615676879883,0.2989161014556885,,0.28402161598205566,,,0.29723215103149414,,,,,0.29430508613586426,,,,0.6153368949890137,,,,,,,,,,0.6206703186035156
2556,0.29329609870910645,,,,0.5816247463226318,,,,0.2985799312591553,,0.32500505447387695,0.3098762035369873,,,,,0.2875368595123291,,,,,,,,0.3354039192199707,0.3282740116119385,,0.30232787132263184,,,0.2764449119567871,,,,,0.29067182540893555,,,,0.5686459541320801,,,,,,,,,,0.6234421730041504
2557,0.32805824279785156,,,,0.5658318996429443,,,,0.2780160903930664,,0.29383015632629395,0.29677724838256836,,,,,0.3081939220428467,,,,,,,,0.3574028015136719,0.3032100200653076,,0.304412841796875,,,0.3018920421600342,,,,,0.30509376525878906,,,,0.6151082515716553,,,,,,,,,,0.622175931930542
2558,0.2869222164154053,,,,3.050400733947754,,,,0.30568408966064453,,0.3171577453613281,0.27781200408935547,,,,,0.2910737991333008,,,,,,,,0.3269479274749756,0.2840418815612793,,0.2989768981933594,,,0.2807600498199463,,,,,0.2902200222015381,,,,0.6386270523071289,,,,,,,,,,0.6480140686035156
2559,0.3091299533843994,,,,0.5616869926452637,,,,0.30120301246643066,,1.0890240669250488,0.28845882415771484,,,,,0.28771090507507324,,,,,,,,0.31536412239074707,0.2882390022277832,,0.29654717445373535,,,0.3005180358886719,,,,,0.28114795684814453,,,,0.6315598487854004,,,,,,,,,,0.617084264755249
2560,0.3085050582885742,,,,0.5802528858184814,,,,0.29326605796813965,,0.36322712898254395,0.2859377861022949,,,,,0.2834150791168213,,,,,,,,0.3488190174102783,0.2983520030975342,,0.2947540283203125,,,0.306865930557251,,,,,0.28321099281311035,,,,0.6099588871002197,,,,,,,,,,0.5762219429016113
2561,0.29332494735717773,,,,0.5331740379333496,,,,0.29460692405700684,,0.34248876571655273,0.31269311904907227,,,,,0.28797316551208496,,,,,,,,0.3484659194946289,0.2964668273925781,,0.2779500484466553,,,0.2729358673095703,,,,,0.2890901565551758,,,,0.5984179973602295,,,,,,,,,,0.6554629802703857
2562,0.30970191955566406,,,,0.5423898696899414,,,,0.28341078758239746,,0.2977559566497803,0.2914309501647949,,,,,0.3125929832458496,,,,,,,,0.3712649345397949,0.27931809425354004,,0.2841451168060303,,,0.29853129386901855,,,,,0.3103678226470947,,,,0.5877320766448975,,,,,,,,,,0.596808910369873
2563,0.31189775466918945,,,,0.9321799278259277,,,,0.30196690559387207,,0.32035303115844727,0.28592586517333984,,,,,0.28854823112487793,,,,,,,,0.31972813606262207,0.3056809902191162,,0.3239750862121582,,,0.28201985359191895,,,,,0.28431105613708496,,,,0.5725669860839844,,,,,,,,,,0.6603949069976807
2564,0.3018171787261963,,,,0.9723398685455322,,,,0.321303129196167,,1.0225999355316162,0.2960202693939209,,,,,0.29235315322875977,,,,,,,,0.3398261070251465,0.3022119998931885,,0.30099916458129883,,,0.29497385025024414,,,,,0.30602121353149414,,,,0.6061890125274658,,,,,,,,,,0.6087641716003418
2565,0.2851908206939697,,,,0.5618910789489746,,,,0.2759439945220947,,0.2884101867675781,0.2811613082885742,,,,,0.28436994552612305,,,,,,,,0.32842516899108887,0.2902379035949707,,0.3104407787322998,,,0.3094050884246826,,,,,0.30285024642944336,,,,0.5559370517730713,,,,,,,,,,0.6080429553985596
2566,0.2917158603668213,,,,1.6358399391174316,,,,0.28922224044799805,,0.3049461841583252,0.30309581756591797,,,,,0.30225682258605957,,,,,,,,0.3210580348968506,0.3095510005950928,,0.30217409133911133,,,0.28847384452819824,,,,,0.30800414085388184,,,,0.5798139572143555,,,,,,,,,,0.5650789737701416
2567,0.3322007656097412,,,,0.5690758228302002,,,,0.29650187492370605,,0.2811000347137451,0.2916579246520996,,,,,0.303908109664917,,,,,,,,0.3663370609283447,0.2850608825683594,,0.3107290267944336,,,0.27037978172302246,,,,,0.3014557361602783,,,,0.5603668689727783,,,,,,,,,,1.3071601390838623
2568,0.3029670715332031,,,,2.388714075088501,,,,0.28325700759887695,,0.3503990173339844,0.29064488410949707,,,,,0.28714871406555176,,,,,,,,0.3180270195007324,0.2788670063018799,,0.30635595321655273,,,0.27402281761169434,,,,,0.30222582817077637,,,,0.6243619918823242,,,,,,,,,,0.5647549629211426
2569,0.3083620071411133,,,,0.5611672401428223,,,,0.31421613693237305,,0.6605491638183594,0.2902398109436035,,,,,0.31543922424316406,,,,,,,,0.3407869338989258,0.2871730327606201,,0.2847108840942383,,,0.3019247055053711,,,,,0.31014513969421387,,,,0.5584778785705566,,,,,,,,,,0.6824049949645996
2570,0.2955169677734375,,,,0.5775113105773926,,,,0.28365015983581543,,0.6389141082763672,0.2884659767150879,,,,,0.300800085067749,,,,,,,,0.3315708637237549,0.28153395652770996,,0.28946876525878906,,,0.30570292472839355,,,,,0.27797579765319824,,,,0.6092758178710938,,,,,,,,,,0.6206951141357422
2571,0.286898136138916,,,,0.575732946395874,,,,0.29529309272766113,,1.0403518676757812,0.31009602546691895,,,,,0.30761098861694336,,,,,,,,0.32631611824035645,0.3196427822113037,,0.2898252010345459,,,0.2939620018005371,,,,,0.30252599716186523,,,,0.590770959854126,,,,,,,,,,0.5797219276428223
2572,0.3107161521911621,,,,0.5737848281860352,,,,0.2816288471221924,,0.30715298652648926,0.2864680290222168,,,,,0.3283858299255371,,,,,,,,0.3392021656036377,0.2790229320526123,,0.31404709815979004,,,0.28902506828308105,,,,,0.32379698753356934,,,,0.6074578762054443,,,,,,,,,,0.5924458503723145
2573,0.28883910179138184,,,,0.5768699645996094,,,,0.2894110679626465,,1.4405319690704346,0.28697991371154785,,,,,0.2991621494293213,,,,,,,,0.3423616886138916,0.30671119689941406,,0.3263390064239502,,,0.2901020050048828,,,,,0.28113603591918945,,,,0.5979812145233154,,,,,,,,,,0.5928339958190918
2574,0.308027982711792,,,,0.5309422016143799,,,,0.30194902420043945,,1.4350860118865967,0.2864670753479004,,,,,0.30886077880859375,,,,,,,,0.3147871494293213,0.2962019443511963,,0.3067741394042969,,,0.2957639694213867,,,,,0.28015899658203125,,,,0.5814869403839111,,,,,,,,,,0.5818948745727539
2575,0.30848217010498047,,,,0.9999039173126221,,,,0.3081698417663574,,0.2851748466491699,0.28955078125,,,,,0.28809523582458496,,,,,,,,0.33503007888793945,0.29154300689697266,,0.3064119815826416,,,0.30582284927368164,,,,,0.29362010955810547,,,,0.621671199798584,,,,,,,,,,0.6146800518035889
2576,0.31187009811401367,,,,0.5458738803863525,,,,0.2941718101501465,,0.35636305809020996,0.3151590824127197,,,,,0.29816603660583496,,,,,,,,0.33791184425354004,0.29726195335388184,,0.2840766906738281,,,0.2699699401855469,,,,,0.2834160327911377,,,,0.5619540214538574,,,,,,,,,,0.5934631824493408
2577,0.3109159469604492,,,,4.142811059951782,,,,0.2918250560760498,,1.0541861057281494,0.2832651138305664,,,,,0.33389782905578613,,,,,,,,0.3466041088104248,0.28291821479797363,,0.3095080852508545,,,0.29390382766723633,,,,,0.3223450183868408,,,,0.5604498386383057,,,,,,,,,,0.593303918838501
2578,0.29204297065734863,,,,2.0184519290924072,,,,0.3088340759277344,,1.0293259620666504,0.301379919052124,,,,,0.2983667850494385,,,,,,,,0.3443450927734375,0.30249691009521484,,0.3179941177368164,,,0.2976529598236084,,,,,0.30454182624816895,,,,0.5573952198028564,,,,,,,,,,0.5952718257904053
2579,0.3111898899078369,,,,0.5428690910339355,,,,0.32794618606567383,,0.3470320701599121,0.29949188232421875,,,,,0.3105580806732178,,,,,,,,0.3443481922149658,0.31029605865478516,,0.3115358352661133,,,0.2798342704772949,,,,,0.28319382667541504,,,,0.5590519905090332,,,,,,,,,,0.5821728706359863
2580,0.28821706771850586,,,,0.9673678874969482,,,,0.28400087356567383,,0.6788287162780762,0.28380799293518066,,,,,0.3052957057952881,,,,,,,,0.3284461498260498,0.2786259651184082,,0.29676175117492676,,,0.32248902320861816,,,,,0.3002300262451172,,,,0.561337947845459,,,,,,,,,,0.638958215713501
2581,0.29857301712036133,,,,1.9809510707855225,,,,0.3040761947631836,,1.038475751876831,0.3311469554901123,,,,,0.29668092727661133,,,,,,,,0.31955909729003906,0.31061315536499023,,0.28522491455078125,,,0.2804238796234131,,,,,0.2777590751647949,,,,0.5547723770141602,,,,,,,,,,0.6092889308929443
2582,0.3310551643371582,,,,1.004662036895752,,,,0.30626893043518066,,0.3464479446411133,0.30483508110046387,,,,,0.30567288398742676,,,,,,,,0.36197376251220703,0.28650808334350586,,0.29349613189697266,,,0.3003721237182617,,,,,0.33243680000305176,,,,0.5976879596710205,,,,,,,,,,0.6199290752410889
2583,0.3018481731414795,,,,1.2788610458374023,,,,0.30785083770751953,,0.3721332550048828,0.3085629940032959,,,,,0.28903985023498535,,,,,,,,0.32027435302734375,0.28189802169799805,,0.30415821075439453,,,0.2801830768585205,,,,,0.30051493644714355,,,,0.5877938270568848,,,,,,,,,,0.6457149982452393
2584,0.3075258731842041,,,,1.2680587768554688,,,,0.32903504371643066,,0.27666711807250977,0.3021109104156494,,,,,0.28682613372802734,,,,,,,,0.3189680576324463,0.2965891361236572,,0.28511595726013184,,,0.2985529899597168,,,,,0.3077270984649658,,,,0.5640871524810791,,,,,,,,,,0.6109409332275391
2585,0.3004741668701172,,,,0.5931780338287354,,,,0.29916810989379883,,0.6957671642303467,0.2843499183654785,,,,,0.3097820281982422,,,,,,,,0.34168219566345215,0.3087198734283447,,0.29758310317993164,,,0.3046090602874756,,,,,0.3063020706176758,,,,0.6024038791656494,,,,,,,,,,0.6358191967010498
2586,0.30727505683898926,,,,0.5926592350006104,,,,0.2822890281677246,,0.35996174812316895,0.30988073348999023,,,,,0.3129310607910156,,,,,,,,0.3268589973449707,0.33075618743896484,,0.30550289154052734,,,0.30295515060424805,,,,,0.29886388778686523,,,,0.6081418991088867,,,,,,,,,,0.6190500259399414
2587,0.3197939395904541,,,,0.5640027523040771,,,,0.2839651107788086,,0.32126688957214355,0.2899940013885498,,,,,0.32001686096191406,,,,,,,,0.35898399353027344,0.3020491600036621,,0.2822718620300293,,,0.2763218879699707,,,,,0.3115272521972656,,,,0.6167271137237549,,,,,,,,,,0.6109669208526611
2588,0.291593074798584,,,,1.2832608222961426,,,,0.290543794631958,,0.36093688011169434,0.28255319595336914,,,,,0.29145097732543945,,,,,,,,0.3368220329284668,0.28049612045288086,,0.30875492095947266,,,0.29412198066711426,,,,,0.2848329544067383,,,,0.565403938293457,,,,,,,,,,0.6137528419494629
2589,0.3181009292602539,,,,1.216521978378296,,,,0.30932188034057617,,1.0693120956420898,0.2930450439453125,,,,,0.2874937057495117,,,,,,,,0.3164689540863037,0.3005869388580322,,0.3013749122619629,,,0.2752251625061035,,,,,0.2786219120025635,,,,0.61968994140625,,,,,,,,,,0.60748291015625
2590,0.31813597679138184,,,,1.2044320106506348,,,,0.2918848991394043,,0.3337700366973877,0.28772807121276855,,,,,0.31078410148620605,,,,,,,,0.3238191604614258,0.2778160572052002,,0.2801988124847412,,,0.29790592193603516,,,,,0.30479001998901367,,,,0.5974371433258057,,,,,,,,,,0.6154608726501465
2591,0.2948789596557617,,,,1.2917098999023438,,,,0.29204797744750977,,0.34607386589050293,0.30786800384521484,,,,,0.3030080795288086,,,,,,,,0.3491179943084717,0.329052209854126,,0.30344104766845703,,,0.2894318103790283,,,,,0.3083071708679199,,,,0.5908558368682861,,,,,,,,,,0.5953631401062012
2592,0.33460402488708496,,,,0.6029489040374756,,,,0.30831170082092285,,0.3409750461578369,0.2879612445831299,,,,,0.3313016891479492,,,,,,,,0.3449831008911133,0.30922698974609375,,0.3081827163696289,,,0.2949528694152832,,,,,0.32141804695129395,,,,0.5921740531921387,,,,,,,,,,0.6108102798461914
2593,0.29726290702819824,,,,1.2412240505218506,,,,0.3007192611694336,,0.44507789611816406,0.29030799865722656,,,,,0.2952759265899658,,,,,,,,0.34024500846862793,0.3022630214691162,,0.3294699192047119,,,0.2829601764678955,,,,,0.28180694580078125,,,,0.5925498008728027,,,,,,,,,,0.5905411243438721
2594,0.3102598190307617,,,,0.547137975692749,,,,0.3066518306732178,,0.30133724212646484,0.2874448299407959,,,,,0.3124260902404785,,,,,,,,0.32801198959350586,0.27915287017822266,,0.3033161163330078,,,0.3010537624359131,,,,,0.28989505767822266,,,,1.487351894378662,,,,,,,,,,0.6117701530456543
2595,0.2940371036529541,,,,0.5867133140563965,,,,0.32092905044555664,,0.2907881736755371,0.2813701629638672,,,,,0.2997109889984131,,,,,,,,0.3296210765838623,0.30258798599243164,,0.3116276264190674,,,0.29808926582336426,,,,,0.29786014556884766,,,,0.6101269721984863,,,,,,,,,,0.6101109981536865
2596,0.2918689250946045,,,,0.5533492565155029,,,,0.2847440242767334,,0.280742883682251,0.3175539970397949,,,,,0.29227280616760254,,,,,,,,0.3162710666656494,0.3254580497741699,,0.30484676361083984,,,0.274385929107666,,,,,0.28095507621765137,,,,0.593163013458252,,,,,,,,,,0.6292500495910645
2597,0.3402109146118164,,,,0.5588009357452393,,,,0.28865671157836914,,0.2915222644805908,0.28790712356567383,,,,,0.31395983695983887,,,,,,,,0.3712491989135742,0.27865004539489746,,0.3042569160461426,,,0.27419590950012207,,,,,0.3021528720855713,,,,0.6103341579437256,,,,,,,,,,0.6201841831207275
2598,0.3208770751953125,,,,0.5600597858428955,,,,0.2991297245025635,,0.2894139289855957,0.3132789134979248,,,,,0.30588817596435547,,,,,,,,0.3474159240722656,0.2780327796936035,,0.3005528450012207,,,0.2919800281524658,,,,,0.2926640510559082,,,,0.5927941799163818,,,,,,,,,,0.6386728286743164
2599,0.29442787170410156,,,,0.5253891944885254,,,,0.32666707038879395,,0.3102450370788574,0.3071608543395996,,,,,0.30991196632385254,,,,,,,,0.34821605682373047,0.303281307220459,,0.30536890029907227,,,0.29651594161987305,,,,,0.2952251434326172,,,,0.577409029006958,,,,,,,,,,0.6220672130584717
2600,0.30699801445007324,,,,0.5759811401367188,,,,0.2971611022949219,,0.29102063179016113,0.29518914222717285,,,,,0.29265499114990234,,,,,,,,0.3206758499145508,0.28325891494750977,,0.30645036697387695,,,0.31119728088378906,,,,,0.30701613426208496,,,,0.5841102600097656,,,,,,,,,,0.6230893135070801
2601,0.30387091636657715,,,,0.5544250011444092,,,,0.29195499420166016,,0.28682875633239746,0.3104240894317627,,,,,0.29895997047424316,,,,,,,,0.3334369659423828,0.30539703369140625,,0.3146040439605713,,,0.29486799240112305,,,,,0.2910139560699463,,,,0.5992679595947266,,,,,,,,,,0.6454501152038574
2602,0.30932021141052246,,,,1.2799129486083984,,,,0.28705501556396484,,0.2924230098724365,0.2839231491088867,,,,,0.3270072937011719,,,,,,,,0.3510000705718994,0.3045041561126709,,0.30243515968322754,,,0.30684614181518555,,,,,0.3274857997894287,,,,0.5855753421783447,,,,,,,,,,0.6149029731750488
2603,0.2957887649536133,,,,1.2268459796905518,,,,0.309769868850708,,0.2784891128540039,0.2851839065551758,,,,,0.3062262535095215,,,,,,,,0.31080198287963867,0.2956218719482422,,0.32012081146240234,,,0.3047981262207031,,,,,0.3070068359375,,,,0.6187729835510254,,,,,,,,,,0.6193649768829346
2604,0.3039438724517822,,,,1.1916980743408203,,,,0.3279728889465332,,0.30599308013916016,0.29064106941223145,,,,,0.28763818740844727,,,,,,,,0.3395819664001465,0.30030393600463867,,0.3111240863800049,,,0.30909085273742676,,,,,0.28322792053222656,,,,1.0138049125671387,,,,,,,,,,0.6124160289764404
2605,0.30771899223327637,,,,0.5266697406768799,,,,0.3007030487060547,,0.30120086669921875,0.2893550395965576,,,,,0.29675793647766113,,,,,,,,0.3300650119781494,0.2824130058288574,,0.2803456783294678,,,0.3040030002593994,,,,,0.3032679557800293,,,,0.5872740745544434,,,,,,,,,,0.6123168468475342
2606,0.2986738681793213,,,,0.7846240997314453,,,,0.3101518154144287,,0.30868983268737793,0.30785298347473145,,,,,0.31485700607299805,,,,,,,,0.32578015327453613,0.3157191276550293,,0.30799174308776855,,,0.3050549030303955,,,,,0.31037092208862305,,,,0.5931768417358398,,,,,,,,,,0.5935890674591064
2607,0.33382201194763184,,,,1.2742512226104736,,,,0.29846811294555664,,0.30438804626464844,0.2921600341796875,,,,,0.32308506965637207,,,,,,,,0.368211030960083,0.2885439395904541,,0.301699161529541,,,0.3025550842285156,,,,,0.3271927833557129,,,,0.5988192558288574,,,,,,,,,,0.6053450107574463
2608,0.3209068775177002,,,,0.9420440196990967,,,,0.2902069091796875,,0.2843608856201172,0.3131389617919922,,,,,0.3093299865722656,,,,,,,,0.3225698471069336,0.2985527515411377,,0.302584171295166,,,0.2845578193664551,,,,,0.2953178882598877,,,,0.585770845413208,,,,,,,,,,0.6293890476226807
2609,0.3225409984588623,,,,1.2542259693145752,,,,0.3050360679626465,,0.30904698371887207,0.30159997940063477,,,,,0.29796504974365234,,,,,,,,0.3441760540008545,0.30809712409973145,,0.29354190826416016,,,0.2863287925720215,,,,,0.2857367992401123,,,,0.5922811031341553,,,,,,,,,,0.6119921207427979
2610,0.29407596588134766,,,,0.5726730823516846,,,,0.2893638610839844,,0.2918856143951416,0.2805020809173584,,,,,0.3107759952545166,,,,,,,,0.3184480667114258,0.30807924270629883,,0.28540492057800293,,,0.31366777420043945,,,,,0.3002350330352783,,,,0.6124536991119385,,,,,,,,,,1.0102143287658691
2611,0.2904341220855713,,,,0.5686461925506592,,,,0.3091912269592285,,0.622769832611084,0.3046259880065918,,,,,0.2864840030670166,,,,,,,,0.3307340145111084,0.3231468200683594,,0.2913501262664795,,,0.28884291648864746,,,,,0.28560900688171387,,,,0.6269760131835938,,,,,,,,,,0.6168270111083984
2612,0.3367278575897217,,,,0.5292270183563232,,,,0.30569028854370117,,0.3224308490753174,0.2957136631011963,,,,,0.32268595695495605,,,,,,,,0.346966028213501,0.28162717819213867,,0.28250718116760254,,,0.2777068614959717,,,,,0.323444128036499,,,,0.6249549388885498,,,,,,,,,,0.8075439929962158
2613,0.29541683197021484,,,,1.2429029941558838,,,,0.30973100662231445,,0.3043060302734375,0.2843458652496338,,,,,0.30922794342041016,,,,,,,,0.3453400135040283,0.2788701057434082,,0.3125019073486328,,,0.28937411308288574,,,,,0.30376505851745605,,,,0.5621507167816162,,,,,,,,,,0.5924351215362549
2614,0.31086015701293945,,,,0.5702493190765381,,,,0.31447315216064453,,0.28696513175964355,0.290942907333374,,,,,0.29716992378234863,,,,,,,,0.3459739685058594,0.3020198345184326,,0.2893941402435303,,,0.3038787841796875,,,,,0.31334686279296875,,,,0.6030488014221191,,,,,,,,,,0.6185159683227539
2615,0.2977621555328369,,,,1.0317821502685547,,,,0.298145055770874,,0.2890899181365967,0.2889878749847412,,,,,0.2894878387451172,,,,,,,,0.32847166061401367,0.302670955657959,,0.31456899642944336,,,0.3235199451446533,,,,,0.29819416999816895,,,,0.5907530784606934,,,,,,,,,,4.406638145446777
2616,0.3053548336029053,,,,1.2551097869873047,,,,0.2798440456390381,,1.0378422737121582,0.31322789192199707,,,,,0.3089580535888672,,,,,,,,0.3247802257537842,0.30533671379089355,,0.3048980236053467,,,0.2787163257598877,,,,,0.3098609447479248,,,,0.5921030044555664,,,,,,,,,,0.6287391185760498
2617,0.3176119327545166,,,,1.2083871364593506,,,,0.3109438419342041,,1.058703899383545,0.2808849811553955,,,,,0.3291788101196289,,,,,,,,0.3699798583984375,0.29590606689453125,,0.2980799674987793,,,0.3004920482635498,,,,,0.3276510238647461,,,,0.5881271362304688,,,,,,,,,,0.5807507038116455
2618,0.30111193656921387,,,,0.5375621318817139,,,,0.306429386138916,,0.2836160659790039,0.28731703758239746,,,,,0.30542516708374023,,,,,,,,0.3196830749511719,0.28574585914611816,,0.30553388595581055,,,0.30977392196655273,,,,,0.2833390235900879,,,,0.601060152053833,,,,,,,,,,0.6549482345581055
2619,0.3068990707397461,,,,1.1948118209838867,,,,0.3256523609161377,,0.3005239963531494,0.30107593536376953,,,,,0.2849159240722656,,,,,,,,0.32221293449401855,0.2858257293701172,,0.29152679443359375,,,0.2739560604095459,,,,,0.29994702339172363,,,,0.5681648254394531,,,,,,,,,,0.6066060066223145
2620,0.3044137954711914,,,,1.2873661518096924,,,,0.3078639507293701,,0.38774991035461426,0.30293798446655273,,,,,0.3081037998199463,,,,,,,,0.3357999324798584,0.27903175354003906,,0.2868020534515381,,,0.30027318000793457,,,,,0.309906005859375,,,,0.8124420642852783,,,,,,,,,,0.6058588027954102
2621,0.3040339946746826,,,,1.2242567539215088,,,,0.3039729595184326,,0.2751748561859131,0.3276951313018799,,,,,0.3035440444946289,,,,,,,,0.34140515327453613,0.323026180267334,,0.30742716789245605,,,0.3063778877258301,,,,,0.304034948348999,,,,0.593066930770874,,,,,,,,,,0.594473123550415
2622,0.32219696044921875,,,,1.2143840789794922,,,,0.3099958896636963,,0.285754919052124,0.3110227584838867,,,,,0.3239929676055908,,,,,,,,0.3689589500427246,0.2998788356781006,,0.311568021774292,,,0.2980678081512451,,,,,0.3030259609222412,,,,0.6007428169250488,,,,,,,,,,0.6259851455688477
2623,0.3133392333984375,,,,0.5634710788726807,,,,0.2829248905181885,,0.3025319576263428,0.3656351566314697,,,,,0.3104429244995117,,,,,,,,0.32558417320251465,0.2888479232788086,,0.32108211517333984,,,0.28798818588256836,,,,,0.2895500659942627,,,,0.5662150382995605,,,,,,,,,,0.5950353145599365
2624,0.2929518222808838,,,,1.2232272624969482,,,,0.3147001266479492,,0.32266902923583984,0.377687931060791,,,,,0.298626184463501,,,,,,,,0.33983516693115234,0.2985091209411621,,0.312269926071167,,,0.29818105697631836,,,,,0.29768800735473633,,,,1.2586188316345215,,,,,,,,,,0.5737271308898926
2625,0.31690216064453125,,,,1.2973110675811768,,,,0.28859901428222656,,0.28162312507629395,0.3938119411468506,,,,,0.3121521472930908,,,,,,,,0.320235013961792,0.29554319381713867,,0.290708065032959,,,0.32778120040893555,,,,,0.2830030918121338,,,,0.5915088653564453,,,,,,,,,,0.6032459735870361
2626,0.2991821765899658,,,,0.5476832389831543,,,,0.29436182975769043,,0.2940657138824463,0.40871286392211914,,,,,0.28510212898254395,,,,,,,,0.3233158588409424,0.3122732639312744,,0.30440711975097656,,,0.3050980567932129,,,,,0.28066587448120117,,,,0.609569787979126,,,,,,,,,,1.3412251472473145
2627,0.33090901374816895,,,,1.2425251007080078,,,,0.3104672431945801,,0.6831717491149902,0.29801392555236816,,,,,0.320040225982666,,,,,,,,0.372967004776001,0.27651500701904297,,0.2850167751312256,,,0.27202606201171875,,,,,0.3123362064361572,,,,0.8653669357299805,,,,,,,,,,0.6173489093780518
2628,0.29953503608703613,,,,1.2706878185272217,,,,0.3099100589752197,,0.31586408615112305,0.28743696212768555,,,,,0.31086277961730957,,,,,,,,0.343839168548584,0.2903439998626709,,0.314119815826416,,,0.28442811965942383,,,,,0.2882380485534668,,,,0.5617542266845703,,,,,,,,,,0.6093902587890625
2629,0.3048546314239502,,,,0.5323269367218018,,,,0.3215160369873047,,0.3030550479888916,0.29024791717529297,,,,,0.2968149185180664,,,,,,,,0.3246898651123047,0.29477596282958984,,0.28847527503967285,,,0.30001306533813477,,,,,0.2850501537322998,,,,0.6166670322418213,,,,,,,,,,0.5928990840911865
2630,0.3099660873413086,,,,0.5232391357421875,,,,0.3071920871734619,,0.3435361385345459,0.30112481117248535,,,,,0.29053282737731934,,,,,,,,0.328632116317749,0.289125919342041,,0.2922708988189697,,,0.328233003616333,,,,,0.30234813690185547,,,,0.607537031173706,,,,,,,,,,0.6333839893341064
2631,0.3228180408477783,,,,0.5805919170379639,,,,0.28116607666015625,,0.3520200252532959,0.3253359794616699,,,,,0.28416895866394043,,,,,,,,0.34633398056030273,0.3089406490325928,,0.28666210174560547,,,0.3064899444580078,,,,,0.3068110942840576,,,,0.5953302383422852,,,,,,,,,,0.6208889484405518
2632,0.31548523902893066,,,,0.5565409660339355,,,,0.30408287048339844,,0.28127002716064453,0.27756404876708984,,,,,0.3146359920501709,,,,,,,,0.3678619861602783,0.2881500720977783,,0.3160521984100342,,,0.2791769504547119,,,,,0.3269529342651367,,,,1.2852451801300049,,,,,,,,,,0.5669891834259033
2633,0.31769800186157227,,,,1.4714932441711426,,,,0.2847099304199219,,0.38142895698547363,0.2781240940093994,,,,,0.31438207626342773,,,,,,,,0.3215811252593994,0.2977900505065918,,0.32726502418518066,,,0.3022482395172119,,,,,0.28132176399230957,,,,0.6106100082397461,,,,,,,,,,0.6299898624420166
2634,0.2993040084838867,,,,0.5822811126708984,,,,0.30941295623779297,,0.28656792640686035,0.2984781265258789,,,,,0.28644895553588867,,,,,,,,0.32704687118530273,0.2823309898376465,,0.30284690856933594,,,0.2743239402770996,,,,,0.3069758415222168,,,,0.5710959434509277,,,,,,,,,,0.6402401924133301
2635,0.30917882919311523,,,,1.1885249614715576,,,,0.2956118583679199,,0.3265950679779053,0.28644299507141113,,,,,0.291546106338501,,,,,,,,0.3280811309814453,0.28066301345825195,,0.2880208492279053,,,0.3054769039154053,,,,,0.30576300621032715,,,,0.6101601123809814,,,,,,,,,,0.6268939971923828
2636,0.29763078689575195,,,,3.1001341342926025,,,,0.2870447635650635,,0.3610360622406006,0.3115668296813965,,,,,0.29387903213500977,,,,,,,,0.34023499488830566,0.3078761100769043,,0.2929728031158447,,,0.2941861152648926,,,,,0.3065509796142578,,,,1.277461051940918,,,,,,,,,,0.6408140659332275
2637,0.32750678062438965,,,,0.5568802356719971,,,,0.28781604766845703,,0.34806299209594727,0.28687000274658203,,,,,0.3312671184539795,,,,,,,,0.35495710372924805,0.29738521575927734,,0.29091787338256836,,,0.2870800495147705,,,,,0.32204174995422363,,,,0.6103389263153076,,,,,,,,,,0.6605157852172852
2638,0.30173492431640625,,,,0.5786778926849365,,,,0.281221866607666,,0.2839531898498535,0.3015477657318115,,,,,0.30875587463378906,,,,,,,,0.3366127014160156,0.2873880863189697,,0.30645108222961426,,,0.28907203674316406,,,,,0.283825159072876,,,,0.5907237529754639,,,,,,,,,,0.6288671493530273
2639,0.2964019775390625,,,,1.2422726154327393,,,,0.3066258430480957,,0.3400440216064453,0.27698302268981934,,,,,0.3028738498687744,,,,,,,,0.32982611656188965,0.28400683403015137,,0.2925231456756592,,,0.29732394218444824,,,,,0.28919410705566406,,,,0.5906128883361816,,,,,,,,,,0.5887069702148438
2640,0.30066919326782227,,,,0.544257640838623,,,,0.2968599796295166,,0.3711400032043457,0.2886538505554199,,,,,0.3085899353027344,,,,,,,,0.31772708892822266,0.2995772361755371,,0.28818607330322266,,,0.3004319667816162,,,,,0.28293299674987793,,,,0.681492805480957,,,,,,,,,,0.5998671054840088
2641,0.30747485160827637,,,,1.1813061237335205,,,,0.2856483459472656,,0.30186009407043457,0.30439090728759766,,,,,0.2816162109375,,,,,,,,0.32966089248657227,0.3028378486633301,,0.29164695739746094,,,0.30234789848327637,,,,,0.28972291946411133,,,,1.643834114074707,,,,,,,,,,0.6194970607757568
2642,0.32124900817871094,,,,1.2763001918792725,,,,0.2892160415649414,,0.30843114852905273,0.2911720275878906,,,,,0.327747106552124,,,,,,,,0.368436336517334,0.278914213180542,,0.28400588035583496,,,0.27720212936401367,,,,,0.31937098503112793,,,,0.6001999378204346,,,,,,,,,,0.6215031147003174
2643,0.3129279613494873,,,,0.5489001274108887,,,,0.3009219169616699,,0.32796692848205566,0.29849863052368164,,,,,0.3051280975341797,,,,,,,,0.3491182327270508,0.29746508598327637,,0.30721306800842285,,,0.2834169864654541,,,,,0.3021268844604492,,,,0.5864861011505127,,,,,,,,,,1.0321757793426514
2644,0.2969958782196045,,,,1.392657995223999,,,,0.32132720947265625,,0.2977719306945801,0.3102288246154785,,,,,0.3067491054534912,,,,,,,,0.32106924057006836,0.27986598014831543,,0.2874581813812256,,,0.2852461338043213,,,,,0.2877371311187744,,,,0.5983858108520508,,,,,,,,,,0.597675085067749
2645,0.31116795539855957,,,,0.5624849796295166,,,,0.30031681060791016,,0.2895350456237793,0.30024290084838867,,,,,0.3054990768432617,,,,,,,,0.33178114891052246,0.30438923835754395,,0.294173002243042,,,0.3216280937194824,,,,,0.28664684295654297,,,,0.5695168972015381,,,,,,,,,,0.605665922164917
2646,0.298323392868042,,,,1.2106380462646484,,,,0.2803199291229248,,0.28049612045288086,0.3231539726257324,,,,,0.3092811107635498,,,,,,,,0.34249210357666016,0.32609105110168457,,0.2821178436279297,,,0.30602598190307617,,,,,0.2997429370880127,,,,0.9796149730682373,,,,,,,,,,1.3174798488616943
2647,0.32806396484375,,,,0.532585859298706,,,,0.3010671138763428,,0.2933318614959717,0.2879769802093506,,,,,0.3153059482574463,,,,,,,,0.35352015495300293,0.3078768253326416,,0.29251575469970703,,,0.28087615966796875,,,,,0.31746482849121094,,,,1.0464560985565186,,,,,,,,,,1.806199073791504
2648,0.3120241165161133,,,,0.5218338966369629,,,,0.30428099632263184,,0.30892014503479004,0.31535983085632324,,,,,0.28550004959106445,,,,,,,,0.3264172077178955,0.30419397354125977,,0.30776119232177734,,,0.29995179176330566,,,,,0.28066420555114746,,,,0.5768370628356934,,,,,,,,,,1.3026199340820312
2649,0.2985982894897461,,,,1.304173231124878,,,,0.3302500247955322,,0.3263590335845947,0.2935159206390381,,,,,0.3124508857727051,,,,,,,,0.34510278701782227,0.27846813201904297,,0.2810227870941162,,,0.2760488986968994,,,,,0.2880251407623291,,,,0.9599072933197021,,,,,,,,,,1.3094420433044434
2650,0.3140230178833008,,,,0.5270459651947021,,,,0.3039822578430176,,0.664438009262085,0.2893259525299072,,,,,0.3105001449584961,,,,,,,,0.32543492317199707,0.3100931644439697,,0.2931962013244629,,,0.2992842197418213,,,,,0.30611205101013184,,,,2.0834238529205322,,,,,,,,,,0.5877718925476074
2651,0.31781458854675293,,,,0.5445630550384521,,,,0.29754209518432617,,0.3690378665924072,0.3085927963256836,,,,,0.29483795166015625,,,,,,,,0.339205265045166,0.32742905616760254,,0.29410719871520996,,,0.3073768615722656,,,,,0.2912869453430176,,,,1.641474723815918,,,,,,,,,,0.5891299247741699
2652,0.31711697578430176,,,,1.268918752670288,,,,0.29019689559936523,,0.7118556499481201,0.28952598571777344,,,,,0.3096761703491211,,,,,,,,0.3746480941772461,0.30656886100769043,,0.31160497665405273,,,0.2994558811187744,,,,,0.32322001457214355,,,,0.6337659358978271,,,,,,,,,,0.6018829345703125
2653,0.31234097480773926,,,,1.2578208446502686,,,,0.2894439697265625,,0.6499729156494141,0.29056310653686523,,,,,0.2850213050842285,,,,,,,,0.3461587429046631,0.30622220039367676,,0.32341790199279785,,,0.28580212593078613,,,,,0.29323911666870117,,,,0.5932040214538574,,,,,,,,,,9.945244789123535
2654,0.29665112495422363,,,,1.2465081214904785,,,,0.33060574531555176,,0.32688212394714355,0.2845950126647949,,,,,0.2967369556427002,,,,,,,,0.3252129554748535,0.3042309284210205,,0.3038768768310547,,,0.2874011993408203,,,,,0.3008439540863037,,,,0.595207929611206,,,,,,,,,,1.7787928581237793
2655,0.31850600242614746,,,,1.24540114402771,,,,0.3051939010620117,,0.29402613639831543,0.28943824768066406,,,,,0.28642892837524414,,,,,,,,0.32106804847717285,0.30279994010925293,,0.2889552116394043,,,0.29466986656188965,,,,,0.2807021141052246,,,,0.6241919994354248,,,,,,,,,,0.6186189651489258
2656,0.30005884170532227,,,,1.3281259536743164,,,,0.304887056350708,,0.29342103004455566,0.3079979419708252,,,,,0.3090476989746094,,,,,,,,0.34513187408447266,0.3075251579284668,,0.28366804122924805,,,0.2761969566345215,,,,,0.30390191078186035,,,,0.5970759391784668,,,,,,,,,,0.6405990123748779
2657,0.3228909969329834,,,,1.2736778259277344,,,,0.3089139461517334,,0.2781870365142822,0.28782010078430176,,,,,0.32471585273742676,,,,,,,,0.37147998809814453,0.278961181640625,,0.29294323921203613,,,0.3003382682800293,,,,,0.325606107711792,,,,1.6013598442077637,,,,,,,,,,0.6343498229980469
2658,0.31307077407836914,,,,0.5702400207519531,,,,0.29943013191223145,,0.29833102226257324,0.29620790481567383,,,,,0.30780506134033203,,,,,,,,0.3500950336456299,0.2930741310119629,,0.31956982612609863,,,0.2847139835357666,,,,,0.3048582077026367,,,,0.6087868213653564,,,,,,,,,,1.3542118072509766
2659,0.31225085258483887,,,,1.2403771877288818,,,,0.3275723457336426,,0.7133998870849609,0.3022451400756836,,,,,0.30351901054382324,,,,,,,,0.3449740409851074,0.2878861427307129,,0.28261280059814453,,,0.2980959415435791,,,,,0.2816450595855713,,,,4.379302978515625,,,,,,,,,,1.3466410636901855
2660,0.3100752830505371,,,,1.2582859992980957,,,,0.2809610366821289,,0.36646080017089844,0.2863748073577881,,,,,0.30916523933410645,,,,,,,,0.32543492317199707,0.29172515869140625,,0.2980079650878906,,,0.29946184158325195,,,,,0.30144691467285156,,,,0.9763491153717041,,,,,,,,,,2.137860059738159
2661,0.2873220443725586,,,,1.2768917083740234,,,,0.2932460308074951,,0.3462080955505371,0.30106019973754883,,,,,0.2982900142669678,,,,,,,,0.33304619789123535,0.3079569339752197,,0.28229236602783203,,,0.3011159896850586,,,,,0.6121659278869629,,,,0.6304068565368652,,,,,,,,,,1.3358421325683594
2662,0.3150629997253418,,,,0.5191471576690674,,,,0.30071187019348145,,0.6763908863067627,0.2890937328338623,,,,,0.30968284606933594,,,,,,,,0.33977317810058594,0.2895500659942627,,0.29582810401916504,,,0.2780120372772217,,,,,0.639991044998169,,,,0.9856290817260742,,,,,,,,,,0.6182889938354492
2663,0.2853810787200928,,,,0.5317888259887695,,,,0.28606104850769043,,1.0695018768310547,0.2991628646850586,,,,,0.2817850112915039,,,,,,,,0.3460690975189209,0.28969788551330566,,0.3316631317138672,,,0.301652193069458,,,,,0.6509349346160889,,,,0.5802152156829834,,,,,,,,,,1.2895221710205078
2664,0.2914600372314453,,,,1.1926238536834717,,,,0.3063840866088867,,0.300307035446167,0.3084690570831299,,,,,0.28781795501708984,,,,,,,,0.3243279457092285,0.2771949768066406,,0.28296613693237305,,,0.2756621837615967,,,,,0.5556693077087402,,,,1.1785459518432617,,,,,,,,,,0.5941569805145264
2665,0.2899971008300781,,,,1.2510132789611816,,,,0.3031580448150635,,0.2859940528869629,0.3050119876861572,,,,,0.2887418270111084,,,,,,,,0.3398311138153076,0.29894185066223145,,0.3100101947784424,,,0.30478882789611816,,,,,0.2775149345397949,,,,2.1637938022613525,,,,,,,,,,0.6211051940917969
2666,0.2895050048828125,,,,0.9615979194641113,,,,0.29738616943359375,,0.6783280372619629,0.3047182559967041,,,,,0.2894909381866455,,,,,,,,0.32485079765319824,0.30178308486938477,,0.2917518615722656,,,0.2908670902252197,,,,,0.3057210445404053,,,,0.6136908531188965,,,,,,,,,,1.3558268547058105
2667,0.30870509147644043,,,,0.5471410751342773,,,,0.3117527961730957,,0.6780059337615967,0.2871572971343994,,,,,0.3131997585296631,,,,,,,,0.3535947799682617,0.29819202423095703,,0.300457239151001,,,0.28738999366760254,,,,,0.3140249252319336,,,,1.7647809982299805,,,,,,,,,,0.6176648139953613
2668,0.29127001762390137,,,,1.2616870403289795,,,,0.2841520309448242,,0.30182886123657227,0.29112696647644043,,,,,0.2895541191101074,,,,,,,,0.34472203254699707,0.30913782119750977,,0.3263051509857178,,,0.3004570007324219,,,,,0.6527090072631836,,,,1.7475700378417969,,,,,,,,,,0.5866601467132568
2669,0.2809431552886963,,,,1.3051562309265137,,,,0.31984996795654297,,0.30606913566589355,0.2833058834075928,,,,,0.31174707412719727,,,,,,,,0.3201429843902588,0.2820768356323242,,0.3046128749847412,,,0.2869999408721924,,,,,0.6586201190948486,,,,2.4839651584625244,,,,,,,,,,1.315575122833252
2670,0.29056477546691895,,,,0.5562689304351807,,,,0.2845120429992676,,0.30330920219421387,0.28717803955078125,,,,,0.28410792350769043,,,,,,,,0.3467860221862793,0.2865941524505615,,0.30628395080566406,,,0.31357908248901367,,,,,0.31704187393188477,,,,0.5855369567871094,,,,,,,,,,0.6029748916625977
2671,0.28671693801879883,,,,1.2938449382781982,,,,0.29442405700683594,,0.351046085357666,0.3088979721069336,,,,,0.30643367767333984,,,,,,,,0.3243739604949951,0.32207202911376953,,0.28632187843322754,,,0.28069400787353516,,,,,0.6218750476837158,,,,0.61275315284729,,,,,,,,,,0.5944850444793701
2672,0.3173682689666748,,,,1.2294080257415771,,,,0.3129160404205322,,0.6656129360198975,0.2895848751068115,,,,,0.3255476951599121,,,,,,,,0.36509108543395996,0.27817392349243164,,0.3068408966064453,,,0.3026711940765381,,,,,0.3082261085510254,,,,0.5645360946655273,,,,,,,,,,0.5927059650421143
2673,0.3158857822418213,,,,0.6137573719024658,,,,0.3024020195007324,,0.7624421119689941,0.29153895378112793,,,,,0.30527400970458984,,,,,,,,0.32181310653686523,0.3102128505706787,,0.32035398483276367,,,0.2842991352081299,,,,,0.2805137634277344,,,,0.582543134689331,,,,,,,,,,0.6451740264892578
2674,0.29268717765808105,,,,2.03712797164917,,,,0.3237569332122803,,0.2842111587524414,0.31255316734313965,,,,,0.30535078048706055,,,,,,,,0.34877967834472656,0.3053569793701172,,0.3080878257751465,,,0.29767513275146484,,,,,0.6099429130554199,,,,2.0994582176208496,,,,,,,,,,1.036998987197876
2675,0.3141610622406006,,,,1.261991262435913,,,,0.28695201873779297,,0.6599867343902588,0.3055729866027832,,,,,0.3064279556274414,,,,,,,,0.3419687747955322,0.30522894859313965,,0.308459997177124,,,0.30240511894226074,,,,,0.3223140239715576,,,,0.5607049465179443,,,,,,,,,,1.3301920890808105
2676,0.29223179817199707,,,,1.2490861415863037,,,,0.3077998161315918,,0.7099990844726562,0.30498814582824707,,,,,0.30518579483032227,,,,,,,,0.3270101547241211,0.3277871608734131,,0.30090785026550293,,,0.29979634284973145,,,,,0.2835547924041748,,,,0.5894432067871094,,,,,,,,,,1.4029459953308105
2677,0.3177042007446289,,,,0.5931010246276855,,,,0.30974698066711426,,0.5752687454223633,0.3044421672821045,,,,,0.3231837749481201,,,,,,,,0.3392350673675537,0.27933692932128906,,0.31156086921691895,,,0.27843308448791504,,,,,0.3090939521789551,,,,0.5899488925933838,,,,,,,,,,0.6193761825561523
2678,0.3129298686981201,,,,1.583167314529419,,,,0.3029749393463135,,0.2896859645843506,0.3084888458251953,,,,,0.28759288787841797,,,,,,,,0.34495091438293457,0.29981374740600586,,0.3222079277038574,,,0.27870893478393555,,,,,0.6252400875091553,,,,1.2847299575805664,,,,,,,,,,0.6276030540466309
2679,0.2984488010406494,,,,1.2449872493743896,,,,0.32511115074157715,,0.38616418838500977,0.3085908889770508,,,,,0.31094813346862793,,,,,,,,0.3255939483642578,0.28002381324768066,,0.28086185455322266,,,0.29446911811828613,,,,,0.6525130271911621,,,,2.080821990966797,,,,,,,,,,0.5975098609924316
2680,0.30750012397766113,,,,1.2651147842407227,,,,0.30747008323669434,,0.3066751956939697,0.3039281368255615,,,,,0.2912321090698242,,,,,,,,0.33315205574035645,0.30487775802612305,,0.3050680160522461,,,0.3102600574493408,,,,,0.6240050792694092,,,,0.5905871391296387,,,,,,,,,,0.5858330726623535
2681,0.29700565338134766,,,,0.5680058002471924,,,,0.3084847927093506,,0.3657951354980469,0.320767879486084,,,,,0.29012298583984375,,,,,,,,0.3364098072052002,0.29857730865478516,,0.2800421714782715,,,0.2902688980102539,,,,,0.3217010498046875,,,,0.5922229290008545,,,,,,,,,,0.6063590049743652
2682,0.3350179195404053,,,,1.1985180377960205,,,,0.28277015686035156,,0.6678221225738525,0.2843437194824219,,,,,0.3133401870727539,,,,,,,,0.3523228168487549,0.30106687545776367,,0.3005402088165283,,,0.29329419136047363,,,,,0.6246750354766846,,,,5.815698862075806,,,,,,,,,,1.3860440254211426
2683,0.29071998596191406,,,,1.269355058670044,,,,0.2942640781402588,,0.6847267150878906,0.28664684295654297,,,,,0.31135082244873047,,,,,,,,0.33460116386413574,0.3074171543121338,,0.32514381408691406,,,0.28363609313964844,,,,,0.30858278274536133,,,,0.5783088207244873,,,,,,,,,,1.3413169384002686
2684,0.29392576217651367,,,,0.5508270263671875,,,,0.3179819583892822,,0.6687178611755371,0.2908327579498291,,,,,0.30005693435668945,,,,,,,,0.3192441463470459,0.29950809478759766,,0.2857787609100342,,,0.30080103874206543,,,,,0.6194257736206055,,,,0.5749750137329102,,,,,,,,,,1.0865278244018555
2685,0.31617283821105957,,,,0.5268311500549316,,,,0.30797839164733887,,1.9486668109893799,0.28464531898498535,,,,,0.2908051013946533,,,,,,,,0.33055901527404785,0.2911069393157959,,0.3150520324707031,,,0.32643890380859375,,,,,0.32152390480041504,,,,2.093621015548706,,,,,,,,,,0.6272678375244141
2686,0.29903101921081543,,,,0.5181257724761963,,,,0.31006693840026855,,0.2885019779205322,0.31271982192993164,,,,,0.30544304847717285,,,,,,,,0.3314509391784668,0.29593992233276367,,0.28759288787841797,,,0.27948594093322754,,,,,0.6438450813293457,,,,0.6201090812683105,,,,,,,,,,0.6393389701843262
2687,0.3324568271636963,,,,1.28593111038208,,,,0.29746198654174805,,0.28145694732666016,0.28939294815063477,,,,,0.3266780376434326,,,,,,,,0.36408090591430664,0.2949998378753662,,0.28821706771850586,,,0.3034191131591797,,,,,0.6221160888671875,,,,0.585162878036499,,,,,,,,,,0.6230309009552002
2688,0.6246352195739746,,,,0.5424811840057373,,,,0.31119799613952637,,0.36118412017822266,0.2903590202331543,,,,,0.3069419860839844,,,,,,,,0.3509230613708496,0.28290295600891113,,0.32248592376708984,,,0.28757715225219727,,,,,0.5625519752502441,,,,0.5919790267944336,,,,,,,,,,0.6281189918518066
2689,0.45845818519592285,,,,0.5460498332977295,,,,0.3158888816833496,,0.6742730140686035,0.2858161926269531,,,,,0.30842089653015137,,,,,,,,0.3258969783782959,0.3010869026184082,,0.30730509757995605,,,0.2879149913787842,,,,,0.6318659782409668,,,,0.5934090614318848,,,,,,,,,,1.3180952072143555
2690,0.3085801601409912,,,,1.2397687435150146,,,,0.2879631519317627,,0.281466007232666,0.2823939323425293,,,,,0.29465699195861816,,,,,,,,0.326030969619751,0.2820560932159424,,0.29869914054870605,,,0.31428980827331543,,,,,0.30951786041259766,,,,0.5987672805786133,,,,,,,,,,1.1054461002349854
2691,0.3138890266418457,,,,1.1977689266204834,,,,0.31678295135498047,,0.29107189178466797,0.3077700138092041,,,,,0.28844523429870605,,,,,,,,0.31894397735595703,0.3112618923187256,,0.31146693229675293,,,0.2857551574707031,,,,,0.2795109748840332,,,,0.5724842548370361,,,,,,,,,,0.6220989227294922
2692,0.6508538722991943,,,,1.2288050651550293,,,,0.29967498779296875,,0.38914012908935547,0.2847449779510498,,,,,0.30383896827697754,,,,,,,,0.3702371120452881,0.29027891159057617,,0.3019540309906006,,,0.29897594451904297,,,,,0.6101617813110352,,,,2.8535561561584473,,,,,,,,,,6.0725791454315186
2693,0.3789181709289551,,,,1.257383108139038,,,,0.3086369037628174,,0.2939488887786865,0.29495906829833984,,,,,0.2846100330352783,,,,,,,,0.3250770568847656,0.2775130271911621,,0.3024287223815918,,,0.2800140380859375,,,,,0.6517369747161865,,,,2.145810842514038,,,,,,,,,,1.356114149093628
2694,0.6895229816436768,,,,1.2457408905029297,,,,0.3265988826751709,,0.28360819816589355,0.2878999710083008,,,,,0.2902681827545166,,,,,,,,0.3368360996246338,0.28355908393859863,,0.29320216178894043,,,0.30460429191589355,,,,,0.6570041179656982,,,,1.7593209743499756,,,,,,,,,,1.0271320343017578
2695,0.6706562042236328,,,,0.6138241291046143,,,,0.2960691452026367,,0.3010110855102539,0.296464204788208,,,,,0.2876429557800293,,,,,,,,0.3277931213378906,0.29131007194519043,,0.305070161819458,,,0.30425477027893066,,,,,0.6535770893096924,,,,1.3830840587615967,,,,,,,,,,0.6133270263671875
2696,0.4137380123138428,,,,0.5430998802185059,,,,0.315457820892334,,1.066904067993164,0.3173389434814453,,,,,0.29187488555908203,,,,,,,,0.3300211429595947,0.3108229637145996,,0.30396413803100586,,,0.290419340133667,,,,,0.6325650215148926,,,,0.608245849609375,,,,,,,,,,0.5914607048034668
2697,0.6754958629608154,,,,0.5611991882324219,,,,0.28655099868774414,,1.0743699073791504,0.29355716705322266,,,,,0.3109469413757324,,,,,,,,0.36394500732421875,0.29624295234680176,,0.30646610260009766,,,0.28949618339538574,,,,,0.6248469352722168,,,,1.0116541385650635,,,,,,,,,,0.6139998435974121
2698,0.2860589027404785,,,,1.2508561611175537,,,,0.2984812259674072,,0.34331417083740234,0.28209424018859863,,,,,0.3131849765777588,,,,,,,,0.3498528003692627,0.3090231418609619,,0.33014392852783203,,,0.2948932647705078,,,,,0.6284799575805664,,,,1.800586223602295,,,,,,,,,,0.5876369476318359
2699,0.6931309700012207,,,,1.26739501953125,,,,0.33202624320983887,,0.6776208877563477,0.28646206855773926,,,,,0.301285982131958,,,,,,,,0.3236730098724365,0.3004899024963379,,0.301605224609375,,,0.351823091506958,,,,,0.6440727710723877,,,,0.5949580669403076,,,,,,,,,,0.5935330390930176
2700,0.30728912353515625,,,,1.2642240524291992,,,,0.30501699447631836,,0.36185383796691895,0.2871401309967041,,,,,0.2891881465911865,,,,,,,,0.3464667797088623,0.2859978675842285,,0.3057372570037842,,,0.30947089195251465,,,,,0.6516101360321045,,,,1.3451411724090576,,,,,,,,,,0.579395055770874
2701,0.6619091033935547,,,,1.2592289447784424,,,,0.30240511894226074,,0.3092958927154541,0.3213038444519043,,,,,0.3081519603729248,,,,,,,,0.33229994773864746,0.30496811866760254,,0.2936978340148926,,,0.2814950942993164,,,,,0.3286011219024658,,,,0.2919449806213379,,,,,,,,,,0.6363658905029297
2702,0.6670150756835938,,,,1.2696402072906494,,,,0.3089711666107178,,0.7106537818908691,0.3068349361419678,,,,,0.31056904792785645,,,,,,,,0.34895825386047363,0.3081181049346924,,0.29147815704345703,,,0.2841060161590576,,,,,0.3728811740875244,,,,2.6626009941101074,,,,,,,,,,0.6349797248840332
2703,0.32754087448120117,,,,0.5665268898010254,,,,0.2971060276031494,,0.34633398056030273,0.306751012802124,,,,,0.2986111640930176,,,,,,,,0.3455817699432373,0.30442070960998535,,0.33188390731811523,,,0.30056023597717285,,,,,0.41472887992858887,,,,0.6042156219482422,,,,,,,,,,1.3433501720428467
2704,0.6710898876190186,,,,0.5666539669036865,,,,0.33312416076660156,,0.3596038818359375,0.30454397201538086,,,,,0.3133690357208252,,,,,,,,0.34426283836364746,0.28592705726623535,,0.3119988441467285,,,0.2833130359649658,,,,,0.31136298179626465,,,,2.1009888648986816,,,,,,,,,,1.0173730850219727
2705,0.6685538291931152,,,,1.2471649646759033,,,,0.28269100189208984,,0.7167479991912842,0.2879338264465332,,,,,0.31871509552001953,,,,,,,,0.32610201835632324,0.29148411750793457,,0.2984497547149658,,,0.3148469924926758,,,,,0.6192011833190918,,,,0.615750789642334,,,,,,,,,,2.604012966156006
2706,0.28189802169799805,,,,0.5320169925689697,,,,0.31023693084716797,,0.7099590301513672,0.3126697540283203,,,,,0.29967379570007324,,,,,,,,0.31790590286254883,0.30902814865112305,,0.30566883087158203,,,0.2867860794067383,,,,,0.6394350528717041,,,,0.590893030166626,,,,,,,,,,1.440568208694458
2707,0.6181628704071045,,,,1.2454719543457031,,,,0.3025331497192383,,0.36684179306030273,0.2914450168609619,,,,,0.31418323516845703,,,,,,,,0.37050914764404297,0.2905459403991699,,0.3021550178527832,,,0.29553723335266113,,,,,0.6264851093292236,,,,0.5673117637634277,,,,,,,,,,0.6460638046264648
2708,0.7287449836730957,,,,0.5339512825012207,,,,0.3105447292327881,,1.0993678569793701,0.29365086555480957,,,,,0.30185699462890625,,,,,,,,0.3500218391418457,0.2826809883117676,,0.309844970703125,,,0.2798950672149658,,,,,0.29189395904541016,,,,0.9715321063995361,,,,,,,,,,0.6377930641174316
2709,0.3105661869049072,,,,0.5606870651245117,,,,0.3251011371612549,,1.013495922088623,0.3072819709777832,,,,,0.30797696113586426,,,,,,,,0.32678818702697754,0.2832028865814209,,0.308182954788208,,,0.2831230163574219,,,,,0.5982561111450195,,,,1.0278348922729492,,,,,,,,,,1.0571999549865723
2710,0.2895500659942627,,,,1.2653911113739014,,,,0.29445981979370117,,0.5297191143035889,0.30519986152648926,,,,,0.2998831272125244,,,,,,,,0.3578619956970215,0.30295801162719727,,0.3116729259490967,,,0.31237125396728516,,,,,0.3557109832763672,,,,0.5908868312835693,,,,,,,,,,0.6410849094390869
2711,0.64263916015625,,,,0.22474288940429688,,,,0.2876319885253906,,0.6646938323974609,0.3329300880432129,,,,,0.3024299144744873,,,,,,,,0.3363780975341797,0.3298959732055664,,0.28835391998291016,,,0.2882270812988281,,,,,0.6366031169891357,,,,0.6134700775146484,,,,,,,,,,0.6266360282897949
2712,0.3123970031738281,,,,1.0076518058776855,,,,0.28081703186035156,,1.1251821517944336,0.29534006118774414,,,,,0.3352389335632324,,,,,,,,0.3530910015106201,0.2939319610595703,,0.29427027702331543,,,0.28540968894958496,,,,,0.32152605056762695,,,,0.561488151550293,,,,,,,,,,0.6104602813720703
2713,0.32067418098449707,,,,0.5592341423034668,,,,0.2969698905944824,,0.34536004066467285,0.28616976737976074,,,,,0.30721092224121094,,,,,,,,0.3419978618621826,0.28681206703186035,,0.32850098609924316,,,0.29367709159851074,,,,,1.0662479400634766,,,,0.581977128982544,,,,,,,,,,0.5847499370574951
2714,0.28656697273254395,,,,0.5541057586669922,,,,0.3313159942626953,,0.3585798740386963,0.2880818843841553,,,,,0.28969597816467285,,,,,,,,0.3294031620025635,0.2993617057800293,,0.3100779056549072,,,0.30141592025756836,,,,,0.6054849624633789,,,,1.4095001220703125,,,,,,,,,,1.054792881011963
2715,0.3138000965118408,,,,0.2717440128326416,,,,0.3058781623840332,,0.6737310886383057,0.31142091751098633,,,,,0.2888000011444092,,,,,,,,0.3330848217010498,0.28057312965393066,,0.2879660129547119,,,0.2973818778991699,,,,,0.2877998352050781,,,,1.0301251411437988,,,,,,,,,,1.0080900192260742
2716,0.3096790313720703,,,,1.2222650051116943,,,,0.3089139461517334,,0.6772449016571045,0.32890868186950684,,,,,0.2895340919494629,,,,,,,,0.3397030830383301,0.32715797424316406,,0.28818392753601074,,,0.30570292472839355,,,,,0.6224691867828369,,,,1.7514538764953613,,,,,,,,,,1.769758939743042
2717,0.2895491123199463,,,,2.372429847717285,,,,0.29584789276123047,,0.6885452270507812,0.2979302406311035,,,,,0.3362247943878174,,,,,,,,0.35065293312072754,0.312053918838501,,0.2950479984283447,,,0.27904582023620605,,,,,0.6235411167144775,,,,2.168882131576538,,,,,,,,,,0.7211461067199707
2718,0.30930614471435547,,,,0.5646209716796875,,,,0.2938520908355713,,0.3439140319824219,0.28819990158081055,,,,,0.2978849411010742,,,,,,,,0.3328089714050293,0.3034241199493408,,0.33167099952697754,,,0.30218005180358887,,,,,0.6179111003875732,,,,0.5862159729003906,,,,,,,,,,1.7273180484771729
2719,0.2878122329711914,,,,0.25672078132629395,,,,0.30321502685546875,,0.5082042217254639,0.28882813453674316,,,,,0.3142120838165283,,,,,,,,0.33037495613098145,0.30812597274780273,,0.307697057723999,,,0.2782320976257324,,,,,0.3449058532714844,,,,2.125678062438965,,,,,,,,,,0.9895820617675781
2720,0.29286909103393555,,,,0.951728105545044,,,,0.298367977142334,,0.35973095893859863,0.2861649990081787,,,,,0.2981131076812744,,,,,,,,0.33460307121276855,0.3034937381744385,,0.30892086029052734,,,0.31011295318603516,,,,,0.6243228912353516,,,,5.442316055297852,,,,,,,,,,1.0068840980529785
2721,0.28535985946655273,,,,0.5366079807281494,,,,0.29932284355163574,,0.7113280296325684,0.32967209815979004,,,,,0.2829422950744629,,,,,,,,0.31486964225769043,0.3242158889770508,,0.2917799949645996,,,0.2965817451477051,,,,,0.6553239822387695,,,,0.593015193939209,,,,,,,,,,0.6778697967529297
2722,0.30865979194641113,,,,0.5369100570678711,,,,0.30560922622680664,,0.36342692375183105,0.31381893157958984,,,,,0.3168809413909912,,,,,,,,0.3694770336151123,0.3052191734313965,,0.3190789222717285,,,0.2756919860839844,,,,,0.654789924621582,,,,3.980100154876709,,,,,,,,,,1.066856861114502
2723,0.32988715171813965,,,,0.5643181800842285,,,,0.3103330135345459,,0.3607311248779297,0.2917182445526123,,,,,0.3053629398345947,,,,,,,,0.3435177803039551,0.2846829891204834,,0.3112058639526367,,,0.2873268127441406,,,,,0.6496319770812988,,,,0.5870280265808105,,,,,,,,,,0.5990190505981445
2724,0.3007538318634033,,,,1.2300050258636475,,,,0.31494688987731934,,1.0601279735565186,0.29346680641174316,,,,,0.30290699005126953,,,,,,,,0.32791876792907715,0.294238805770874,,0.3160068988800049,,,0.3058810234069824,,,,,0.49946022033691406,,,,1.7426838874816895,,,,,,,,,,1.0603008270263672
2725,0.3129899501800537,,,,0.5659670829772949,,,,0.29187488555908203,,1.1597650051116943,0.3027219772338867,,,,,0.29705095291137695,,,,,,,,0.3335108757019043,0.30791378021240234,,0.3026590347290039,,,0.3033018112182617,,,,,0.6218979358673096,,,,0.5746297836303711,,,,,,,,,,0.5941970348358154
2726,0.2957577705383301,,,,1.2520849704742432,,,,0.2973928451538086,,0.35384297370910645,0.335068941116333,,,,,0.3173408508300781,,,,,,,,0.33457517623901367,0.3138771057128906,,0.2981760501861572,,,0.28655004501342773,,,,,0.6280603408813477,,,,1.0213351249694824,,,,,,,,,,1.086946964263916
2727,0.2864370346069336,,,,1.1803228855133057,,,,0.27921199798583984,,0.32288527488708496,0.2874312400817871,,,,,0.3166069984436035,,,,,,,,0.3658618927001953,0.28961777687072754,,0.3186502456665039,,,0.3037528991699219,,,,,0.6045019626617432,,,,0.5721781253814697,,,,,,,,,,0.7319090366363525
2728,0.3110790252685547,,,,1.2827088832855225,,,,0.31160593032836914,,0.3521549701690674,0.29232215881347656,,,,,0.3140449523925781,,,,,,,,0.3248457908630371,0.28739094734191895,,0.3109261989593506,,,0.3014090061187744,,,,,0.29898905754089355,,,,0.5635998249053955,,,,,,,,,,1.0641520023345947
2729,0.2835571765899658,,,,1.2234711647033691,,,,0.3240370750427246,,0.34367895126342773,0.31206417083740234,,,,,0.2854170799255371,,,,,,,,0.33237504959106445,0.2903327941894531,,0.2910318374633789,,,0.2888369560241699,,,,,0.3017771244049072,,,,0.9969420433044434,,,,,,,,,,0.59883713722229
2730,0.2912609577178955,,,,0.5613720417022705,,,,0.3030672073364258,,0.6686220169067383,0.30103588104248047,,,,,0.31122827529907227,,,,,,,,0.3387117385864258,0.2778949737548828,,0.28317999839782715,,,0.29604101181030273,,,,,0.28345799446105957,,,,1.0172128677368164,,,,,,,,,,1.3983891010284424
2731,0.2885100841522217,,,,0.5290920734405518,,,,0.31284093856811523,,0.6820731163024902,0.3271949291229248,,,,,0.29169607162475586,,,,,,,,0.32721686363220215,0.3194570541381836,,0.29142093658447266,,,0.2955210208892822,,,,,0.607947587966919,,,,0.9734530448913574,,,,,,,,,,3.257209062576294
2732,0.3148479461669922,,,,0.9076859951019287,,,,0.2983372211456299,,0.3421812057495117,0.3069307804107666,,,,,0.33803224563598633,,,,,,,,0.36487889289855957,0.3074929714202881,,0.31386804580688477,,,0.27958106994628906,,,,,0.6589548587799072,,,,1.0297882556915283,,,,,,,,,,1.7622661590576172
2733,0.32708311080932617,,,,0.5993640422821045,,,,0.31104302406311035,,0.35512304306030273,0.29803895950317383,,,,,0.2943751811981201,,,,,,,,0.3398311138153076,0.306732177734375,,0.32868504524230957,,,0.3008127212524414,,,,,0.6176149845123291,,,,0.9535422325134277,,,,,,,,,,0.596146821975708
2734,0.296511173248291,,,,0.5633189678192139,,,,0.3036210536956787,,0.6638379096984863,0.31243371963500977,,,,,0.2888069152832031,,,,,,,,0.3420848846435547,0.3100728988647461,,0.2935800552368164,,,0.27999377250671387,,,,,0.6003708839416504,,,,1.7085230350494385,,,,,,,,,,1.4215998649597168
2735,0.31064295768737793,,,,1.2494208812713623,,,,0.3008120059967041,,0.7070682048797607,0.2869868278503418,,,,,0.3114938735961914,,,,,,,,0.3213989734649658,0.3062739372253418,,0.29082703590393066,,,0.31467199325561523,,,,,0.6082830429077148,,,,1.0259089469909668,,,,,,,,,,1.005289077758789
2736,0.2936577796936035,,,,0.5575709342956543,,,,0.3121788501739502,,0.6701529026031494,0.32584595680236816,,,,,0.29145288467407227,,,,,,,,0.32700181007385254,0.318817138671875,,0.31407999992370605,,,0.2985420227050781,,,,,0.6037721633911133,,,,0.5647120475769043,,,,,,,,,,1.3754732608795166
2737,0.2933189868927002,,,,0.5675239562988281,,,,0.3017582893371582,,1.0869181156158447,0.3039851188659668,,,,,0.3252551555633545,,,,,,,,0.3483619689941406,0.2863471508026123,,0.28698277473449707,,,0.27886319160461426,,,,,0.6218302249908447,,,,0.5923950672149658,,,,,,,,,,0.6232540607452393
2738,0.334780216217041,,,,0.537545919418335,,,,0.30826807022094727,,0.355151891708374,0.3099851608276367,,,,,0.3042616844177246,,,,,,,,0.3406999111175537,0.28267598152160645,,0.3169410228729248,,,0.3130769729614258,,,,,0.6244280338287354,,,,0.9900469779968262,,,,,,,,,,0.605079174041748
2739,0.29649829864501953,,,,0.8207070827484131,,,,0.3239407539367676,,0.32779598236083984,0.2964341640472412,,,,,0.29370594024658203,,,,,,,,0.3289010524749756,0.2886970043182373,,0.3152601718902588,,,0.29489588737487793,,,,,0.6756317615509033,,,,1.01456880569458,,,,,,,,,,0.6091840267181396
2740,0.3139688968658447,,,,0.5630338191986084,,,,0.3059718608856201,,0.6786110401153564,0.30430102348327637,,,,,0.28778982162475586,,,,,,,,0.34525179862976074,0.2887589931488037,,0.2985100746154785,,,0.30162978172302246,,,,,0.6335480213165283,,,,1.0185420513153076,,,,,,,,,,1.0210630893707275
2741,0.2974848747253418,,,,0.573106050491333,,,,0.2894930839538574,,0.6821839809417725,0.3110692501068115,,,,,0.2901279926300049,,,,,,,,0.3445091247558594,0.3200199604034424,,0.3110792636871338,,,0.30496835708618164,,,,,0.651522159576416,,,,0.5899529457092285,,,,,,,,,,0.5952489376068115
2742,0.31046199798583984,,,,0.5591177940368652,,,,0.29897499084472656,,0.4521799087524414,0.30640292167663574,,,,,0.31238698959350586,,,,,,,,0.34786200523376465,0.3081378936767578,,0.30314016342163086,,,0.28004932403564453,,,,,0.6777970790863037,,,,2.059467077255249,,,,,,,,,,0.6890621185302734
2743,0.309920072555542,,,,1.2447926998138428,,,,0.3135690689086914,,0.540590763092041,0.28777599334716797,,,,,0.3113129138946533,,,,,,,,0.38791608810424805,0.298206090927124,,0.32829904556274414,,,0.3031151294708252,,,,,0.643599271774292,,,,0.5685110092163086,,,,,,,,,,1.3534801006317139
2744,0.2931098937988281,,,,1.244762897491455,,,,0.3181278705596924,,0.6919980049133301,0.6453661918640137,,,,,0.28606700897216797,,,,,,,,0.3427860736846924,0.28905487060546875,,0.3010282516479492,,,0.27826881408691406,,,,,0.61665940284729,,,,0.5538890361785889,,,,,,,,,,0.595818042755127
2745,0.29614901542663574,,,,0.6422848701477051,,,,0.31237363815307617,,0.7502820491790771,0.3121070861816406,,,,,0.3082587718963623,,,,,,,,0.3466949462890625,0.2768130302429199,,0.2861340045928955,,,0.3208189010620117,,,,,0.6251089572906494,,,,1.0181760787963867,,,,,,,,,,1.024291753768921
2746,0.30469608306884766,,,,0.5665621757507324,,,,0.2989950180053711,,0.3709597587585449,0.3214089870452881,,,,,0.29651927947998047,,,,,,,,0.32698988914489746,0.3176720142364502,,0.30956006050109863,,,0.28263401985168457,,,,,0.6557950973510742,,,,0.5973777770996094,,,,,,,,,,1.0032477378845215
2747,0.3142101764678955,,,,0.9541070461273193,,,,0.3130629062652588,,0.32895398139953613,0.28881311416625977,,,,,0.3114480972290039,,,,,,,,0.3565819263458252,0.3063211441040039,,0.3131840229034424,,,0.2970001697540283,,,,,0.6568057537078857,,,,2.8609259128570557,,,,,,,,,,0.599484920501709
2748,0.3172311782836914,,,,0.674034833908081,,,,0.2846100330352783,,0.6845738887786865,0.31630992889404297,,,,,0.3161201477050781,,,,,,,,0.33467912673950195,0.28237104415893555,,0.3088090419769287,,,0.2834460735321045,,,,,0.6481273174285889,,,,0.6269791126251221,,,,,,,,,,0.5937061309814453
2749,0.3098750114440918,,,,0.8134419918060303,,,,0.3172779083251953,,0.45194315910339355,0.2932772636413574,,,,,0.31986188888549805,,,,,,,,0.32556819915771484,0.30081796646118164,,0.2968409061431885,,,0.30052900314331055,,,,,0.6529579162597656,,,,0.6265997886657715,,,,,,,,,,2.2163918018341064
2750,0.289276123046875,,,,0.7867188453674316,,,,0.2897317409515381,,0.6774718761444092,0.30968594551086426,,,,,0.29638004302978516,,,,,,,,0.3258187770843506,0.29878973960876465,,0.2991921901702881,,,0.3291008472442627,,,,,0.6225872039794922,,,,0.9791407585144043,,,,,,,,,,1.0481319427490234
2751,0.2875850200653076,,,,0.5669429302215576,,,,0.31711316108703613,,0.32816219329833984,0.3099069595336914,,,,,0.28903818130493164,,,,,,,,0.33221912384033203,0.31150293350219727,,0.31731605529785156,,,0.3053159713745117,,,,,0.6279537677764893,,,,3.5058231353759766,,,,,,,,,,0.5837960243225098
2752,0.31778788566589355,,,,0.6456267833709717,,,,0.29111289978027344,,0.6798241138458252,0.3125340938568115,,,,,0.3331260681152344,,,,,,,,0.361710786819458,0.28179311752319336,,0.29035186767578125,,,0.2817409038543701,,,,,1.044656753540039,,,,5.54947304725647,,,,,,,,,,1.022143840789795
2753,0.31804728507995605,,,,1.2445580959320068,,,,0.29439377784729004,,0.7140381336212158,0.2910628318786621,,,,,0.29921388626098633,,,,,,,,0.3250260353088379,0.2845029830932617,,0.31243395805358887,,,0.3034639358520508,,,,,0.6431140899658203,,,,1.388484239578247,,,,,,,,,,2.5488996505737305
2754,0.31438517570495605,,,,0.5643508434295654,,,,0.3308870792388916,,0.6856689453125,0.29361891746520996,,,,,0.3110389709472656,,,,,,,,0.3449232578277588,0.3007359504699707,,0.3179299831390381,,,0.3060767650604248,,,,,0.6280739307403564,,,,2.4826600551605225,,,,,,,,,,5.169100999832153
2755,0.2927570343017578,,,,0.25322508811950684,,,,0.3055849075317383,,0.35025715827941895,0.31003499031066895,,,,,0.2998201847076416,,,,,,,,0.3397250175476074,0.30818605422973633,,0.29427409172058105,,,0.29378390312194824,,,,,0.6776821613311768,,,,0.5592520236968994,,,,,,,,,,20.617016077041626
2756,0.3144059181213379,,,,0.5257909297943115,,,,0.2812919616699219,,0.35333991050720215,0.30148816108703613,,,,,0.29813599586486816,,,,,,,,0.33261704444885254,0.3239259719848633,,0.31270480155944824,,,0.27817392349243164,,,,,0.6219520568847656,,,,2.1474218368530273,,,,,,,,,,20.599467039108276
2757,0.2960648536682129,,,,1.2293219566345215,,,,0.3078129291534424,,0.3958408832550049,0.2887539863586426,,,,,0.3137233257293701,,,,,,,,0.3616483211517334,0.3092198371887207,,0.2976858615875244,,,0.29047417640686035,,,,,0.7295019626617432,,,,5.830225229263306,,,,,,,,,,7.2941389083862305
2758,0.30948901176452637,,,,1.1849310398101807,,,,0.3132309913635254,,0.3619539737701416,0.30472397804260254,,,,,0.31391119956970215,,,,,,,,0.3205299377441406,0.3051121234893799,,0.3342559337615967,,,0.30214810371398926,,,,,0.6320669651031494,,,,3.999305009841919,,,,,,,,,,3.4172470569610596
2759,0.31403398513793945,,,,1.2153880596160889,,,,0.33896589279174805,,0.36990904808044434,0.2833559513092041,,,,,0.2900826930999756,,,,,,,,0.32663416862487793,0.3077061176300049,,0.2967860698699951,,,0.27734923362731934,,,,,0.601409912109375,,,,1.0511691570281982,,,,,,,,,,1.031337022781372
2760,0.29564499855041504,,,,0.5581691265106201,,,,0.30311012268066406,,0.34215712547302246,0.29526400566101074,,,,,0.29825305938720703,,,,,,,,0.32517385482788086,0.2847590446472168,,0.29386281967163086,,,0.3000152111053467,,,,,0.6802079677581787,,,,0.5863568782806396,,,,,,,,,,1.0963239669799805
2761,0.2893352508544922,,,,0.5654401779174805,,,,0.30338001251220703,,0.31136417388916016,0.2861289978027344,,,,,0.31163811683654785,,,,,,,,0.34726619720458984,0.31762194633483887,,0.3033726215362549,,,0.29758477210998535,,,,,0.667701005935669,,,,1.7519009113311768,,,,,,,,,,0.6009840965270996
2762,0.31183409690856934,,,,0.5301089286804199,,,,0.3073258399963379,,0.7108640670776367,0.3042280673980713,,,,,0.31500911712646484,,,,,,,,0.34925389289855957,0.2876248359680176,,0.310532808303833,,,0.28720593452453613,,,,,0.7086267471313477,,,,0.5638399124145508,,,,,,,,,,20.374315977096558
2763,0.32046008110046387,,,,1.2480027675628662,,,,0.28601908683776855,,0.7172651290893555,0.2845571041107178,,,,,0.31324100494384766,,,,,,,,0.32741403579711914,0.2846100330352783,,0.34368014335632324,,,0.2888970375061035,,,,,0.6693809032440186,,,,3.1835520267486572,,,,,,,,,,2.4207661151885986
2764,0.31177401542663574,,,,0.5283551216125488,,,,0.32498788833618164,,0.34914517402648926,0.2862362861633301,,,,,0.2974109649658203,,,,,,,,0.34606099128723145,0.29809117317199707,,0.2930569648742676,,,0.29833531379699707,,,,,0.6529591083526611,,,,0.6252610683441162,,,,,,,,,,20.532191038131714
2765,0.2854301929473877,,,,1.2055490016937256,,,,0.3018529415130615,,0.71484375,0.2940969467163086,,,,,0.313950777053833,,,,,,,,0.774730920791626,0.28312015533447266,,0.31653928756713867,,,0.3251321315765381,,,,,0.6422121524810791,,,,0.5525760650634766,,,,,,,,,,20.51738691329956
2766,0.30602097511291504,,,,0.5962429046630859,,,,0.3149540424346924,,1.1188409328460693,0.2931828498840332,,,,,0.2864830493927002,,,,,,,,0.32202863693237305,0.3153951168060303,,0.30357789993286133,,,0.28223204612731934,,,,,0.628809928894043,,,,1.9676570892333984,,,,,,,,,,0.8704919815063477
2767,0.2997100353240967,,,,0.9751501083374023,,,,0.2984452247619629,,0.7225251197814941,0.303210973739624,,,,,0.3027381896972656,,,,,,,,0.3283729553222656,0.27994608879089355,,0.2888209819793701,,,0.27483701705932617,,,,,0.6740899085998535,,,,1.450021743774414,,,,,,,,,,12.451815128326416
2768,0.3351738452911377,,,,1.2478079795837402,,,,0.3094921112060547,,0.36722707748413086,0.29536890983581543,,,,,0.3065972328186035,,,,,,,,0.34600186347961426,0.2826399803161621,,0.3238997459411621,,,0.30399179458618164,,,,,1.1001198291778564,,,,0.5888631343841553,,,,,,,,,,20.566237926483154
2769,0.29314208030700684,,,,1.2534921169281006,,,,0.31738972663879395,,0.7024917602539062,0.3005099296569824,,,,,0.3251612186431885,,,,,,,,0.8327579498291016,0.3010530471801758,,0.3014860153198242,,,0.2826359272003174,,,,,0.6573760509490967,,,,0.5773320198059082,,,,,,,,,,20.665977001190186
2770,0.29157590866088867,,,,1.3001439571380615,,,,0.2880239486694336,,0.6818101406097412,0.31520795822143555,,,,,0.3064720630645752,,,,,,,,0.32982301712036133,0.28269124031066895,,0.3135850429534912,,,0.3215219974517822,,,,,0.6703941822052002,,,,0.6143698692321777,,,,,,,,,,0.5669219493865967
2771,0.2894110679626465,,,,1.2525057792663574,,,,0.2885291576385498,,0.6899712085723877,0.282696008682251,,,,,0.30694103240966797,,,,,,,,0.3391869068145752,0.2933082580566406,,0.31710004806518555,,,0.3043200969696045,,,,,0.6581299304962158,,,,2.873643159866333,,,,,,,,,,20.449983835220337
2772,0.2867889404296875,,,,0.9185941219329834,,,,0.28484678268432617,,0.8171682357788086,0.3263068199157715,,,,,0.29957103729248047,,,,,,,,0.3487520217895508,0.30480408668518066,,0.2992072105407715,,,0.29839372634887695,,,,,0.6334693431854248,,,,4.769545078277588,,,,,,,,,,14.337557077407837
2773,0.32272791862487793,,,,0.5809030532836914,,,,0.291226863861084,,0.3600430488586426,0.30464601516723633,,,,,0.28597092628479004,,,,,,,,0.39412784576416016,0.29456186294555664,,0.33363986015319824,,,0.29656195640563965,,,,,0.6547410488128662,,,,0.5710296630859375,,,,,,,,,,1.068284034729004
2774,0.2893538475036621,,,,0.539874792098999,,,,0.3095231056213379,,0.34857606887817383,0.3061501979827881,,,,,0.334697961807251,,,,,,,,0.385012149810791,0.2786827087402344,,0.29064273834228516,,,0.28247618675231934,,,,,0.6047587394714355,,,,1.0093109607696533,,,,,,,,,,1.8844809532165527
2775,0.314054012298584,,,,0.5434470176696777,,,,0.2878720760345459,,0.6638839244842529,0.31014490127563477,,,,,0.2966499328613281,,,,,,,,0.3487858772277832,0.2908329963684082,,0.2951679229736328,,,0.321990966796875,,,,,0.6471638679504395,,,,0.6287920475006104,,,,,,,,,,20.7394380569458
2776,0.3029177188873291,,,,1.2524220943450928,,,,0.28819870948791504,,0.6895678043365479,0.3015129566192627,,,,,0.3111460208892822,,,,,,,,0.32906222343444824,0.2930266857147217,,0.31718921661376953,,,0.2838730812072754,,,,,0.6768567562103271,,,,4.012871980667114,,,,,,,,,,20.63042187690735
2777,0.3086080551147461,,,,0.5372660160064697,,,,0.2980968952178955,,0.36434125900268555,0.3082869052886963,,,,,0.3051280975341797,,,,,,,,0.7700979709625244,0.29958009719848633,,0.28693604469299316,,,0.2933502197265625,,,,,1.1179940700531006,,,,2.1464951038360596,,,,,,,,,,20.666857957839966
2778,0.31652212142944336,,,,1.2607719898223877,,,,0.2817380428314209,,0.6704268455505371,0.2797050476074219,,,,,0.295896053314209,,,,,,,,0.8037459850311279,0.30403685569763184,,0.3391580581665039,,,0.2868978977203369,,,,,1.0660789012908936,,,,0.5687010288238525,,,,,,,,,,20.734679698944092
2779,0.31096315383911133,,,,1.2738561630249023,,,,0.3286168575286865,,0.6800341606140137,0.30782628059387207,,,,,0.3162510395050049,,,,,,,,0.3465578556060791,0.30711984634399414,,0.29538488388061523,,,0.2895519733428955,,,,,0.6505107879638672,,,,1.6768620014190674,,,,,,,,,,0.507037878036499
2780,0.2859480381011963,,,,0.7190089225769043,,,,0.310474157333374,,0.3320488929748535,0.30392885208129883,,,,,0.2859959602355957,,,,,,,,0.7830610275268555,0.30828428268432617,,0.31578803062438965,,,0.3228909969329834,,,,,0.6416749954223633,,,,5.567455768585205,,,,,,,,,,20.728113889694214
2781,0.31125307083129883,,,,1.262580156326294,,,,0.30394721031188965,,0.6548762321472168,0.3065669536590576,,,,,0.30917811393737793,,,,,,,,0.344404935836792,0.2793548107147217,,0.28961801528930664,,,0.28020715713500977,,,,,0.6671428680419922,,,,1.7170586585998535,,,,,,,,,,
2782,0.30056190490722656,,,,0.5309679508209229,,,,0.31029200553894043,,0.6754601001739502,0.28630995750427246,,,,,0.3108358383178711,,,,,,,,0.3203902244567871,0.31791090965270996,,0.2866091728210449,,,0.3012359142303467,,,,,0.6508040428161621,,,,5.185909032821655,,,,,,,,,,
2783,0.3298788070678711,,,,1.2308712005615234,,,,0.28981709480285645,,0.698652982711792,0.2927229404449463,,,,,0.29346799850463867,,,,,,,,0.6944072246551514,0.29184508323669434,,0.31715869903564453,,,0.2845759391784668,,,,,0.6493680477142334,,,,0.5727720260620117,,,,,,,,,,
2784,0.3024282455444336,,,,0.5327179431915283,,,,0.3193240165710449,,1.2230210304260254,0.312061071395874,,,,,0.3077371120452881,,,,,,,,0.32625484466552734,0.2836310863494873,,0.31409406661987305,,,0.28858113288879395,,,,,1.0869650840759277,,,,3.897731065750122,,,,,,,,,,
2785,0.3084111213684082,,,,0.5575509071350098,,,,0.2817509174346924,,0.4301269054412842,0.28063321113586426,,,,,0.2902100086212158,,,,,,,,0.3997511863708496,0.3015310764312744,,0.32201099395751953,,,0.3163020610809326,,,,,0.535304069519043,,,,4.768434047698975,,,,,,,,,,
2786,0.304124116897583,,,,0.5293869972229004,,,,0.29256391525268555,,0.349027156829834,0.31011414527893066,,,,,0.31508898735046387,,,,,,,,0.34107089042663574,0.285632848739624,,0.31848812103271484,,,0.28246402740478516,,,,,0.6710560321807861,,,,0.5752229690551758,,,,,,,,,,
2787,0.2824289798736572,,,,0.23454809188842773,,,,0.3035578727722168,,0.3527047634124756,0.30683398246765137,,,,,0.3039569854736328,,,,,,,,0.3185739517211914,0.3039422035217285,,0.3204500675201416,,,0.29765892028808594,,,,,0.6696202754974365,,,,7.312556743621826,,,,,,,,,,
2788,0.3294367790222168,,,,0.5537571907043457,,,,0.3099508285522461,,0.684898853302002,0.30567097663879395,,,,,0.2798950672149658,,,,,,,,0.32317495346069336,0.29921579360961914,,0.3168678283691406,,,0.2885289192199707,,,,,0.6771190166473389,,,,6.221018314361572,,,,,,,,,,
2789,0.3059573173522949,,,,0.2694211006164551,,,,0.3222048282623291,,0.7174720764160156,0.3085780143737793,,,,,0.32613134384155273,,,,,,,,0.34790897369384766,0.27800488471984863,,0.29064083099365234,,,0.2794039249420166,,,,,0.6507031917572021,,,,1.0191318988800049,,,,,,,,,,
2790,0.30950498580932617,,,,0.529923677444458,,,,0.2841610908508301,,0.3828909397125244,0.3221619129180908,,,,,0.30989527702331543,,,,,,,,0.7732291221618652,0.2830369472503662,,0.31656980514526367,,,0.30081987380981445,,,,,0.6688981056213379,,,,14.724168062210083,,,,,,,,,,
2791,0.3038673400878906,,,,0.24388599395751953,,,,0.2924489974975586,,0.3284111022949219,0.3081092834472656,,,,,0.30214476585388184,,,,,,,,0.3417849540710449,0.3006296157836914,,0.29253125190734863,,,0.3030378818511963,,,,,0.6522829532623291,,,,2.041776180267334,,,,,,,,,,
2792,0.30584216117858887,,,,0.2273859977722168,,,,0.28560614585876465,,0.6985340118408203,0.2824282646179199,,,,,0.3112320899963379,,,,,,,,0.3289470672607422,0.3241572380065918,,0.3149678707122803,,,0.30301809310913086,,,,,0.6388406753540039,,,,2.496908187866211,,,,,,,,,,
2793,0.3172941207885742,,,,1.254112958908081,,,,0.28606390953063965,,0.7188470363616943,0.308837890625,,,,,0.30215978622436523,,,,,,,,0.35625481605529785,0.3099179267883301,,0.31537795066833496,,,0.2889399528503418,,,,,0.6792900562286377,,,,1.7135531902313232,,,,,,,,,,
2794,0.3119499683380127,,,,0.558790922164917,,,,0.3039522171020508,,0.29819703102111816,0.30243396759033203,,,,,0.32883310317993164,,,,,,,,0.7766740322113037,0.30849575996398926,,0.3169820308685303,,,0.2873680591583252,,,,,0.658696174621582,,,,2.1419119834899902,,,,,,,,,,
2795,0.2887859344482422,,,,0.5625262260437012,,,,0.2992687225341797,,0.5958592891693115,0.3105659484863281,,,,,0.2847599983215332,,,,,,,,0.34711599349975586,0.30326008796691895,,0.3177070617675781,,,0.3183281421661377,,,,,0.6462972164154053,,,,1.027061939239502,,,,,,,,,,
2796,0.3072350025177002,,,,1.2831811904907227,,,,0.3092629909515381,,0.7099692821502686,0.29676079750061035,,,,,0.30982232093811035,,,,,,,,0.7915458679199219,0.2769131660461426,,0.2908000946044922,,,0.27338099479675293,,,,,0.632936954498291,,,,1.39207124710083,,,,,,,,,,
2797,0.2951972484588623,,,,0.5618107318878174,,,,0.30534982681274414,,0.7138688564300537,0.3130788803100586,,,,,0.29276299476623535,,,,,,,,0.3193929195404053,0.3046269416809082,,0.29805493354797363,,,0.28946495056152344,,,,,0.6176261901855469,,,,1.771956205368042,,,,,,,,,,
2798,0.3132779598236084,,,,1.2576582431793213,,,,0.30838608741760254,,0.36984992027282715,0.3043630123138428,,,,,0.28980302810668945,,,,,,,,0.3460209369659424,0.2905609607696533,,0.33240604400634766,,,0.2861599922180176,,,,,0.7296390533447266,,,,1.0099940299987793,,,,,,,,,,
2799,0.3110849857330322,,,,1.2936320304870605,,,,0.32390809059143066,,0.3758089542388916,0.3074071407318115,,,,,0.3051278591156006,,,,,,,,0.7011659145355225,0.2994270324707031,,0.29623985290527344,,,0.29015588760375977,,,,,0.6731529235839844,,,,1.043363094329834,,,,,,,,,,
2800,0.2953650951385498,,,,0.5313773155212402,,,,0.28518199920654297,,0.744671106338501,0.30512285232543945,,,,,0.29546689987182617,,,,,,,,0.40842199325561523,0.3057258129119873,,0.31421685218811035,,,0.3180968761444092,,,,,0.6707010269165039,,,,1.5351712703704834,,,,,,,,,,
2801,0.3099339008331299,,,,1.2626831531524658,,,,0.3048410415649414,,0.3525710105895996,0.3061790466308594,,,,,0.30983614921569824,,,,,,,,0.780742883682251,0.3177351951599121,,0.30746006965637207,,,0.28937196731567383,,,,,0.6689250469207764,,,,3.992971897125244,,,,,,,,,,
2802,0.2815570831298828,,,,0.26420021057128906,,,,0.30509114265441895,,0.4082949161529541,0.30503010749816895,,,,,0.2787139415740967,,,,,,,,0.7744290828704834,0.30406785011291504,,0.2925429344177246,,,0.30791807174682617,,,,,0.6374788284301758,,,,4.318048715591431,,,,,,,,,,
2803,0.3010220527648926,,,,0.5638630390167236,,,,0.30566978454589844,,0.68227219581604,0.3087007999420166,,,,,0.28168487548828125,,,,,,,,0.8267462253570557,0.29791712760925293,,0.3330521583557129,,,0.27803587913513184,,,,,0.6270170211791992,,,,0.6072278022766113,,,,,,,,,,
2804,0.29601097106933594,,,,1.2832441329956055,,,,0.323106050491333,,1.110109806060791,0.29372215270996094,,,,,0.32027268409729004,,,,,,,,0.3979489803314209,0.28083014488220215,,0.28504300117492676,,,0.2821159362792969,,,,,0.6514060497283936,,,,11.426299810409546,,,,,,,,,,
2805,0.2853531837463379,,,,0.5628931522369385,,,,0.3094930648803711,,0.7186391353607178,0.2892589569091797,,,,,0.3087737560272217,,,,,,,,0.7837958335876465,0.2817881107330322,,0.31284499168395996,,,0.3249537944793701,,,,,0.6493570804595947,,,,4.56441068649292,,,,,,,,,,
2806,0.6894497871398926,,,,0.5343282222747803,,,,0.30473995208740234,,0.7205281257629395,0.3064558506011963,,,,,0.30809760093688965,,,,,,,,0.4087347984313965,0.2960360050201416,,0.2997431755065918,,,0.3026299476623535,,,,,0.6551339626312256,,,,4.330756187438965,,,,,,,,,,
2807,0.32558202743530273,,,,0.5258960723876953,,,,0.29026222229003906,,1.146273136138916,0.31870388984680176,,,,,0.3036386966705322,,,,,,,,0.4129972457885742,0.31099915504455566,,0.3108088970184326,,,0.27761006355285645,,,,,0.6262459754943848,,,,2.172821044921875,,,,,,,,,,
2808,0.551846981048584,,,,1.2483327388763428,,,,0.29514288902282715,,0.4893686771392822,0.2973511219024658,,,,,0.30931997299194336,,,,,,,,0.38684606552124023,0.2832341194152832,,0.3389859199523926,,,0.29128193855285645,,,,,0.6661899089813232,,,,5.169886827468872,,,,,,,,,,
2809,0.3053147792816162,,,,0.5300009250640869,,,,0.33575010299682617,,0.38768482208251953,0.3090090751647949,,,,,0.3235011100769043,,,,,,,,0.41487884521484375,0.2944068908691406,,0.30131030082702637,,,0.29593420028686523,,,,,0.6477549076080322,,,,9.225748062133789,,,,,,,,,,
2810,0.7921769618988037,,,,1.1799900531768799,,,,0.2935161590576172,,0.36883115768432617,0.30910396575927734,,,,,0.2883932590484619,,,,,,,,0.44777989387512207,0.2852468490600586,,0.31168103218078613,,,0.3084390163421631,,,,,0.6763420104980469,,,,2.4832451343536377,,,,,,,,,,
2811,1.2569220066070557,,,,0.5293440818786621,,,,0.290759801864624,,0.3875598907470703,0.3044779300689697,,,,,0.305570125579834,,,,,,,,0.4243602752685547,0.2775459289550781,,0.3025858402252197,,,0.2774629592895508,,,,,0.6568522453308105,,,,5.471224069595337,,,,,,,,,,
2812,0.31998610496520996,,,,1.2500088214874268,,,,0.3105192184448242,,0.3832571506500244,0.29844117164611816,,,,,0.3009326457977295,,,,,,,,0.4197549819946289,0.3116638660430908,,0.30434203147888184,,,0.2934279441833496,,,,,0.6773910522460938,,,,1.015559196472168,,,,,,,,,,
2813,1.1466259956359863,,,,1.2509379386901855,,,,0.30877113342285156,,0.3699650764465332,0.28655409812927246,,,,,0.3066239356994629,,,,,,,,0.39810800552368164,0.3031961917877197,,0.3173229694366455,,,0.29509711265563965,,,,,9.142163276672363,,,,0.5844631195068359,,,,,,,,,,
2814,0.3118772506713867,,,,0.5294468402862549,,,,0.31685709953308105,,0.5871500968933105,0.3127720355987549,,,,,0.3297290802001953,,,,,,,,0.3175480365753174,0.3062419891357422,,0.3146548271179199,,,0.3067021369934082,,,,,0.6200101375579834,,,,6.5877697467803955,,,,,,,,,,
2815,0.6733379364013672,,,,0.5795021057128906,,,,0.28776001930236816,,0.373333215713501,0.29518795013427734,,,,,0.2974209785461426,,,,,,,,0.4212050437927246,0.30731630325317383,,0.3026387691497803,,,0.3040928840637207,,,,,0.6430618762969971,,,,2.144122838973999,,,,,,,,,,
2816,0.6684298515319824,,,,0.550076961517334,,,,0.31089305877685547,,0.711646318435669,0.2881600856781006,,,,,0.29065489768981934,,,,,,,,0.3867490291595459,0.2965700626373291,,0.2983109951019287,,,0.2874929904937744,,,,,0.8955540657043457,,,,2.504246950149536,,,,,,,,,,
2817,0.7411220073699951,,,,1.2475738525390625,,,,0.31104016304016113,,0.7155721187591553,0.314863920211792,,,,,0.2860400676727295,,,,,,,,0.796518087387085,0.3144090175628662,,0.31696200370788574,,,0.30153512954711914,,,,,0.6626369953155518,,,,1.0130128860473633,,,,,,,,,,
2818,0.31482791900634766,,,,0.5612056255340576,,,,0.29325222969055176,,0.3686227798461914,0.3148770332336426,,,,,0.314708948135376,,,,,,,,0.3657572269439697,0.2773020267486572,,0.3136329650878906,,,0.278048038482666,,,,,0.6888151168823242,,,,0.5886068344116211,,,,,,,,,,
2819,0.6779899597167969,,,,0.5617828369140625,,,,0.3104891777038574,,1.5048987865447998,0.3162848949432373,,,,,0.31604814529418945,,,,,,,,0.3209190368652344,0.28730273246765137,,0.29840898513793945,,,0.29677915573120117,,,,,0.6577980518341064,,,,1.3875620365142822,,,,,,,,,,
2820,0.32421207427978516,,,,0.22576379776000977,,,,0.31359410285949707,,0.6833710670471191,0.28566408157348633,,,,,0.3148839473724365,,,,,,,,0.3176870346069336,0.28760409355163574,,0.29528331756591797,,,0.3085031509399414,,,,,0.6360580921173096,,,,1.7552871704101562,,,,,,,,,,
2821,0.29064416885375977,,,,0.5613632202148438,,,,0.3227229118347168,,2.329716920852661,0.3076150417327881,,,,,0.2969229221343994,,,,,,,,0.5984570980072021,0.2859830856323242,,0.3150961399078369,,,0.301422119140625,,,,,0.6568582057952881,,,,1.3700008392333984,,,,,,,,,,
2822,0.3006751537322998,,,,0.5722370147705078,,,,0.2970278263092041,,0.36010003089904785,0.3195211887359619,,,,,0.2869250774383545,,,,,,,,0.3863708972930908,0.3115251064300537,,0.2957000732421875,,,0.2776987552642822,,,,,0.6681840419769287,,,,11.120565176010132,,,,,,,,,,
2823,0.30598902702331543,,,,0.5263001918792725,,,,0.31362104415893555,,0.7041819095611572,0.3129558563232422,,,,,0.28673696517944336,,,,,,,,0.3845381736755371,0.2994112968444824,,0.3342759609222412,,,0.30507993698120117,,,,,5.632726192474365,,,,1.353877067565918,,,,,,,,,,
2824,0.31266307830810547,,,,0.532944917678833,,,,0.3189530372619629,,0.3767259120941162,0.3058309555053711,,,,,0.31148386001586914,,,,,,,,0.4208531379699707,0.3063197135925293,,0.2961249351501465,,,0.304271936416626,,,,,0.6477072238922119,,,,3.6818277835845947,,,,,,,,,,
2825,0.28022289276123047,,,,1.2227282524108887,,,,0.3153531551361084,,0.29402899742126465,0.29822778701782227,,,,,0.2842221260070801,,,,,,,,0.7748727798461914,0.30710291862487793,,0.3146340847015381,,,0.3018209934234619,,,,,0.6672811508178711,,,,0.25678396224975586,,,,,,,,,,
2826,0.36321520805358887,,,,0.5692670345306396,,,,0.29148197174072266,,0.6781389713287354,0.3132960796356201,,,,,0.3125040531158447,,,,,,,,0.4322011470794678,0.2825589179992676,,0.290661096572876,,,0.2797551155090332,,,,,0.6331520080566406,,,,4.000395059585571,,,,,,,,,,
2827,0.659351110458374,,,,1.2466049194335938,,,,0.31426501274108887,,0.36346912384033203,0.31398868560791016,,,,,0.30905890464782715,,,,,,,,0.4003429412841797,0.3224172592163086,,0.2975742816925049,,,0.28471970558166504,,,,,1.0635387897491455,,,,1.2913804054260254,,,,,,,,,,
2828,0.2931630611419678,,,,1.2399077415466309,,,,0.3216378688812256,,0.3636338710784912,0.28887414932250977,,,,,0.3078129291534424,,,,,,,,0.7911498546600342,0.30445003509521484,,0.3293876647949219,,,0.30121278762817383,,,,,0.6819350719451904,,,,1.015855073928833,,,,,,,,,,
2829,1.126755952835083,,,,1.2238149642944336,,,,0.3169128894805908,,0.36586999893188477,0.3137810230255127,,,,,0.3185279369354248,,,,,,,,0.39165329933166504,0.28943419456481934,,0.3084869384765625,,,0.28275513648986816,,,,,0.6480450630187988,,,,1.8048269748687744,,,,,,,,,,
2830,0.6635253429412842,,,,1.2559638023376465,,,,0.28922200202941895,,0.3505868911743164,0.3051490783691406,,,,,0.31071901321411133,,,,,,,,0.7882270812988281,0.28484082221984863,,0.29297614097595215,,,0.3143768310546875,,,,,1.1283888816833496,,,,2.134495973587036,,,,,,,,,,
2831,0.362537145614624,,,,0.25223588943481445,,,,0.31805920600891113,,2.023336887359619,0.3008079528808594,,,,,0.2942328453063965,,,,,,,,0.878587007522583,0.2927238941192627,,0.3120572566986084,,,0.2847940921783447,,,,,2.777843952178955,,,,2.895873785018921,,,,,,,,,,
2832,0.2938711643218994,,,,0.22580313682556152,,,,0.29395008087158203,,0.3829381465911865,0.33164429664611816,,,,,0.28478002548217773,,,,,,,,0.7538151741027832,0.3093569278717041,,0.3061859607696533,,,0.29994988441467285,,,,,0.7093029022216797,,,,6.635974168777466,,,,,,,,,,
2833,0.314011812210083,,,,1.2623088359832764,,,,0.3140900135040283,,0.3478832244873047,0.29834794998168945,,,,,0.2939341068267822,,,,,,,,0.43209314346313477,0.2799348831176758,,0.30540895462036133,,,0.2850830554962158,,,,,0.6536083221435547,,,,4.026162147521973,,,,,,,,,,
2834,0.31329989433288574,,,,1.2143988609313965,,,,0.31693506240844727,,0.3257441520690918,0.31340622901916504,,,,,0.33383607864379883,,,,,,,,0.3757607936859131,0.296004056930542,,0.30968594551086426,,,0.30357980728149414,,,,,0.6698548793792725,,,,2.5139331817626953,,,,,,,,,,
2835,0.4648909568786621,,,,0.5360591411590576,,,,0.3093760013580322,,0.3685770034790039,0.28815722465515137,,,,,0.3033738136291504,,,,,,,,0.7795939445495605,0.3040950298309326,,0.30956292152404785,,,0.32398271560668945,,,,,15.316277027130127,,,,2.72318696975708,,,,,,,,,,
2836,0.3179898262023926,,,,1.2408249378204346,,,,0.2983212471008301,,1.5034430027008057,0.29428577423095703,,,,,0.3100132942199707,,,,,,,,0.7755160331726074,0.2813088893890381,,0.2890899181365967,,,0.30300331115722656,,,,,1.0744349956512451,,,,5.456791877746582,,,,,,,,,,
2837,0.3548243045806885,,,,0.24394583702087402,,,,0.290910005569458,,0.39125776290893555,0.3338623046875,,,,,0.29288196563720703,,,,,,,,0.31624412536621094,0.3247690200805664,,0.2976961135864258,,,0.28223395347595215,,,,,0.6464238166809082,,,,9.970531940460205,,,,,,,,,,
2838,0.30011606216430664,,,,0.23500370979309082,,,,0.312572717666626,,0.35361194610595703,0.3088419437408447,,,,,0.29131317138671875,,,,,,,,0.36571431159973145,0.3033919334411621,,0.3226349353790283,,,0.29485273361206055,,,,,0.6596999168395996,,,,12.979792833328247,,,,,,,,,,
2839,0.7026679515838623,,,,1.2079980373382568,,,,0.3182389736175537,,0.3783149719238281,0.29634809494018555,,,,,0.30820298194885254,,,,,,,,0.37171196937561035,1.4149360656738281,,0.2869858741760254,,,0.2929978370666504,,,,,0.6535592079162598,,,,12.506030797958374,,,,,,,,,,
2840,0.6682190895080566,,,,0.5440218448638916,,,,0.31390380859375,,0.34790682792663574,0.3125910758972168,,,,,0.31751298904418945,,,,,,,,0.763394832611084,1.4786231517791748,,0.2903149127960205,,,0.30347585678100586,,,,,0.6530301570892334,,,,19.543650150299072,,,,,,,,,,
2841,0.6935732364654541,,,,1.2709481716156006,,,,0.2969970703125,,0.6948339939117432,0.29784297943115234,,,,,0.29517698287963867,,,,,,,,0.7857158184051514,0.2891499996185303,,0.30818986892700195,,,0.30470991134643555,,,,,0.6331541538238525,,,,19.47057795524597,,,,,,,,,,
2842,0.6729819774627686,,,,0.25136399269104004,,,,0.3066091537475586,,0.3679947853088379,0.3341090679168701,,,,,0.3082921504974365,,,,,,,,0.31930971145629883,1.1150989532470703,,0.3082759380340576,,,0.28326892852783203,,,,,0.6392138004302979,,,,19.550909996032715,,,,,,,,,,
2843,0.6342201232910156,,,,0.2319960594177246,,,,0.3068428039550781,,0.7151949405670166,0.2888031005859375,,,,,0.30687785148620605,,,,,,,,0.7958920001983643,0.2807178497314453,,0.31500887870788574,,,0.2933011054992676,,,,,0.6422688961029053,,,,0.6554419994354248,,,,,,,,,,
2844,0.6528739929199219,,,,0.7663102149963379,,,,0.31157994270324707,,0.3455169200897217,0.29454994201660156,,,,,0.3418099880218506,,,,,,,,0.33814287185668945,0.32347607612609863,,0.29138994216918945,,,0.2865331172943115,,,,,0.6507437229156494,,,,19.588337182998657,,,,,,,,,,
2845,0.6724610328674316,,,,1.1586511135101318,,,,0.30111098289489746,,0.7098770141601562,0.3123660087585449,,,,,0.307664155960083,,,,,,,,0.3691279888153076,0.28330016136169434,,0.31347107887268066,,,0.3108022212982178,,,,,0.6225159168243408,,,,0.14799809455871582,,,,,,,,,,
2846,0.6921830177307129,,,,1.2264361381530762,,,,0.3114802837371826,,0.3696591854095459,0.3097798824310303,,,,,0.2834317684173584,,,,,,,,0.3164970874786377,1.066586971282959,,0.30184292793273926,,,0.2915990352630615,,,,,0.6667859554290771,,,,19.546144008636475,,,,,,,,,,
2847,0.6711058616638184,,,,1.6743569374084473,,,,0.29886484146118164,,0.3711819648742676,0.313215970993042,,,,,0.3006749153137207,,,,,,,,0.7525019645690918,0.2916679382324219,,0.30988097190856934,,,0.27872586250305176,,,,,0.6534888744354248,,,,,,,,,,,,,,
2848,0.6738831996917725,,,,1.2237236499786377,,,,0.30521297454833984,,0.7084522247314453,0.2903730869293213,,,,,0.29146790504455566,,,,,,,,0.3711719512939453,0.3099100589752197,,0.30825090408325195,,,0.2810349464416504,,,,,0.671314001083374,,,,,,,,,,,,,,
2849,0.6839549541473389,,,,1.2136921882629395,,,,0.32010698318481445,,1.1439459323883057,0.3121626377105713,,,,,0.31024622917175293,,,,,,,,0.31502413749694824,0.31012415885925293,,0.29276013374328613,,,0.29703187942504883,,,,,0.6343140602111816,,,,,,,,,,,,,,
2850,0.31537675857543945,,,,1.2653961181640625,,,,0.3139352798461914,,0.7183780670166016,0.2843599319458008,,,,,0.28803205490112305,,,,,,,,0.567310094833374,0.27725887298583984,,0.29447078704833984,,,0.30293917655944824,,,,,0.6797027587890625,,,,,,,,,,,,,,
2851,0.2894856929779053,,,,0.7775957584381104,,,,0.3082461357116699,,0.3388791084289551,0.3121201992034912,,,,,0.3160080909729004,,,,,,,,0.41092705726623535,0.28491783142089844,,0.3080480098724365,,,0.29434895515441895,,,,,0.6381630897521973,,,,,,,,,,,,,,
2852,0.3093142509460449,,,,0.5512151718139648,,,,0.2917470932006836,,0.7121729850769043,0.3164200782775879,,,,,0.2947089672088623,,,,,,,,0.3363959789276123,0.31797242164611816,,0.3006718158721924,,,0.286998987197876,,,,,0.6382529735565186,,,,,,,,,,,,,,
2853,0.3061811923980713,,,,0.285167932510376,,,,0.3143599033355713,,0.3778660297393799,0.3130178451538086,,,,,0.3159351348876953,,,,,,,,0.7858059406280518,0.2813549041748047,,0.3310110569000244,,,0.2901928424835205,,,,,0.6605591773986816,,,,,,,,,,,,,,
2854,0.30269408226013184,,,,0.5320489406585693,,,,0.3281381130218506,,0.46913623809814453,0.3025360107421875,,,,,0.30884814262390137,,,,,,,,0.39418697357177734,0.26215076446533203,,0.3083021640777588,,,0.29091978073120117,,,,,0.6438350677490234,,,,,,,,,,,,,,
2855,0.28495001792907715,,,,1.2019422054290771,,,,0.29678916931152344,,0.6709229946136475,0.2990109920501709,,,,,0.29755067825317383,,,,,,,,0.7837607860565186,0.6059410572052002,,0.2920072078704834,,,0.2979719638824463,,,,,0.6301238536834717,,,,,,,,,,,,,,
2856,0.30877685546875,,,,0.5095691680908203,,,,0.3152611255645752,,0.35030508041381836,0.31470417976379395,,,,,0.3112666606903076,,,,,,,,0.3928959369659424,0.25759005546569824,,0.29383397102355957,,,0.29952096939086914,,,,,0.6666049957275391,,,,,,,,,,,,,,
2857,0.6653082370758057,,,,1.1832759380340576,,,,0.2925121784210205,,0.41810083389282227,0.30831098556518555,,,,,0.30437612533569336,,,,,,,,0.3503880500793457,0.27784085273742676,,0.31741809844970703,,,0.2789618968963623,,,,,0.64103102684021,,,,,,,,,,,,,,
2858,0.6365418434143066,,,,1.2533278465270996,,,,0.3176288604736328,,0.6678619384765625,0.2909889221191406,,,,,0.300504207611084,,,,,,,,0.3687710762023926,0.2988767623901367,,0.3115367889404297,,,0.30364274978637695,,,,,1.4969611167907715,,,,,,,,,,,,,,
2859,0.680001974105835,,,,1.2417898178100586,,,,0.30936574935913086,,0.7057700157165527,0.2919800281524658,,,,,0.33196377754211426,,,,,,,,0.34407711029052734,0.29107117652893066,,0.31542110443115234,,,0.2992680072784424,,,,,1.0685312747955322,,,,,,,,,,,,,,
2860,0.3134479522705078,,,,1.2298359870910645,,,,0.29480504989624023,,1.5509109497070312,0.30993199348449707,,,,,0.29940080642700195,,,,,,,,0.3406209945678711,0.2867891788482666,,0.29855895042419434,,,0.3069770336151123,,,,,1.1343276500701904,,,,,,,,,,,,,,
2861,0.31496286392211914,,,,0.5634510517120361,,,,0.3128702640533447,,3.208599090576172,0.3065929412841797,,,,,0.28659987449645996,,,,,,,,0.3915579319000244,0.8040268421173096,,0.3028123378753662,,,0.2853660583496094,,,,,0.6523709297180176,,,,,,,,,,,,,,
2862,0.3132779598236084,,,,1.2086100578308105,,,,0.3017699718475342,,0.3486809730529785,0.31992030143737793,,,,,0.31301021575927734,,,,,,,,0.7938439846038818,0.3132760524749756,,0.29314708709716797,,,0.28800296783447266,,,,,0.6507580280303955,,,,,,,,,,,,,,
2863,0.309359073638916,,,,0.5453708171844482,,,,0.30417728424072266,,0.6903867721557617,0.3144800662994385,,,,,0.3039710521697998,,,,,,,,0.3866708278656006,1.4553289413452148,,0.33038878440856934,,,0.28679728507995605,,,,,0.6523492336273193,,,,,,,,,,,,,,
2864,0.6884398460388184,,,,0.5132439136505127,,,,0.3233499526977539,,0.3479187488555908,0.2840108871459961,,,,,0.3190121650695801,,,,,,,,0.7864210605621338,0.31519579887390137,,0.29828619956970215,,,0.297274112701416,,,,,0.6487159729003906,,,,,,,,,,,,,,
2865,0.688040018081665,,,,1.2000718116760254,,,,0.3110158443450928,,0.3922591209411621,0.29674696922302246,,,,,0.3141918182373047,,,,,,,,0.7861778736114502,1.071471929550171,,0.31202197074890137,,,0.3301711082458496,,,,,0.6078002452850342,,,,,,,,,,,,,,
2866,0.6471168994903564,,,,1.213618278503418,,,,0.2884030342102051,,0.3518400192260742,0.2987537384033203,,,,,0.29472923278808594,,,,,,,,0.31665515899658203,0.28833937644958496,,0.29617786407470703,,,0.3057529926300049,,,,,0.676476240158081,,,,,,,,,,,,,,
2867,0.6535453796386719,,,,0.5473690032958984,,,,0.2993612289428711,,0.3507819175720215,0.3321659564971924,,,,,0.29074788093566895,,,,,,,,0.41266489028930664,1.085306167602539,,0.3195149898529053,,,0.30196595191955566,,,,,0.6233839988708496,,,,,,,,,,,,,,
2868,0.3187549114227295,,,,0.5476469993591309,,,,0.314777135848999,,1.5683887004852295,0.3038170337677002,,,,,0.2853889465332031,,,,,,,,0.35707712173461914,0.30181097984313965,,0.33751702308654785,,,0.30293822288513184,,,,,2.974412679672241,,,,,,,,,,,,,,
2869,0.313309907913208,,,,0.9340760707855225,,,,0.31414103507995605,,0.3719370365142822,0.30466294288635254,,,,,0.3370933532714844,,,,,,,,0.7702620029449463,0.299907922744751,,0.2929089069366455,,,0.28064703941345215,,,,,1.4681370258331299,,,,,,,,,,,,,,
2870,0.28830814361572266,,,,1.2463369369506836,,,,0.31609392166137695,,0.297349214553833,0.307528018951416,,,,,0.2928011417388916,,,,,,,,0.7863979339599609,0.28366994857788086,,0.2928929328918457,,,0.3056020736694336,,,,,0.6477727890014648,,,,,,,,,,,,,,
2871,0.3126988410949707,,,,0.2677469253540039,,,,0.2995290756225586,,0.721358060836792,0.3068959712982178,,,,,0.31356191635131836,,,,,,,,0.39440011978149414,0.29040098190307617,,0.3179352283477783,,,0.29363393783569336,,,,,1.1210451126098633,,,,,,,,,,,,,,
2872,0.2968010902404785,,,,0.513801097869873,,,,0.3096179962158203,,0.34628796577453613,0.30555272102355957,,,,,0.3077850341796875,,,,,,,,0.7629082202911377,0.29232192039489746,,0.31412291526794434,,,0.2839338779449463,,,,,2.226489782333374,,,,,,,,,,,,,,
2873,0.2907552719116211,,,,0.8008980751037598,,,,0.28655219078063965,,0.7146172523498535,0.3074932098388672,,,,,0.30135083198547363,,,,,,,,0.7921450138092041,0.3092491626739502,,0.3203909397125244,,,0.30364108085632324,,,,,0.6459550857543945,,,,,,,,,,,,,,
2874,0.3077120780944824,,,,1.289311170578003,,,,0.31673216819763184,,0.3270130157470703,0.30351781845092773,,,,,0.3305330276489258,,,,,,,,0.39837217330932617,0.2867450714111328,,0.3142518997192383,,,0.3068521022796631,,,,,0.6552629470825195,,,,,,,,,,,,,,
2875,1.169783115386963,,,,0.547814130783081,,,,0.28525304794311523,,0.34967780113220215,0.3090476989746094,,,,,0.3015921115875244,,,,,,,,0.7591118812561035,0.2746279239654541,,0.294389009475708,,,0.3229942321777344,,,,,0.641503095626831,,,,,,,,,,,,,,
2876,1.1494851112365723,,,,0.4934248924255371,,,,0.29812192916870117,,1.5079681873321533,0.2978370189666748,,,,,0.2875649929046631,,,,,,,,0.7639479637145996,0.2965817451477051,,0.2893810272216797,,,0.3091449737548828,,,,,0.6267280578613281,,,,,,,,,,,,,,
2877,0.29234886169433594,,,,1.228039026260376,,,,0.30788111686706543,,0.37236881256103516,0.33336377143859863,,,,,0.3069040775299072,,,,,,,,0.7917709350585938,0.28850817680358887,,0.29320406913757324,,,0.2829399108886719,,,,,0.6364140510559082,,,,,,,,,,,,,,
2878,0.6460740566253662,,,,1.6168303489685059,,,,0.309161901473999,,0.707695722579956,0.29875993728637695,,,,,0.301159143447876,,,,,,,,0.4110572338104248,0.31939196586608887,,0.3322930335998535,,,0.309459924697876,,,,,0.6813099384307861,,,,,,,,,,,,,,
2879,0.30900001525878906,,,,1.9221289157867432,,,,0.31298279762268066,,0.32735705375671387,0.2890889644622803,,,,,0.3256199359893799,,,,,,,,0.7480840682983398,0.2800431251525879,,0.2932159900665283,,,0.2958660125732422,,,,,0.6254510879516602,,,,,,,,,,,,,,
2880,0.6744368076324463,,,,0.5118658542633057,,,,0.28951096534729004,,1.1205267906188965,0.3057711124420166,,,,,0.3122692108154297,,,,,,,,0.3828468322753906,0.29216694831848145,,0.28884410858154297,,,0.32991528511047363,,,,,0.6417999267578125,,,,,,,,,,,,,,
2881,0.31529712677001953,,,,0.2477889060974121,,,,0.28885316848754883,,0.35703015327453613,0.30896711349487305,,,,,0.2940502166748047,,,,,,,,0.7732110023498535,0.28800487518310547,,0.31315112113952637,,,0.3087952136993408,,,,,0.6142909526824951,,,,,,,,,,,,,,
2882,0.3581888675689697,,,,2.0513598918914795,,,,0.3107450008392334,,0.33013415336608887,0.32387304306030273,,,,,0.3159022331237793,,,,,,,,0.37345099449157715,0.27596187591552734,,0.3047332763671875,,,0.29503321647644043,,,,,0.6475260257720947,,,,,,,,,,,,,,
2883,0.2985398769378662,,,,0.531898021697998,,,,0.3097400665283203,,0.6720502376556396,0.3104701042175293,,,,,0.29140806198120117,,,,,,,,0.7763032913208008,0.31011080741882324,,0.3180699348449707,,,0.2956359386444092,,,,,0.6603829860687256,,,,,,,,,,,,,,
2884,0.31548309326171875,,,,1.2332088947296143,,,,0.309049129486084,,0.7115168571472168,0.29318809509277344,,,,,0.3154017925262451,,,,,,,,0.6602931022644043,0.3055758476257324,,0.31542396545410156,,,0.28437018394470215,,,,,0.6260731220245361,,,,,,,,,,,,,,
2885,0.7077329158782959,,,,0.645313024520874,,,,0.2993278503417969,,3.9877467155456543,0.31709790229797363,,,,,0.31361889839172363,,,,,,,,0.3417012691497803,0.2985851764678955,,0.2902522087097168,,,0.3296232223510742,,,,,0.6831691265106201,,,,,,,,,,,,,,
2886,0.6933541297912598,,,,0.5376908779144287,,,,0.31316518783569336,,3.1061477661132812,0.28487277030944824,,,,,0.2970621585845947,,,,,,,,0.32439684867858887,0.2899479866027832,,0.2895209789276123,,,0.30191516876220703,,,,,0.664898157119751,,,,,,,,,,,,,,
2887,0.6216588020324707,,,,0.9516336917877197,,,,0.2929348945617676,,0.6798601150512695,0.3114349842071533,,,,,0.3122520446777344,,,,,,,,0.3203299045562744,0.28873205184936523,,0.29009008407592773,,,0.28489208221435547,,,,,0.6387879848480225,,,,,,,,,,,,,,
2888,0.5660018920898438,,,,0.5418879985809326,,,,0.2863192558288574,,1.468573808670044,0.2943840026855469,,,,,0.29703807830810547,,,,,,,,0.3537900447845459,0.3179800510406494,,0.30621814727783203,,,0.29232287406921387,,,,,0.6182529926300049,,,,,,,,,,,,,,
2889,0.651871919631958,,,,1.6749517917633057,,,,0.30967187881469727,,1.466493844985962,0.3137218952178955,,,,,0.32843613624572754,,,,,,,,0.7352890968322754,0.25476884841918945,,0.2931652069091797,,,0.2859640121459961,,,,,0.615725040435791,,,,,,,,,,,,,,
2890,0.3151729106903076,,,,0.5608789920806885,,,,0.3150053024291992,,0.7042481899261475,0.30015993118286133,,,,,0.30536603927612305,,,,,,,,0.3438680171966553,0.30561184883117676,,0.28891992568969727,,,0.31092095375061035,,,,,0.641664981842041,,,,,,,,,,,,,,
2891,0.660747766494751,,,,0.5326991081237793,,,,0.30356383323669434,,0.654710054397583,0.3141927719116211,,,,,0.29486989974975586,,,,,,,,0.5423638820648193,0.2964298725128174,,0.31420373916625977,,,0.2908663749694824,,,,,0.6402959823608398,,,,,,,,,,,,,,
2892,0.2908339500427246,,,,1.6644937992095947,,,,0.3056821823120117,,1.9487450122833252,0.3153867721557617,,,,,0.29832911491394043,,,,,,,,0.7435688972473145,0.28469419479370117,,0.2882070541381836,,,0.28218698501586914,,,,,0.669090986251831,,,,,,,,,,,,,,
2893,0.2885477542877197,,,,1.6860160827636719,,,,0.30519771575927734,,0.6612169742584229,0.3146626949310303,,,,,0.30788707733154297,,,,,,,,0.35547304153442383,0.2931499481201172,,0.3237121105194092,,,0.28861522674560547,,,,,0.6498758792877197,,,,,,,,,,,,,,
2894,0.31372499465942383,,,,0.5488698482513428,,,,0.3218979835510254,,1.4821460247039795,0.29176807403564453,,,,,0.32879209518432617,,,,,,,,0.6858000755310059,0.9687080383300781,,0.30245471000671387,,,0.2856779098510742,,,,,0.6759498119354248,,,,,,,,,,,,,,
2895,0.6722629070281982,,,,1.6902930736541748,,,,0.3109161853790283,,1.4635519981384277,0.31856703758239746,,,,,0.2996997833251953,,,,,,,,0.7380931377410889,1.1449849605560303,,0.31137800216674805,,,0.3237299919128418,,,,,0.6741743087768555,,,,,,,,,,,,,,
2896,0.31077098846435547,,,,0.546550989151001,,,,0.284923791885376,,0.6788852214813232,0.29978489875793457,,,,,0.3094000816345215,,,,,,,,0.6805319786071777,0.3314230442047119,,0.294780969619751,,,0.3036308288574219,,,,,0.6176540851593018,,,,,,,,,,,,,,
2897,0.677577018737793,,,,0.5118749141693115,,,,0.31472206115722656,,0.6886451244354248,0.32624101638793945,,,,,0.29566287994384766,,,,,,,,0.6818289756774902,0.29148006439208984,,0.3137550354003906,,,0.29891109466552734,,,,,0.6684620380401611,,,,,,,,,,,,,,
2898,0.3120911121368408,,,,1.2310330867767334,,,,0.31467175483703613,,1.509903907775879,0.3132932186126709,,,,,0.2882411479949951,,,,,,,,0.32412075996398926,0.2858288288116455,,0.3161439895629883,,,0.29403209686279297,,,,,0.6542749404907227,,,,,,,,,,,,,,
2899,0.673637866973877,,,,1.2788360118865967,,,,0.33336496353149414,,0.7155599594116211,0.31734395027160645,,,,,0.33031773567199707,,,,,,,,0.3189661502838135,0.29262208938598633,,0.2858617305755615,,,0.2829859256744385,,,,,0.6771183013916016,,,,,,,,,,,,,,
2900,0.29273390769958496,,,,1.2509138584136963,,,,0.31701087951660156,,0.29561805725097656,0.2957329750061035,,,,,0.3115520477294922,,,,,,,,0.36133766174316406,0.28524327278137207,,0.2924349308013916,,,0.3294498920440674,,,,,0.65926194190979,,,,,,,,,,,,,,
2901,0.6732637882232666,,,,1.2597308158874512,,,,0.29655909538269043,,1.4877190589904785,0.2921180725097656,,,,,0.2987039089202881,,,,,,,,0.352628231048584,1.1078569889068604,,0.3202700614929199,,,0.31402087211608887,,,,,0.6232850551605225,,,,,,,,,,,,,,
2902,0.6409568786621094,,,,1.220905065536499,,,,0.31195807456970215,,0.6862568855285645,0.33354902267456055,,,,,0.3169999122619629,,,,,,,,0.34351587295532227,0.29834890365600586,,0.31877613067626953,,,0.2915499210357666,,,,,0.6221950054168701,,,,,,,,,,,,,,
2903,0.3559150695800781,,,,1.2184741497039795,,,,0.2883739471435547,,0.6902449131011963,0.29541015625,,,,,0.3141629695892334,,,,,,,,0.31801605224609375,0.2844710350036621,,0.3149681091308594,,,0.28905797004699707,,,,,0.6314129829406738,,,,,,,,,,,,,,
2904,0.6143779754638672,,,,1.2487990856170654,,,,0.32108426094055176,,1.4844632148742676,0.3144240379333496,,,,,0.3272581100463867,,,,,,,,0.3377959728240967,1.1337690353393555,,0.30865001678466797,,,0.2861618995666504,,,,,0.648737907409668,,,,,,,,,,,,,,
2905,0.29756903648376465,,,,0.5136048793792725,,,,0.31313395500183105,,0.6941518783569336,0.32509803771972656,,,,,0.28937292098999023,,,,,,,,0.696666955947876,0.30366992950439453,,0.30362606048583984,,,0.313601016998291,,,,,0.6746129989624023,,,,,,,,,,,,,,
2906,0.283247709274292,,,,0.5423822402954102,,,,0.2941470146179199,,0.6906428337097168,0.29332709312438965,,,,,0.2925870418548584,,,,,,,,0.3453230857849121,0.2869400978088379,,0.2890031337738037,,,0.2792489528656006,,,,,0.6771411895751953,,,,,,,,,,,,,,
2907,0.7067570686340332,,,,1.2426187992095947,,,,0.3181729316711426,,0.2807798385620117,0.33251190185546875,,,,,0.31980395317077637,,,,,,,,0.7007250785827637,0.30178117752075195,,0.2951369285583496,,,0.28916192054748535,,,,,0.6736550331115723,,,,,,,,,,,,,,
2908,1.0809059143066406,,,,1.187596082687378,,,,0.3153417110443115,,0.30045270919799805,0.30039286613464355,,,,,0.2942519187927246,,,,,,,,0.6642000675201416,0.2972240447998047,,0.31767702102661133,,,0.29581189155578613,,,,,0.663153886795044,,,,,,,,,,,,,,
2909,0.28959178924560547,,,,0.951685905456543,,,,0.3224508762359619,,0.7177369594573975,0.2906172275543213,,,,,0.3321080207824707,,,,,,,,0.7264308929443359,0.28801417350769043,,0.2882378101348877,,,0.2830381393432617,,,,,0.6467912197113037,,,,,,,,,,,,,,
2910,0.2900872230529785,,,,1.230454683303833,,,,0.28676366806030273,,0.6887528896331787,0.3048129081726074,,,,,0.3025038242340088,,,,,,,,0.7060520648956299,0.3010420799255371,,0.31444597244262695,,,0.3200228214263916,,,,,0.6535608768463135,,,,,,,,,,,,,,
2911,0.6314330101013184,,,,1.6961252689361572,,,,0.3027501106262207,,0.7294518947601318,0.3091599941253662,,,,,0.3013880252838135,,,,,,,,0.7662410736083984,0.2785818576812744,,0.3074607849121094,,,0.3076779842376709,,,,,0.6563220024108887,,,,,,,,,,,,,,
2912,0.6852579116821289,,,,1.263880968093872,,,,0.3176121711730957,,0.7105321884155273,0.32150864601135254,,,,,0.30990099906921387,,,,,,,,0.6822731494903564,0.30434370040893555,,0.29134392738342285,,,0.3047058582305908,,,,,0.6494348049163818,,,,,,,,,,,,,,
2913,0.2872180938720703,,,,0.5500082969665527,,,,0.2974889278411865,,0.31111598014831543,0.30605506896972656,,,,,0.2916529178619385,,,,,,,,0.7391631603240967,0.31192994117736816,,0.3115651607513428,,,0.28206610679626465,,,,,0.6577191352844238,,,,,,,,,,,,,,
2914,0.6596038341522217,,,,0.5061380863189697,,,,0.33020997047424316,,0.3000328540802002,0.3084852695465088,,,,,0.32541608810424805,,,,,,,,0.7512791156768799,0.2941136360168457,,0.2881958484649658,,,0.2738170623779297,,,,,0.6681950092315674,,,,,,,,,,,,,,
2915,0.30409812927246094,,,,1.2461600303649902,,,,0.31052684783935547,,0.6724789142608643,0.2942080497741699,,,,,0.3024451732635498,,,,,,,,0.7159171104431152,0.27604222297668457,,0.2887899875640869,,,0.32271790504455566,,,,,0.6527690887451172,,,,,,,,,,,,,,
2916,0.6690018177032471,,,,1.2484230995178223,,,,0.29337382316589355,,1.514242172241211,0.29178595542907715,,,,,0.3068082332611084,,,,,,,,0.7211799621582031,0.32677316665649414,,0.31323981285095215,,,0.3113720417022705,,,,,0.669262170791626,,,,,,,,,,,,,,
2917,0.6524448394775391,,,,0.5582127571105957,,,,0.31340527534484863,,0.840216875076294,0.33348798751831055,,,,,0.30893516540527344,,,,,,,,0.29769301414489746,0.26245713233947754,,0.31255197525024414,,,0.30293893814086914,,,,,0.641381025314331,,,,,,,,,,,,,,
2918,0.6808547973632812,,,,0.547652006149292,,,,0.29114699363708496,,1.12251615524292,0.29868006706237793,,,,,0.2958672046661377,,,,,,,,0.7219431400299072,1.1491279602050781,,0.30862998962402344,,,0.28052687644958496,,,,,0.6407208442687988,,,,,,,,,,,,,,
2919,0.6282720565795898,,,,0.5457661151885986,,,,0.3167598247528076,,0.29268598556518555,0.30895376205444336,,,,,0.3232567310333252,,,,,,,,0.6753849983215332,0.28552913665771484,,0.29271912574768066,,,0.29361724853515625,,,,,0.6402108669281006,,,,,,,,,,,,,,
2920,0.6701040267944336,,,,0.566558837890625,,,,0.31634974479675293,,1.1074018478393555,0.3103628158569336,,,,,0.2900879383087158,,,,,,,,0.7127628326416016,0.30716705322265625,,0.3142530918121338,,,0.30768895149230957,,,,,0.6189050674438477,,,,,,,,,,,,,,
2921,0.6848461627960205,,,,2.348905086517334,,,,0.2965378761291504,,1.0650689601898193,0.2910420894622803,,,,,0.310056209564209,,,,,,,,0.7556719779968262,0.3069188594818115,,0.29051637649536133,,,0.27883410453796387,,,,,0.6888430118560791,,,,,,,,,,,,,,
2922,0.30164504051208496,,,,0.5936717987060547,,,,0.30924201011657715,,1.9075100421905518,0.3132498264312744,,,,,0.297227144241333,,,,,,,,0.7586891651153564,0.30622291564941406,,0.294144868850708,,,0.2989771366119385,,,,,0.653515100479126,,,,,,,,,,,,,,
2923,0.3150949478149414,,,,0.8565628528594971,,,,0.2974510192871094,,1.4723267555236816,0.28841519355773926,,,,,0.2907431125640869,,,,,,,,0.7306749820709229,0.2991459369659424,,0.3311941623687744,,,0.30119919776916504,,,,,0.652583122253418,,,,,,,,,,,,,,
2924,0.29141807556152344,,,,1.2758591175079346,,,,0.3346860408782959,,0.3278360366821289,0.31237006187438965,,,,,0.3060622215270996,,,,,,,,0.7132680416107178,0.28717684745788574,,0.29850077629089355,,,0.28672099113464355,,,,,0.6403200626373291,,,,,,,,,,,,,,
2925,0.3096590042114258,,,,0.9236850738525391,,,,0.29175877571105957,,0.30016493797302246,0.29686689376831055,,,,,0.2923390865325928,,,,,,,,0.7346858978271484,1.0879299640655518,,0.29376816749572754,,,0.31710314750671387,,,,,0.6613740921020508,,,,,,,,,,,,,,
2926,0.3268308639526367,,,,2.0372369289398193,,,,0.2949540615081787,,0.30251479148864746,0.31577587127685547,,,,,0.3030099868774414,,,,,,,,0.7609238624572754,0.3039679527282715,,0.30635619163513184,,,0.2826218605041504,,,,,0.6639580726623535,,,,,,,,,,,,,,
2927,0.3865499496459961,,,,0.540797233581543,,,,0.31377100944519043,,0.26232385635375977,0.3162548542022705,,,,,0.2957303524017334,,,,,,,,0.7284810543060303,0.3016030788421631,,0.3108329772949219,,,0.29570913314819336,,,,,0.6403038501739502,,,,,,,,,,,,,,
2928,0.3283529281616211,,,,0.5455417633056641,,,,0.29480671882629395,,0.30553603172302246,0.31616830825805664,,,,,0.3008582592010498,,,,,,,,0.7320988178253174,0.2800016403198242,,0.3391289710998535,,,0.28314685821533203,,,,,0.6831328868865967,,,,,,,,,,,,,,
2929,1.167259931564331,,,,3.0572621822357178,,,,0.3355128765106201,,0.6063728332519531,0.2919449806213379,,,,,0.3310830593109131,,,,,,,,0.7296578884124756,0.31053996086120605,,0.28582215309143066,,,0.3094139099121094,,,,,0.673008918762207,,,,,,,,,,,,,,
2930,0.3182399272918701,,,,2.712047815322876,,,,0.29773902893066406,,0.3097519874572754,0.31302690505981445,,,,,0.3019273281097412,,,,,,,,0.7489728927612305,0.28494811058044434,,0.30486297607421875,,,0.324146032333374,,,,,0.6459431648254395,,,,,,,,,,,,,,
2931,0.6741921901702881,,,,0.7987818717956543,,,,0.3027200698852539,,0.3085801601409912,0.28734707832336426,,,,,0.31084275245666504,,,,,,,,0.2963278293609619,0.2981722354888916,,0.3060579299926758,,,0.30625391006469727,,,,,0.6775069236755371,,,,,,,,,,,,,,
2932,0.5757777690887451,,,,0.5579578876495361,,,,0.2869551181793213,,0.29573583602905273,0.3218050003051758,,,,,0.3209269046783447,,,,,,,,0.7673659324645996,0.289592981338501,,0.29954981803894043,,,0.281080961227417,,,,,0.6606080532073975,,,,,,,,,,,,,,
2933,0.4247589111328125,,,,1.3208789825439453,,,,0.3162209987640381,,0.28253912925720215,0.31231212615966797,,,,,0.3015570640563965,,,,,,,,0.7305307388305664,1.1331350803375244,,0.33144617080688477,,,0.2996029853820801,,,,,0.6542482376098633,,,,,,,,,,,,,,
2934,0.5865790843963623,,,,1.2912068367004395,,,,0.3174138069152832,,0.29086828231811523,0.2942671775817871,,,,,0.3268570899963379,,,,,,,,0.7353739738464355,0.2969210147857666,,0.3103060722351074,,,0.30905818939208984,,,,,0.6486539840698242,,,,,,,,,,,,,,
2935,0.3149871826171875,,,,1.2477729320526123,,,,0.3142967224121094,,1.0179929733276367,0.29013824462890625,,,,,0.2818901538848877,,,,,,,,0.7107701301574707,0.29421281814575195,,0.2978689670562744,,,0.3150472640991211,,,,,0.6521971225738525,,,,,,,,,,,,,,
2936,0.30783581733703613,,,,0.5371251106262207,,,,0.29468607902526855,,0.32872700691223145,0.3142859935760498,,,,,0.3220102787017822,,,,,,,,0.7380988597869873,1.089144229888916,,0.2928040027618408,,,0.2802550792694092,,,,,0.6480557918548584,,,,,,,,,,,,,,
2937,0.28710412979125977,,,,2.08610200881958,,,,0.31324195861816406,,0.28548407554626465,0.32089710235595703,,,,,0.3140888214111328,,,,,,,,0.7439131736755371,0.2936570644378662,,0.2919738292694092,,,0.29564499855041504,,,,,0.6435360908508301,,,,,,,,,,,,,,
2938,1.1474981307983398,,,,1.2647850513458252,,,,0.297501802444458,,1.0448498725891113,0.28460001945495605,,,,,0.2972218990325928,,,,,,,,0.7325119972229004,0.27005624771118164,,0.3156280517578125,,,0.2868990898132324,,,,,0.6335799694061279,,,,,,,,,,,,,,
2939,1.105013132095337,,,,2.800213098526001,,,,0.3319129943847656,,0.6197259426116943,0.3022489547729492,,,,,0.3122990131378174,,,,,,,,0.7540860176086426,0.5342681407928467,,0.31020164489746094,,,0.29030394554138184,,,,,0.6468851566314697,,,,,,,,,,,,,,
2940,0.6658399105072021,,,,1.3295800685882568,,,,0.2897779941558838,,0.6608371734619141,0.2915000915527344,,,,,0.30504608154296875,,,,,,,,0.7308108806610107,0.2875967025756836,,0.3065929412841797,,,0.3101639747619629,,,,,0.6341457366943359,,,,,,,,,,,,,,
2941,0.7091507911682129,,,,1.275463342666626,,,,0.2945699691772461,,1.41501784324646,0.3138899803161621,,,,,0.31009817123413086,,,,,,,,0.7264928817749023,0.2708122730255127,,0.2942650318145752,,,0.28751516342163086,,,,,0.6433038711547852,,,,,,,,,,,,,,
2942,1.1659069061279297,,,,1.2939348220825195,,,,0.31967830657958984,,0.29934000968933105,0.3188159465789795,,,,,0.28824400901794434,,,,,,,,0.7422950267791748,1.0907557010650635,,0.31870603561401367,,,0.2904529571533203,,,,,0.6839501857757568,,,,,,,,,,,,,,
2943,0.6665940284729004,,,,1.2385411262512207,,,,0.32106804847717285,,0.3072047233581543,0.3085758686065674,,,,,0.30114197731018066,,,,,,,,0.7008898258209229,1.0961730480194092,,0.3130910396575928,,,0.27971577644348145,,,,,0.6529908180236816,,,,,,,,,,,,,,
2944,0.634040117263794,,,,2.6928298473358154,,,,0.3154332637786865,,0.27814388275146484,0.303253173828125,,,,,0.32979297637939453,,,,,,,,0.702340841293335,0.3149600028991699,,0.29933595657348633,,,0.2997558116912842,,,,,0.634260892868042,,,,,,,,,,,,,,
2945,1.1293270587921143,,,,0.5666759014129639,,,,0.31033921241760254,,0.2661712169647217,0.2892038822174072,,,,,0.30406808853149414,,,,,,,,0.7545440196990967,0.30379486083984375,,0.297961950302124,,,0.3266181945800781,,,,,0.6756889820098877,,,,,,,,,,,,,,
2946,1.1165578365325928,,,,0.5863728523254395,,,,0.29853200912475586,,0.3283088207244873,0.30150699615478516,,,,,0.30657005310058594,,,,,,,,0.752922773361206,0.27760815620422363,,0.3109428882598877,,,0.30974912643432617,,,,,0.6730771064758301,,,,,,,,,,,,,,
2947,1.1485459804534912,,,,2.7678158283233643,,,,0.2959110736846924,,0.2734861373901367,0.33429598808288574,,,,,0.30565786361694336,,,,,,,,0.753230094909668,0.28247928619384766,,0.29541707038879395,,,0.3037071228027344,,,,,0.6413660049438477,,,,,,,,,,,,,,
2948,0.30835795402526855,,,,1.2435319423675537,,,,0.31012797355651855,,0.3277161121368408,0.2966148853302002,,,,,0.2997899055480957,,,,,,,,0.7429218292236328,1.1178531646728516,,0.3298990726470947,,,0.2832808494567871,,,,,0.6939599514007568,,,,,,,,,,,,,,
2949,0.6274251937866211,,,,1.6558277606964111,,,,0.31999897956848145,,1.1475019454956055,0.313122034072876,,,,,0.33104586601257324,,,,,,,,0.7091021537780762,0.2709770202636719,,0.31221985816955566,,,0.31333184242248535,,,,,0.6681151390075684,,,,,,,,,,,,,,
2950,0.7016651630401611,,,,1.2593672275543213,,,,0.3105130195617676,,0.2939760684967041,0.30486607551574707,,,,,0.2856731414794922,,,,,,,,0.7426478862762451,0.2875199317932129,,0.29460668563842773,,,0.301455020904541,,,,,0.6696362495422363,,,,,,,,,,,,,,
2951,0.6273572444915771,,,,0.2732548713684082,,,,0.29553675651550293,,0.6429600715637207,0.2990999221801758,,,,,0.30007481575012207,,,,,,,,0.7365567684173584,0.26084089279174805,,0.2955489158630371,,,0.2797870635986328,,,,,0.672447919845581,,,,,,,,,,,,,,
2952,0.6999051570892334,,,,0.5410819053649902,,,,0.3164501190185547,,0.3084287643432617,0.32355618476867676,,,,,0.3123619556427002,,,,,,,,0.7120649814605713,1.4509401321411133,,0.30684518814086914,,,0.2999269962310791,,,,,0.6276309490203857,,,,,,,,,,,,,,
2953,0.6469020843505859,,,,1.9873180389404297,,,,0.317396879196167,,0.6536591053009033,0.28913092613220215,,,,,0.30068278312683105,,,,,,,,0.7683579921722412,1.1152369976043701,,0.32298994064331055,,,0.3048391342163086,,,,,0.678656816482544,,,,,,,,,,,,,,
2954,0.6593708992004395,,,,1.2200608253479004,,,,0.31656384468078613,,2.3481390476226807,0.3127739429473877,,,,,0.33184003829956055,,,,,,,,0.9130699634552002,1.5002479553222656,,0.30827808380126953,,,0.2856931686401367,,,,,0.6525800228118896,,,,,,,,,,,,,,
2955,0.6728298664093018,,,,0.5283920764923096,,,,0.2932920455932617,,0.29427194595336914,0.30173373222351074,,,,,0.294719934463501,,,,,,,,0.32512521743774414,1.103952169418335,,0.29719090461730957,,,0.30838990211486816,,,,,0.6577367782592773,,,,,,,,,,,,,,
2956,0.3263580799102783,,,,0.5465233325958252,,,,0.3142228126525879,,1.092297077178955,0.31015920639038086,,,,,0.3135542869567871,,,,,,,,0.3144528865814209,1.1227152347564697,,0.3150668144226074,,,0.28869175910949707,,,,,0.6753931045532227,,,,,,,,,,,,,,
2957,0.3352670669555664,,,,4.99360203742981,,,,0.29456210136413574,,0.6278479099273682,0.3176548480987549,,,,,0.28786301612854004,,,,,,,,0.3378567695617676,0.3107590675354004,,0.3042178153991699,,,0.28885722160339355,,,,,0.6293230056762695,,,,,,,,,,,,,,
2958,0.6680829524993896,,,,0.5928003787994385,,,,0.3179192543029785,,0.6733760833740234,0.3117198944091797,,,,,0.30341076850891113,,,,,,,,0.2939298152923584,0.29573607444763184,,0.3105480670928955,,,0.28272271156311035,,,,,0.6609668731689453,,,,,,,,,,,,,,
2959,0.6400361061096191,,,,3.365963935852051,,,,0.3336780071258545,,1.3875150680541992,0.3086371421813965,,,,,0.32384681701660156,,,,,,,,0.35923314094543457,0.3120388984680176,,0.29544496536254883,,,0.29511594772338867,,,,,0.6592350006103516,,,,,,,,,,,,,,
2960,0.3115999698638916,,,,0.540276050567627,,,,0.3008418083190918,,0.306002140045166,0.2875020503997803,,,,,0.31635308265686035,,,,,,,,0.3324167728424072,0.28629088401794434,,0.319735050201416,,,0.33139991760253906,,,,,0.6475210189819336,,,,,,,,,,,,,,
2961,0.6740472316741943,,,,1.2503156661987305,,,,0.3011460304260254,,0.9227252006530762,0.2987558841705322,,,,,0.3138723373413086,,,,,,,,0.3278169631958008,0.29065704345703125,,0.31531214714050293,,,0.3072969913482666,,,,,0.6749379634857178,,,,,,,,,,,,,,
2962,0.6670639514923096,,,,0.557758092880249,,,,0.29547691345214844,,0.5835638046264648,0.33097028732299805,,,,,0.3044600486755371,,,,,,,,0.32108116149902344,0.3155090808868408,,0.3031947612762451,,,0.304476261138916,,,,,0.64628005027771,,,,,,,,,,,,,,
2963,1.2202231884002686,,,,1.2883591651916504,,,,0.31444501876831055,,1.5251452922821045,0.3100106716156006,,,,,0.3092820644378662,,,,,,,,0.31566500663757324,0.2862253189086914,,0.31966423988342285,,,0.3090980052947998,,,,,0.6394860744476318,,,,,,,,,,,,,,
2964,0.2952148914337158,,,,1.6071538925170898,,,,0.3400750160217285,,1.05275297164917,0.29550719261169434,,,,,0.3074910640716553,,,,,,,,0.3484311103820801,0.30081796646118164,,0.30994272232055664,,,0.3071329593658447,,,,,0.6151680946350098,,,,,,,,,,,,,,
2965,0.3392210006713867,,,,1.187204122543335,,,,0.29572296142578125,,0.6514639854431152,0.30828309059143066,,,,,0.29888224601745605,,,,,,,,0.7730071544647217,0.29352807998657227,,0.29279088973999023,,,0.30234694480895996,,,,,0.6176102161407471,,,,,,,,,,,,,,
2966,0.2688167095184326,,,,2.3565287590026855,,,,0.31677889823913574,,0.6439120769500732,0.3075449466705322,,,,,0.3081948757171631,,,,,,,,0.7298297882080078,0.29418492317199707,,0.2928950786590576,,,0.30182814598083496,,,,,0.6657500267028809,,,,,,,,,,,,,,
2967,0.6931130886077881,,,,1.2178139686584473,,,,0.31767797470092773,,0.30724501609802246,0.31845593452453613,,,,,0.3083980083465576,,,,,,,,0.3283729553222656,0.30843234062194824,,0.29569482803344727,,,0.307636022567749,,,,,0.6391751766204834,,,,,,,,,,,,,,
2968,0.8806929588317871,,,,0.5470571517944336,,,,0.29584383964538574,,0.625974178314209,0.2933349609375,,,,,0.3068559169769287,,,,,,,,0.3283851146697998,0.3071620464324951,,0.32039904594421387,,,0.3039994239807129,,,,,0.7053048610687256,,,,,,,,,,,,,,
2969,0.29189395904541016,,,,0.5289580821990967,,,,0.3156318664550781,,1.0776469707489014,0.2993042469024658,,,,,0.3143429756164551,,,,,,,,0.7582979202270508,0.30598878860473633,,0.3163120746612549,,,0.31043195724487305,,,,,0.6737720966339111,,,,,,,,,,,,,,
2970,0.32758307456970215,,,,1.927131175994873,,,,0.2984898090362549,,0.2897160053253174,0.31267714500427246,,,,,0.28986406326293945,,,,,,,,0.3460428714752197,0.30577898025512695,,0.2981607913970947,,,0.3124852180480957,,,,,0.6339919567108154,,,,,,,,,,,,,,
2971,0.31496405601501465,,,,1.2583668231964111,,,,0.3193368911743164,,0.6265652179718018,0.3102531433105469,,,,,0.28850817680358887,,,,,,,,0.7138850688934326,0.2998359203338623,,0.30962586402893066,,,0.2975637912750244,,,,,0.6629509925842285,,,,,,,,,,,,,,
2972,0.3381779193878174,,,,1.2221660614013672,,,,0.319378137588501,,1.073634147644043,0.31165575981140137,,,,,0.2973189353942871,,,,,,,,0.3246939182281494,0.3078000545501709,,0.3076629638671875,,,0.282440185546875,,,,,0.6579978466033936,,,,,,,,,,,,,,
2973,0.3214757442474365,,,,1.9242761135101318,,,,0.29593801498413086,,0.28995513916015625,0.2929389476776123,,,,,0.3004131317138672,,,,,,,,0.32843017578125,0.29233384132385254,,0.3101189136505127,,,0.2897500991821289,,,,,0.6431920528411865,,,,,,,,,,,,,,
2974,0.7268862724304199,,,,1.200427770614624,,,,0.32187819480895996,,0.6240060329437256,0.3075387477874756,,,,,0.3274853229522705,,,,,,,,0.3407149314880371,0.28790974617004395,,0.2959439754486084,,,0.3037238121032715,,,,,0.6397619247436523,,,,,,,,,,,,,,
2975,0.2936530113220215,,,,4.45238184928894,,,,0.3171529769897461,,0.6082780361175537,0.290877103805542,,,,,0.3068239688873291,,,,,,,,0.7066249847412109,0.2821221351623535,,0.31266307830810547,,,0.3018529415130615,,,,,0.6398608684539795,,,,,,,,,,,,,,
2976,0.3354980945587158,,,,1.2445709705352783,,,,0.295684814453125,,0.3045539855957031,0.30164098739624023,,,,,0.30471301078796387,,,,,,,,0.7194359302520752,0.288830041885376,,0.29437994956970215,,,0.27521276473999023,,,,,0.6168138980865479,,,,,,,,,,,,,,
2977,0.3385429382324219,,,,1.2756469249725342,,,,0.2932760715484619,,0.2843310832977295,0.325106143951416,,,,,0.30219268798828125,,,,,,,,0.704948902130127,0.294572114944458,,0.31511926651000977,,,0.32761287689208984,,,,,0.6450290679931641,,,,,,,,,,,,,,
2978,0.56744384765625,,,,3.461268901824951,,,,0.3079338073730469,,1.4885869026184082,0.31267881393432617,,,,,0.31012725830078125,,,,,,,,0.35016298294067383,0.28209710121154785,,0.3436009883880615,,,0.28899383544921875,,,,,0.642207145690918,,,,,,,,,,,,,,
2979,0.7153289318084717,,,,1.6564700603485107,,,,0.32198619842529297,,0.31012988090515137,0.29246997833251953,,,,,0.31218385696411133,,,,,,,,0.34284067153930664,0.3005518913269043,,0.29383301734924316,,,0.31974077224731445,,,,,0.6599278450012207,,,,,,,,,,,,,,
2980,0.2932009696960449,,,,4.12826681137085,,,,0.30048227310180664,,0.28545093536376953,0.3146779537200928,,,,,0.2987971305847168,,,,,,,,0.3200418949127197,1.0989172458648682,,0.291705846786499,,,0.2781949043273926,,,,,0.6239981651306152,,,,,,,,,,,,,,
2981,0.297792911529541,,,,0.5609278678894043,,,,0.31903719902038574,,1.4893813133239746,0.29753899574279785,,,,,0.3024911880493164,,,,,,,,0.7031033039093018,0.3038499355316162,,0.31375718116760254,,,0.285477876663208,,,,,0.6416099071502686,,,,,,,,,,,,,,
2982,0.328474760055542,,,,1.2802231311798096,,,,0.31592679023742676,,0.6526119709014893,0.3041961193084717,,,,,0.3150780200958252,,,,,,,,0.7971460819244385,0.30249810218811035,,0.2933650016784668,,,0.30063796043395996,,,,,0.6163010597229004,,,,,,,,,,,,,,
2983,0.3097391128540039,,,,1.23850417137146,,,,0.29642391204833984,,1.398160696029663,0.2941901683807373,,,,,0.29137706756591797,,,,,,,,1.1282849311828613,1.117868185043335,,0.33278489112854004,,,1.9042248725891113,,,,,0.6634378433227539,,,,,,,,,,,,,,
2984,0.31748294830322266,,,,0.5291309356689453,,,,0.3164710998535156,,0.6764779090881348,0.31413698196411133,,,,,0.30984926223754883,,,,,,,,0.32393503189086914,0.31472206115722656,,0.29743099212646484,,,0.29253292083740234,,,,,0.6751079559326172,,,,,,,,,,,,,,
2985,0.29407620429992676,,,,2.7561519145965576,,,,0.3099479675292969,,0.6308000087738037,0.2961080074310303,,,,,0.3139822483062744,,,,,,,,0.337630033493042,0.28435420989990234,,0.31651902198791504,,,1.0471470355987549,,,,,0.6491150856018066,,,,,,,,,,,,,,
2986,0.2958970069885254,,,,2.013097047805786,,,,0.29217100143432617,,1.1508588790893555,0.31490111351013184,,,,,0.2858889102935791,,,,,,,,0.728834867477417,1.5171809196472168,,0.29401135444641113,,,0.274608850479126,,,,,7.634652853012085,,,,,,,,,,,,,,
2987,0.6732912063598633,,,,2.7950279712677,,,,0.31754326820373535,,1.5528929233551025,0.3133578300476074,,,,,0.2988779544830322,,,,,,,,0.3511190414428711,0.6526889801025391,,0.29097723960876465,,,0.275270938873291,,,,,0.6181280612945557,,,,,,,,,,,,,,
2988,0.6771659851074219,,,,0.5649080276489258,,,,0.29442310333251953,,1.4369721412658691,0.29085588455200195,,,,,0.31494903564453125,,,,,,,,0.6973381042480469,0.28189682960510254,,0.33731603622436523,,,0.31834912300109863,,,,,0.6671900749206543,,,,,,,,,,,,,,
2989,0.6635701656341553,,,,0.5373671054840088,,,,0.33111095428466797,,0.6450450420379639,0.28520727157592773,,,,,0.314694881439209,,,,,,,,0.738671064376831,0.2875790596008301,,0.29765987396240234,,,0.300048828125,,,,,0.6753110885620117,,,,,,,,,,,,,,
2990,0.6250560283660889,,,,0.5308222770690918,,,,0.3245561122894287,,0.308239221572876,0.2978670597076416,,,,,0.292125940322876,,,,,,,,0.3461623191833496,0.284437894821167,,0.30370092391967773,,,0.2966010570526123,,,,,0.6733582019805908,,,,,,,,,,,,,,
2991,0.29816699028015137,,,,1.926164150238037,,,,0.29392170906066895,,0.2938661575317383,0.29345107078552246,,,,,0.31252098083496094,,,,,,,,0.7155179977416992,0.42456579208374023,,0.3073451519012451,,,0.31212592124938965,,,,,0.657890796661377,,,,,,,,,,,,,,
2992,0.7235558032989502,,,,0.5739929676055908,,,,0.32004523277282715,,0.6261348724365234,0.31174302101135254,,,,,0.3015298843383789,,,,,,,,0.3421297073364258,0.2953488826751709,,0.3033769130706787,,,0.25960779190063477,,,,,3.075914144515991,,,,,,,,,,,,,,
2993,0.27253079414367676,,,,0.529296875,,,,0.29636406898498535,,1.4495642185211182,0.31737804412841797,,,,,0.2892329692840576,,,,,,,,0.7287969589233398,0.3558781147003174,,0.33291006088256836,,,0.2744748592376709,,,,,0.6258540153503418,,,,,,,,,,,,,,
2994,0.3170802593231201,,,,0.547321081161499,,,,0.3348681926727295,,0.28249073028564453,0.2938048839569092,,,,,0.31497788429260254,,,,,,,,0.3209218978881836,1.1879198551177979,,0.2916440963745117,,,0.3056011199951172,,,,,0.6664547920227051,,,,,,,,,,,,,,
2995,0.42128896713256836,,,,1.2173702716827393,,,,0.29580211639404297,,1.9639930725097656,0.31199216842651367,,,,,0.2894139289855957,,,,,,,,0.3344111442565918,1.4730541706085205,,0.28900694847106934,,,0.6009249687194824,,,,,0.6524500846862793,,,,,,,,,,,,,,
2996,0.3159201145172119,,,,2.0771520137786865,,,,0.3056759834289551,,0.6186800003051758,0.30010080337524414,,,,,0.31374406814575195,,,,,,,,0.3354198932647705,1.4552788734436035,,0.29186391830444336,,,0.3070979118347168,,,,,0.6449899673461914,,,,,,,,,,,,,,
2997,0.6951999664306641,,,,5.431483745574951,,,,0.31085634231567383,,0.6550188064575195,0.3059678077697754,,,,,0.30800580978393555,,,,,,,,0.7619750499725342,0.30625104904174805,,0.31624794006347656,,,0.2694211006164551,,,,,0.6394991874694824,,,,,,,,,,,,,,
2998,0.2979269027709961,,,,3.0566558837890625,,,,0.29431986808776855,,0.6642379760742188,0.32479166984558105,,,,,0.29805493354797363,,,,,,,,0.31732702255249023,0.2867457866668701,,0.31444358825683594,,,0.29210901260375977,,,,,0.6431758403778076,,,,,,,,,,,,,,
2999,0.6978931427001953,,,,1.2380249500274658,,,,0.33711791038513184,,0.26593780517578125,0.31166625022888184,,,,,0.3334939479827881,,,,,,,,0.3410050868988037,0.2683882713317871,,0.2882380485534668,,,0.3170607089996338,,,,,0.6147770881652832,,,,,,,,,,,,,,
3000,0.693695068359375,,,,2.0396721363067627,,,,0.2983119487762451,,0.2851238250732422,0.30541276931762695,,,,,0.3015758991241455,,,,,,,,0.7718141078948975,1.127323865890503,,0.3143038749694824,,,0.2861788272857666,,,,,0.6625168323516846,,,,,,,,,,,,,,
3001,0.3210930824279785,,,,4.877521276473999,,,,0.3156850337982178,,0.6224009990692139,0.2977118492126465,,,,,0.29775476455688477,,,,,,,,0.3475620746612549,1.1341688632965088,,0.3186910152435303,,,0.27322912216186523,,,,,0.6738979816436768,,,,,,,,,,,,,,
3002,0.32359814643859863,,,,0.5692689418792725,,,,0.3186028003692627,,0.5981729030609131,0.328808069229126,,,,,0.31458187103271484,,,,,,,,0.34283876419067383,0.29903602600097656,,0.2943131923675537,,,0.2909259796142578,,,,,0.6680710315704346,,,,,,,,,,,,,,
3003,0.3307802677154541,,,,0.5767488479614258,,,,0.29960203170776367,,0.29293394088745117,0.3007669448852539,,,,,0.30843114852905273,,,,,,,,0.32680487632751465,0.619758129119873,,0.31444811820983887,,,0.2981438636779785,,,,,0.6803061962127686,,,,,,,,,,,,,,
3004,0.2879600524902344,,,,3.6619439125061035,,,,0.3258979320526123,,1.067878007888794,0.2850329875946045,,,,,0.31320619583129883,,,,,,,,0.7435100078582764,0.30617499351501465,,0.3203558921813965,,,0.28023600578308105,,,,,0.644439697265625,,,,,,,,,,,,,,
3005,0.3383328914642334,,,,2.3610219955444336,,,,0.3103609085083008,,0.5926790237426758,0.29024720191955566,,,,,0.29204678535461426,,,,,,,,0.7386722564697266,0.28266191482543945,,0.3195328712463379,,,0.27547121047973633,,,,,0.6448490619659424,,,,,,,,,,,,,,
3006,0.8663918972015381,,,,0.6621630191802979,,,,0.29317498207092285,,0.6242587566375732,0.2907540798187256,,,,,0.31041407585144043,,,,,,,,0.7458651065826416,0.6345889568328857,,0.31696176528930664,,,0.2766261100769043,,,,,0.6597139835357666,,,,,,,,,,,,,,
3007,0.3189718723297119,,,,0.580711841583252,,,,0.3184788227081299,,1.0758497714996338,0.3078951835632324,,,,,0.30144524574279785,,,,,,,,1.039186954498291,1.2348101139068604,,0.29904794692993164,,,0.26772308349609375,,,,,0.6620879173278809,,,,,,,,,,,,,,
3008,0.29584407806396484,,,,3.456394910812378,,,,0.29885435104370117,,0.3086278438568115,0.2897319793701172,,,,,0.28586292266845703,,,,,,,,0.7496159076690674,3.266977071762085,,0.3291308879852295,,,0.2718830108642578,,,,,0.6198840141296387,,,,,,,,,,,,,,
3009,0.33847498893737793,,,,0.5873751640319824,,,,0.3306407928466797,,0.3465719223022461,0.31371021270751953,,,,,0.33280491828918457,,,,,,,,0.34064579010009766,0.2786397933959961,,0.3003361225128174,,,0.27782392501831055,,,,,0.6453418731689453,,,,,,,,,,,,,,
3010,1.1311838626861572,,,,1.264355182647705,,,,0.29756736755371094,,0.31842494010925293,0.2976078987121582,,,,,0.30611395835876465,,,,,,,,0.7935581207275391,0.30168604850769043,,0.2949039936065674,,,0.27819013595581055,,,,,0.6815218925476074,,,,,,,,,,,,,,
3011,0.44985318183898926,,,,1.234590768814087,,,,0.31697583198547363,,1.473783016204834,0.29253697395324707,,,,,0.3048980236053467,,,,,,,,0.32906198501586914,0.6825270652770996,,0.3054952621459961,,,0.27367401123046875,,,,,0.6722629070281982,,,,,,,,,,,,,,
3012,0.3093283176422119,,,,2.3817920684814453,,,,0.2926008701324463,,1.4507081508636475,0.325437068939209,,,,,0.2968919277191162,,,,,,,,0.3172948360443115,0.6519148349761963,,0.296921968460083,,,0.29171299934387207,,,,,0.6455287933349609,,,,,,,,,,,,,,
3013,0.3029019832611084,,,,2.052722930908203,,,,0.29276609420776367,,1.4728078842163086,0.3136410713195801,,,,,0.2895481586456299,,,,,,,,0.349200963973999,0.2851860523223877,,0.33135008811950684,,,0.5724270343780518,,,,,0.6413600444793701,,,,,,,,,,,,,,
3014,0.2921137809753418,,,,0.594245195388794,,,,0.3347280025482178,,0.6948258876800537,0.2931327819824219,,,,,0.3325061798095703,,,,,,,,0.34256720542907715,2.227426052093506,,0.3042628765106201,,,0.2698051929473877,,,,,0.6536300182342529,,,,,,,,,,,,,,
3015,0.29911208152770996,,,,0.3879070281982422,,,,0.32117605209350586,,1.4940590858459473,0.3141491413116455,,,,,0.30556201934814453,,,,,,,,0.33455705642700195,0.7475838661193848,,0.3142738342285156,,,0.27552008628845215,,,,,0.6796789169311523,,,,,,,,,,,,,,
3016,0.31859803199768066,,,,0.5917689800262451,,,,0.3206479549407959,,0.99288010597229,0.2985990047454834,,,,,0.28746914863586426,,,,,,,,0.7621550559997559,0.3109898567199707,,0.29128503799438477,,,0.27839207649230957,,,,,0.6483008861541748,,,,,,,,,,,,,,
3017,0.3385281562805176,,,,4.136075019836426,,,,0.32178378105163574,,1.4671320915222168,0.33339905738830566,,,,,0.30240702629089355,,,,,,,,0.335939884185791,0.42940282821655273,,0.2937657833099365,,,0.29833197593688965,,,,,0.671306848526001,,,,,,,,,,,,,,
3018,0.30167293548583984,,,,0.5613992214202881,,,,0.2936241626739502,,1.4766829013824463,0.2970271110534668,,,,,0.3086237907409668,,,,,,,,0.3359501361846924,0.2927391529083252,,0.33176493644714355,,,0.29204583168029785,,,,,0.6560440063476562,,,,,,,,,,,,,,
3019,0.2957301139831543,,,,0.5461239814758301,,,,0.3338921070098877,,0.6544408798217773,0.29464077949523926,,,,,0.32814812660217285,,,,,,,,0.3229250907897949,0.3069119453430176,,0.29289889335632324,,,0.2786128520965576,,,,,0.6370952129364014,,,,,,,,,,,,,,
3020,0.3279578685760498,,,,2.366955041885376,,,,0.2958252429962158,,1.175137996673584,0.2783679962158203,,,,,0.2982637882232666,,,,,,,,0.3289351463317871,0.329348087310791,,0.31697916984558105,,,0.3155970573425293,,,,,0.6428489685058594,,,,,,,,,,,,,,
3021,2.1870758533477783,,,,1.6839468479156494,,,,0.28913092613220215,,0.6690149307250977,0.716954231262207,,,,,0.31076526641845703,,,,,,,,0.740333080291748,0.3326737880706787,,0.31616997718811035,,,0.27779126167297363,,,,,0.6392419338226318,,,,,,,,,,,,,,
3022,0.6394193172454834,,,,0.560711145401001,,,,0.32014918327331543,,0.6233367919921875,1.074941873550415,,,,,0.2979869842529297,,,,,,,,0.3278658390045166,0.26888585090637207,,0.30109596252441406,,,0.28599977493286133,,,,,0.6676647663116455,,,,,,,,,,,,,,
3023,0.31615614891052246,,,,0.5612552165985107,,,,0.3180580139160156,,1.6989219188690186,0.2975928783416748,,,,,0.284024715423584,,,,,,,,0.3316948413848877,0.34202122688293457,,0.3239321708679199,,,0.2749643325805664,,,,,0.6632270812988281,,,,,,,,,,,,,,
3024,0.9158461093902588,,,,3.0722591876983643,,,,0.31971216201782227,,0.6469018459320068,0.665381908416748,,,,,0.3129911422729492,,,,,,,,0.335813045501709,0.3305363655090332,,0.29064083099365234,,,0.2765989303588867,,,,,0.6479389667510986,,,,,,,,,,,,,,
3025,0.6745600700378418,,,,0.6308879852294922,,,,0.3054032325744629,,0.6342120170593262,0.30987000465393066,,,,,0.31336402893066406,,,,,,,,0.3288440704345703,0.2609739303588867,,0.31221508979797363,,,0.6408741474151611,,,,,0.6281788349151611,,,,,,,,,,,,,,
3026,0.6354801654815674,,,,2.537872314453125,,,,0.30031371116638184,,0.6087441444396973,0.6951339244842529,,,,,0.2933969497680664,,,,,,,,0.315108060836792,0.6621451377868652,,0.30330896377563477,,,0.2763838768005371,,,,,0.6604821681976318,,,,,,,,,,,,,,
3027,1.1639878749847412,,,,0.5314788818359375,,,,0.3048722743988037,,0.7970321178436279,0.30684685707092285,,,,,0.29224109649658203,,,,,,,,0.34978389739990234,0.31273913383483887,,0.29813098907470703,,,0.27193617820739746,,,,,0.6569111347198486,,,,,,,,,,,,,,
3028,0.6276309490203857,,,,0.5776488780975342,,,,0.2911348342895508,,0.613314151763916,0.6672229766845703,,,,,0.31351780891418457,,,,,,,,0.3210129737854004,0.8089659214019775,,0.3372509479522705,,,0.26711606979370117,,,,,0.6476850509643555,,,,,,,,,,,,,,
3029,0.3207690715789795,,,,0.5303809642791748,,,,0.33577799797058105,,0.6516668796539307,0.3169441223144531,,,,,0.3231008052825928,,,,,,,,0.369387149810791,0.32310032844543457,,0.2929050922393799,,,0.28269219398498535,,,,,0.6587440967559814,,,,,,,,,,,,,,
3030,0.3237631320953369,,,,1.661147117614746,,,,0.2978520393371582,,0.6579499244689941,0.29355692863464355,,,,,0.28704094886779785,,,,,,,,0.35488390922546387,0.3244290351867676,,0.31708288192749023,,,0.30034804344177246,,,,,3.1352219581604004,,,,,,,,,,,,,,
3031,0.6774709224700928,,,,0.5886659622192383,,,,0.3095829486846924,,0.6711850166320801,0.6780879497528076,,,,,0.3043389320373535,,,,,,,,0.33284592628479004,0.32669901847839355,,0.29013800621032715,,,0.2794368267059326,,,,,0.6778290271759033,,,,,,,,,,,,,,
3032,0.2977590560913086,,,,2.392918109893799,,,,0.33033204078674316,,0.643049955368042,0.30947399139404297,,,,,0.3090839385986328,,,,,,,,0.33178019523620605,0.30451512336730957,,0.29183316230773926,,,0.278001070022583,,,,,2.714689016342163,,,,,,,,,,,,,,
3033,0.30706787109375,,,,4.099704742431641,,,,0.308377742767334,,0.6750128269195557,0.6708381175994873,,,,,0.3073599338531494,,,,,,,,0.5350558757781982,1.5060579776763916,,0.3327000141143799,,,0.29288387298583984,,,,,0.676494836807251,,,,,,,,,,,,,,
3034,0.6596980094909668,,,,0.5650510787963867,,,,0.34834790229797363,,0.6282470226287842,0.3094160556793213,,,,,0.3145790100097656,,,,,,,,0.35096287727355957,0.31421899795532227,,0.3017590045928955,,,0.29747796058654785,,,,,0.61490797996521,,,,,,,,,,,,,,
3035,0.31656980514526367,,,,0.9388189315795898,,,,0.2945270538330078,,0.6421630382537842,0.308413028717041,,,,,0.28918981552124023,,,,,,,,0.3425309658050537,0.30986499786376953,,0.30921387672424316,,,0.276155948638916,,,,,0.6239683628082275,,,,,,,,,,,,,,
3036,1.1860647201538086,,,,1.292794942855835,,,,0.30312299728393555,,0.663546085357666,0.288424015045166,,,,,0.2877469062805176,,,,,,,,0.34822821617126465,0.3215517997741699,,0.29994702339172363,,,0.27888011932373047,,,,,0.678490161895752,,,,,,,,,,,,,,
3037,0.2757120132446289,,,,0.5767569541931152,,,,0.3186628818511963,,1.8553440570831299,0.29383087158203125,,,,,0.290982723236084,,,,,,,,0.3459041118621826,0.3042728900909424,,0.3111581802368164,,,0.2978980541229248,,,,,0.6366701126098633,,,,,,,,,,,,,,
3038,0.35095977783203125,,,,5.529875993728638,,,,0.29918599128723145,,0.6444900035858154,0.3129417896270752,,,,,0.28679895401000977,,,,,,,,0.3195178508758545,0.3168361186981201,,0.32584404945373535,,,0.2970240116119385,,,,,0.6643190383911133,,,,,,,,,,,,,,
3039,0.6270010471343994,,,,4.8397908210754395,,,,0.32963991165161133,,0.6428611278533936,0.3328371047973633,,,,,0.33234214782714844,,,,,,,,0.3517880439758301,0.2971668243408203,,0.28894495964050293,,,0.27696895599365234,,,,,0.6364622116088867,,,,,,,,,,,,,,
3040,1.3014729022979736,,,,0.5348420143127441,,,,0.29860615730285645,,1.0767970085144043,0.30445289611816406,,,,,0.3021819591522217,,,,,,,,0.3479580879211426,0.3020060062408447,,0.30373597145080566,,,0.279742956161499,,,,,1.4829819202423096,,,,,,,,,,,,,,
3041,0.29598426818847656,,,,5.913879156112671,,,,0.30504274368286133,,0.6590189933776855,0.6542050838470459,,,,,0.3135809898376465,,,,,,,,0.34659385681152344,0.33443403244018555,,0.30042386054992676,,,0.5873548984527588,,,,,0.6571869850158691,,,,,,,,,,,,,,
3042,0.319227933883667,,,,1.3060553073883057,,,,0.306549072265625,,0.658027172088623,0.3374919891357422,,,,,0.29904890060424805,,,,,,,,0.3291749954223633,0.6554980278015137,,0.31676697731018066,,,0.2915530204772949,,,,,21.281811952590942,,,,,,,,,,,,,,
3043,0.31890296936035156,,,,0.5431869029998779,,,,0.2926211357116699,,0.6243758201599121,0.31299519538879395,,,,,0.30968189239501953,,,,,,,,0.347491979598999,0.3536710739135742,,0.31064677238464355,,,0.2923610210418701,,,,,21.3575439453125,,,,,,,,,,,,,,
3044,0.6601910591125488,,,,1.2959558963775635,,,,0.31815505027770996,,0.6469042301177979,0.28875231742858887,,,,,0.3189077377319336,,,,,,,,0.29535388946533203,0.28609681129455566,,0.3154160976409912,,,0.2898080348968506,,,,,21.509946823120117,,,,,,,,,,,,,,
3045,0.3031799793243408,,,,0.7376070022583008,,,,0.3184981346130371,,0.6352519989013672,0.30186009407043457,,,,,0.28839707374572754,,,,,,,,0.7822599411010742,0.3245258331298828,,0.32239723205566406,,,0.46653127670288086,,,,,21.43103313446045,,,,,,,,,,,,,,
3046,1.1950678825378418,,,,3.870177984237671,,,,0.2955179214477539,,0.6637759208679199,0.3100929260253906,,,,,0.31059908866882324,,,,,,,,0.801814079284668,0.30875110626220703,,0.2965521812438965,,,0.2790980339050293,,,,,21.23841691017151,,,,,,,,,,,,,,
3047,0.318544864654541,,,,1.2797038555145264,,,,0.32355284690856934,,0.6406331062316895,0.32128310203552246,,,,,0.29459118843078613,,,,,,,,0.3408670425415039,0.33845090866088867,,0.3126068115234375,,,0.3032870292663574,,,,,21.38049602508545,,,,,,,,,,,,,,
3048,0.30451202392578125,,,,1.269667148590088,,,,0.3025939464569092,,1.9186749458312988,0.2872660160064697,,,,,0.29300570487976074,,,,,,,,0.34907007217407227,0.34659886360168457,,0.31351399421691895,,,0.2969539165496826,,,,,0.9406449794769287,,,,,,,,,,,,,,
3049,0.29799890518188477,,,,1.6821389198303223,,,,0.3316211700439453,,0.6341550350189209,0.3194890022277832,,,,,0.32926321029663086,,,,,,,,0.34546804428100586,0.3566300868988037,,0.31862401962280273,,,0.6218140125274658,,,,,21.371150016784668,,,,,,,,,,,,,,
3050,0.33579182624816895,,,,1.294301986694336,,,,0.29454922676086426,,0.6498889923095703,0.30836987495422363,,,,,0.3094511032104492,,,,,,,,0.3289320468902588,0.33617091178894043,,0.2983517646789551,,,0.25945115089416504,,,,,21.35438299179077,,,,,,,,,,,,,,
3051,1.1385362148284912,,,,0.557110071182251,,,,0.2930910587310791,,0.6526339054107666,0.29509711265563965,,,,,0.29781198501586914,,,,,,,,0.7636318206787109,0.2872321605682373,,0.30414795875549316,,,0.6828038692474365,,,,,1.8339169025421143,,,,,,,,,,,,,,
3052,0.6272811889648438,,,,0.578679084777832,,,,0.3160409927368164,,0.350203275680542,0.3135349750518799,,,,,0.2894589900970459,,,,,,,,0.3256337642669678,0.2833859920501709,,0.311737060546875,,,0.6194629669189453,,,,,1.4296996593475342,,,,,,,,,,,,,,
3053,0.34197187423706055,,,,1.2676270008087158,,,,0.2980778217315674,,1.4838380813598633,0.6389610767364502,,,,,0.31572389602661133,,,,,,,,0.7675762176513672,0.26834797859191895,,0.3413548469543457,,,0.30524396896362305,,,,,21.432986974716187,,,,,,,,,,,,,,
3054,0.6573350429534912,,,,1.2526490688323975,,,,0.3219008445739746,,0.6410079002380371,0.6525280475616455,,,,,0.31824398040771484,,,,,,,,0.7575280666351318,0.30985379219055176,,0.2923126220703125,,,0.5423569679260254,,,,,21.500295162200928,,,,,,,,,,,,,,
3055,0.6610150337219238,,,,0.5459237098693848,,,,0.3172941207885742,,0.676793098449707,0.3067598342895508,,,,,0.30454182624816895,,,,,,,,0.32091689109802246,0.30898094177246094,,0.2954089641571045,,,0.30272483825683594,,,,,21.396250247955322,,,,,,,,,,,,,,
3056,1.1682517528533936,,,,2.6722941398620605,,,,0.3202080726623535,,0.6315462589263916,0.3100748062133789,,,,,0.31107306480407715,,,,,,,,0.7643840312957764,0.27428197860717773,,0.3114049434661865,,,0.29788708686828613,,,,,21.32277202606201,,,,,,,,,,,,,,
3057,0.31427597999572754,,,,1.2431950569152832,,,,0.29843997955322266,,0.6419529914855957,0.28941798210144043,,,,,0.31920480728149414,,,,,,,,0.7657027244567871,0.34916019439697266,,0.29512596130371094,,,0.27510809898376465,,,,,21.513916730880737,,,,,,,,,,,,,,
3058,0.2966301441192627,,,,1.2963099479675293,,,,0.3094139099121094,,1.4253990650177002,0.6844708919525146,,,,,0.3042590618133545,,,,,,,,0.3393378257751465,0.32991695404052734,,0.33266782760620117,,,0.28699588775634766,,,,,21.528345108032227,,,,,,,,,,,,,,
3059,0.3006410598754883,,,,1.2542119026184082,,,,0.31787586212158203,,0.6467599868774414,0.6983499526977539,,,,,0.3175508975982666,,,,,,,,0.33080005645751953,0.3285791873931885,,0.30310606956481934,,,0.29869627952575684,,,,,21.54076313972473,,,,,,,,,,,,,,
3060,0.304811954498291,,,,1.3305368423461914,,,,0.3170130252838135,,0.6575801372528076,0.2925238609313965,,,,,0.29491305351257324,,,,,,,,0.32986927032470703,0.26192736625671387,,0.3127250671386719,,,0.32851195335388184,,,,,21.486047983169556,,,,,,,,,,,,,,
3061,0.29350709915161133,,,,0.5940701961517334,,,,0.32128095626831055,,0.654015064239502,0.29187512397766113,,,,,0.30840587615966797,,,,,,,,0.3300130367279053,0.292651891708374,,0.29160618782043457,,,0.3040032386779785,,,,,,,,,,,,,,,,,,,
3062,0.7189140319824219,,,,0.9903230667114258,,,,0.3198058605194092,,0.6740868091583252,0.3339219093322754,,,,,0.30579590797424316,,,,,,,,0.36075329780578613,0.3045048713684082,,0.31531310081481934,,,0.2798748016357422,,,,,,,,,,,,,,,,,,,
3063,0.3189990520477295,,,,7.198026895523071,,,,0.32079601287841797,,0.6519019603729248,0.30306506156921387,,,,,0.2943999767303467,,,,,,,,0.3168301582336426,0.2843198776245117,,0.3266479969024658,,,0.3019449710845947,,,,,,,,,,,,,,,,,,,
3064,0.2831752300262451,,,,0.23789405822753906,,,,0.3352987766265869,,0.6385688781738281,0.2991499900817871,,,,,0.3357079029083252,,,,,,,,0.3399989604949951,0.2974269390106201,,0.2964458465576172,,,0.2757871150970459,,,,,,,,,,,,,,,,,,,
3065,0.7173519134521484,,,,0.540673017501831,,,,0.2948920726776123,,0.6108601093292236,0.31339383125305176,,,,,0.29588890075683594,,,,,,,,0.3183002471923828,0.3114330768585205,,0.3144807815551758,,,0.29802608489990234,,,,,,,,,,,,,,,,,,,
3066,0.32522010803222656,,,,1.7059087753295898,,,,0.2988290786743164,,1.1019701957702637,0.2898080348968506,,,,,0.31598615646362305,,,,,,,,0.32052111625671387,0.34256482124328613,,0.29088473320007324,,,0.3001673221588135,,,,,,,,,,,,,,,,,,,
3067,0.3064119815826416,,,,0.546766996383667,,,,0.31928396224975586,,0.6566510200500488,0.30217409133911133,,,,,0.29106831550598145,,,,,,,,0.3406221866607666,0.2835371494293213,,0.3201751708984375,,,0.27955198287963867,,,,,,,,,,,,,,,,,,,
3068,0.30849480628967285,,,,0.551987886428833,,,,0.3186330795288086,,0.6241390705108643,0.30011796951293945,,,,,0.2951369285583496,,,,,,,,0.3162350654602051,0.3117201328277588,,0.3061811923980713,,,0.3071410655975342,,,,,,,,,,,,,,,,,,,
3069,0.30191993713378906,,,,3.873199939727783,,,,0.3462100028991699,,0.6415309906005859,0.33768796920776367,,,,,0.3303720951080322,,,,,,,,0.3189718723297119,0.2834770679473877,,0.29254603385925293,,,0.3043649196624756,,,,,,,,,,,,,,,,,,,
3070,0.3425290584564209,,,,1.2733919620513916,,,,0.30818605422973633,,0.6575260162353516,0.3202481269836426,,,,,0.3084559440612793,,,,,,,,0.3173379898071289,0.35176801681518555,,0.3125438690185547,,,0.2987802028656006,,,,,,,,,,,,,,,,,,,
3071,0.3013288974761963,,,,2.073486089706421,,,,0.3314340114593506,,1.1378798484802246,0.2953760623931885,,,,,0.2952539920806885,,,,,,,,0.759763240814209,0.2957479953765869,,0.2975618839263916,,,0.2761101722717285,,,,,,,,,,,,,,,,,,,
3072,0.3405489921569824,,,,0.5620987415313721,,,,0.29688286781311035,,0.6401312351226807,0.3080587387084961,,,,,0.3150179386138916,,,,,,,,0.3547351360321045,0.2677619457244873,,0.309798002243042,,,0.27642202377319336,,,,,,,,,,,,,,,,,,,
3073,0.36316895484924316,,,,1.0151870250701904,,,,0.31630611419677734,,0.6563010215759277,0.39330101013183594,,,,,0.2931976318359375,,,,,,,,0.3184969425201416,0.280933141708374,,0.32027602195739746,,,0.2911818027496338,,,,,,,,,,,,,,,,,,,
3074,0.3210597038269043,,,,3.509902000427246,,,,0.34103894233703613,,1.0982327461242676,0.2921302318572998,,,,,0.336198091506958,,,,,,,,0.32080578804016113,0.3280308246612549,,0.31360387802124023,,,0.2985968589782715,,,,,,,,,,,,,,,,,,,
3075,0.31018996238708496,,,,0.9774479866027832,,,,0.32584714889526367,,0.6510419845581055,0.30155420303344727,,,,,0.2924458980560303,,,,,,,,0.7469348907470703,0.2927579879760742,,0.3215219974517822,,,0.3025491237640381,,,,,,,,,,,,,,,,,,,
3076,0.30469393730163574,,,,4.13585090637207,,,,0.3164801597595215,,0.6341400146484375,0.3176710605621338,,,,,0.32100892066955566,,,,,,,,0.2995750904083252,0.331571102142334,,0.29505181312561035,,,0.2988779544830322,,,,,,,,,,,,,,,,,,,
3077,0.6188857555389404,,,,1.327152967453003,,,,0.2980680465698242,,0.6291849613189697,0.30318403244018555,,,,,0.295194149017334,,,,,,,,0.35829615592956543,0.6920111179351807,,0.31464409828186035,,,0.30870580673217773,,,,,,,,,,,,,,,,,,,
3078,0.45867490768432617,,,,0.5683748722076416,,,,0.3004629611968994,,0.6031990051269531,0.6973328590393066,,,,,0.3169710636138916,,,,,,,,0.33661699295043945,0.2899818420410156,,0.3168489933013916,,,0.3059840202331543,,,,,,,,,,,,,,,,,,,
3079,0.29750800132751465,,,,0.5469100475311279,,,,0.3281118869781494,,0.6404049396514893,1.0617637634277344,,,,,0.33742570877075195,,,,,,,,0.31491804122924805,0.6004250049591064,,0.29228806495666504,,,0.2799501419067383,,,,,,,,,,,,,,,,,,,
3080,0.29999494552612305,,,,5.145671129226685,,,,0.29637622833251953,,0.6165940761566162,0.298494815826416,,,,,0.29822301864624023,,,,,,,,0.3688831329345703,0.28725504875183105,,0.3043057918548584,,,0.323671817779541,,,,,,,,,,,,,,,,,,,
3081,0.30841684341430664,,,,0.5864162445068359,,,,0.3028900623321533,,0.6000478267669678,0.31198787689208984,,,,,0.31232404708862305,,,,,,,,0.748992919921875,0.8050901889801025,,0.3146181106567383,,,0.30742979049682617,,,,,,,,,,,,,,,,,,,
3082,0.3236730098724365,,,,0.5953769683837891,,,,0.29930901527404785,,0.6108777523040771,0.2928340435028076,,,,,0.29384493827819824,,,,,,,,0.33461499214172363,0.2890810966491699,,0.3088650703430176,,,0.28004980087280273,,,,,,,,,,,,,,,,,,,
3083,0.29868221282958984,,,,0.5661697387695312,,,,0.3198361396789551,,0.3244950771331787,0.26808905601501465,,,,,0.2935450077056885,,,,,,,,0.7632441520690918,0.28656983375549316,,0.30826401710510254,,,0.29979920387268066,,,,,,,,,,,,,,,,,,,
3084,0.3132050037384033,,,,0.5291028022766113,,,,0.33300304412841797,,0.3064701557159424,0.3180828094482422,,,,,0.3337748050689697,,,,,,,,0.7559711933135986,0.29038000106811523,,0.32014989852905273,,,0.3032820224761963,,,,,,,,,,,,,,,,,,,
3085,0.311046838760376,,,,0.6095790863037109,,,,0.29935312271118164,,0.30580997467041016,0.6683270931243896,,,,,0.29677391052246094,,,,,,,,0.3705458641052246,0.3123750686645508,,0.29144906997680664,,,0.30345797538757324,,,,,,,,,,,,,,,,,,,
3086,0.29610323905944824,,,,0.5752441883087158,,,,0.30158185958862305,,0.6241531372070312,0.3100712299346924,,,,,0.3107759952545166,,,,,,,,0.34253716468811035,0.29471826553344727,,0.3121931552886963,,,0.27628302574157715,,,,,,,,,,,,,,,,,,,
3087,0.3677327632904053,,,,0.5726778507232666,,,,0.29581713676452637,,0.2897930145263672,0.2921121120452881,,,,,0.2970712184906006,,,,,,,,0.3391590118408203,0.6683239936828613,,0.30898618698120117,,,0.3051750659942627,,,,,,,,,,,,,,,,,,,
3088,0.3154120445251465,,,,0.5952951908111572,,,,0.3165879249572754,,0.3072550296783447,0.722527027130127,,,,,0.31786203384399414,,,,,,,,0.3236241340637207,2.1891298294067383,,0.31299400329589844,,,0.2810039520263672,,,,,,,,,,,,,,,,,,,
3089,0.3005869388580322,,,,0.5764808654785156,,,,0.33872199058532715,,0.6180880069732666,0.291827917098999,,,,,0.3084447383880615,,,,,,,,0.3138461112976074,0.2909660339355469,,0.31857824325561523,,,0.29614782333374023,,,,,,,,,,,,,,,,,,,
3090,0.38310909271240234,,,,0.5888671875,,,,0.3213770389556885,,0.6420331001281738,1.1271450519561768,,,,,0.2955441474914551,,,,,,,,0.34250426292419434,0.3492748737335205,,0.2915959358215332,,,0.3082921504974365,,,,,,,,,,,,,,,,,,,
3091,0.3206160068511963,,,,0.5939278602600098,,,,0.32408785820007324,,0.30391502380371094,0.34784412384033203,,,,,0.31299877166748047,,,,,,,,0.3354470729827881,0.2873101234436035,,0.31449103355407715,,,0.28662610054016113,,,,,,,,,,,,,,,,,,,
3092,0.3212311267852783,,,,1.7232608795166016,,,,0.31246113777160645,,0.3086998462677002,0.2913367748260498,,,,,0.29666566848754883,,,,,,,,0.3341691493988037,0.6223080158233643,,0.30370092391967773,,,0.2989356517791748,,,,,,,,,,,,,,,,,,,
3093,0.3100459575653076,,,,1.326261043548584,,,,0.32729411125183105,,0.2949519157409668,0.30032920837402344,,,,,0.3107321262359619,,,,,,,,0.35344505310058594,0.4409780502319336,,0.32372593879699707,,,0.28214097023010254,,,,,,,,,,,,,,,,,,,
3094,1.1633379459381104,,,,0.5690109729766846,,,,0.31826210021972656,,0.289064884185791,0.6896569728851318,,,,,0.31737709045410156,,,,,,,,0.3312251567840576,1.0760040283203125,,0.3127782344818115,,,0.2906649112701416,,,,,,,,,,,,,,,,,,,
3095,0.3111839294433594,,,,0.5967659950256348,,,,0.3185999393463135,,0.2803959846496582,0.29495882987976074,,,,,0.3191800117492676,,,,,,,,0.7500259876251221,0.6369929313659668,,0.3011476993560791,,,0.32975292205810547,,,,,,,,,,,,,,,,,,,
3096,0.30040502548217773,,,,1.0140788555145264,,,,0.31944704055786133,,0.2885398864746094,0.30991578102111816,,,,,0.28673887252807617,,,,,,,,0.32215189933776855,0.3231630325317383,,0.30112385749816895,,,0.3073580265045166,,,,,,,,,,,,,,,,,,,
3097,0.2981729507446289,,,,0.594627857208252,,,,0.31880903244018555,,0.3054540157318115,0.28021907806396484,,,,,0.28968119621276855,,,,,,,,0.3135039806365967,0.29339122772216797,,0.31193113327026367,,,0.29894518852233887,,,,,,,,,,,,,,,,,,,
3098,0.41733717918395996,,,,1.368494987487793,,,,0.32332897186279297,,0.3048989772796631,0.30201292037963867,,,,,0.3117690086364746,,,,,,,,0.3185861110687256,0.7249021530151367,,0.3058791160583496,,,0.28844785690307617,,,,,,,,,,,,,,,,,,,
3099,0.2880840301513672,,,,0.5990839004516602,,,,0.3384671211242676,,0.30504870414733887,0.2924473285675049,,,,,0.3307182788848877,,,,,,,,0.34069085121154785,0.2743098735809326,,0.30292296409606934,,,0.2866690158843994,,,,,,,,,,,,,,,,,,,
3100,0.29688596725463867,,,,1.6860733032226562,,,,0.3217611312866211,,0.3016839027404785,0.6950929164886475,,,,,0.29278993606567383,,,,,,,,0.33059000968933105,0.35393214225769043,,0.3112671375274658,,,0.3200380802154541,,,,,,,,,,,,,,,,,,,
3101,0.348128080368042,,,,3.963409900665283,,,,0.3223419189453125,,0.30893731117248535,0.30928897857666016,,,,,0.29650402069091797,,,,,,,,0.3148777484893799,0.3108353614807129,,0.2992532253265381,,,0.28637099266052246,,,,,,,,,,,,,,,,,,,
3102,0.30910801887512207,,,,4.336252927780151,,,,0.2990751266479492,,0.2984018325805664,0.2957003116607666,,,,,0.30022764205932617,,,,,,,,0.3169229030609131,0.3231232166290283,,0.3131999969482422,,,0.29165101051330566,,,,,,,,,,,,,,,,,,,
3103,0.3002598285675049,,,,1.3495221138000488,,,,0.3156580924987793,,0.308459997177124,0.3127410411834717,,,,,0.30562400817871094,,,,,,,,0.3043861389160156,0.36052918434143066,,0.31142497062683105,,,0.29659509658813477,,,,,,,,,,,,,,,,,,,
3104,0.30585598945617676,,,,1.6951370239257812,,,,0.3392219543457031,,0.31037473678588867,0.6706380844116211,,,,,0.30875301361083984,,,,,,,,0.3313589096069336,0.6603810787200928,,0.29319119453430176,,,0.30814695358276367,,,,,,,,,,,,,,,,,,,
3105,0.33510303497314453,,,,0.59415602684021,,,,0.32008981704711914,,0.30753087997436523,0.6926720142364502,,,,,0.31631016731262207,,,,,,,,0.31808924674987793,2.3145389556884766,,0.29057884216308594,,,0.32871198654174805,,,,,,,,,,,,,,,,,,,
3106,0.30878114700317383,,,,0.987515926361084,,,,0.30243396759033203,,0.6333601474761963,0.6158881187438965,,,,,0.3188900947570801,,,,,,,,0.33510684967041016,0.6733810901641846,,0.31107211112976074,,,0.30452394485473633,,,,,,,,,,,,,,,,,,,
3107,0.3102099895477295,,,,0.5870981216430664,,,,0.3209850788116455,,0.30548691749572754,0.39873194694519043,,,,,0.2990889549255371,,,,,,,,0.32185888290405273,0.3489842414855957,,0.295529842376709,,,0.27942800521850586,,,,,,,,,,,,,,,,,,,
3108,0.29628491401672363,,,,0.5573220252990723,,,,0.3250119686126709,,1.1195988655090332,0.29650402069091797,,,,,0.3127260208129883,,,,,,,,0.31920289993286133,0.3081028461456299,,0.3386518955230713,,,0.2763490676879883,,,,,,,,,,,,,,,,,,,
3109,0.3173820972442627,,,,5.621443033218384,,,,0.31633996963500977,,0.3103041648864746,0.3304617404937744,,,,,0.3167870044708252,,,,,,,,0.33778905868530273,0.32089900970458984,,0.2890942096710205,,,0.30404090881347656,,,,,,,,,,,,,,,,,,,
3110,0.31675219535827637,,,,1.6745808124542236,,,,0.3193981647491455,,0.31270718574523926,0.28418993949890137,,,,,0.3112449645996094,,,,,,,,0.33017706871032715,0.3218240737915039,,0.3142571449279785,,,0.32839512825012207,,,,,,,,,,,,,,,,,,,
3111,0.3200829029083252,,,,2.3891069889068604,,,,0.32000088691711426,,0.30483317375183105,0.33472704887390137,,,,,0.2952549457550049,,,,,,,,0.31295299530029297,0.30847883224487305,,0.29645705223083496,,,0.30319714546203613,,,,,,,,,,,,,,,,,,,
3112,0.32076120376586914,,,,1.3207881450653076,,,,0.32033681869506836,,0.31167101860046387,0.6467189788818359,,,,,0.322037935256958,,,,,,,,0.34166884422302246,0.32987308502197266,,0.2950172424316406,,,0.3092958927154541,,,,,,,,,,,,,,,,,,,
3113,0.2963221073150635,,,,1.737658977508545,,,,0.32505083084106445,,0.3073079586029053,0.6101417541503906,,,,,0.3191232681274414,,,,,,,,0.7632520198822021,0.3130021095275879,,0.3328361511230469,,,0.30564093589782715,,,,,,,,,,,,,,,,,,,
3114,0.3216578960418701,,,,2.5182621479034424,,,,0.33510494232177734,,0.6540741920471191,0.3132030963897705,,,,,0.33791112899780273,,,,,,,,0.3332648277282715,0.27626705169677734,,0.2944681644439697,,,0.31020021438598633,,,,,,,,,,,,,,,,,,,
3115,0.2984890937805176,,,,2.075806140899658,,,,0.32300329208374023,,0.29210662841796875,0.29850077629089355,,,,,0.2987968921661377,,,,,,,,0.3311347961425781,0.35475993156433105,,0.31669020652770996,,,0.3184928894042969,,,,,,,,,,,,,,,,,,,
3116,0.32556700706481934,,,,0.5778589248657227,,,,0.2957150936126709,,0.32644009590148926,0.29369020462036133,,,,,0.3057889938354492,,,,,,,,0.33344221115112305,0.31371617317199707,,0.29457831382751465,,,0.28368210792541504,,,,,,,,,,,,,,,,,,,
3117,1.097726821899414,,,,1.2751150131225586,,,,0.3217751979827881,,0.2959897518157959,0.7252748012542725,,,,,0.3072519302368164,,,,,,,,0.31342411041259766,0.3315420150756836,,0.31319332122802734,,,0.28269481658935547,,,,,,,,,,,,,,,,,,,
3118,0.3243591785430908,,,,1.3824200630187988,,,,0.32150888442993164,,0.30753517150878906,0.276259183883667,,,,,0.2926628589630127,,,,,,,,0.31786203384399414,0.3552548885345459,,0.3437039852142334,,,0.30047106742858887,,,,,,,,,,,,,,,,,,,
3119,0.6772627830505371,,,,1.7409472465515137,,,,0.34186291694641113,,0.32556986808776855,0.3012559413909912,,,,,0.32116198539733887,,,,,,,,0.3306701183319092,0.27133989334106445,,0.31969714164733887,,,0.3073921203613281,,,,,,,,,,,,,,,,,,,
3120,0.3181750774383545,,,,3.0363340377807617,,,,0.3227360248565674,,0.28368163108825684,0.26877808570861816,,,,,0.3146507740020752,,,,,,,,0.31813883781433105,0.31206488609313965,,0.29178810119628906,,,0.3215780258178711,,,,,,,,,,,,,,,,,,,
3121,0.6349849700927734,,,,0.5356578826904297,,,,0.30785202980041504,,1.0334720611572266,1.1134960651397705,,,,,0.31754302978515625,,,,,,,,0.3395218849182129,0.3520541191101074,,0.2953178882598877,,,0.28372907638549805,,,,,,,,,,,,,,,,,,,
3122,0.3404879570007324,,,,2.0726640224456787,,,,0.310744047164917,,0.30980992317199707,0.2968330383300781,,,,,0.2979269027709961,,,,,,,,0.33536314964294434,0.3188049793243408,,0.3160440921783447,,,0.2884700298309326,,,,,,,,,,,,,,,,,,,
3123,1.2472519874572754,,,,3.668818950653076,,,,0.30022692680358887,,0.6287457942962646,0.29719090461730957,,,,,0.31351304054260254,,,,,,,,0.7599928379058838,0.3125579357147217,,0.3375427722930908,,,0.279404878616333,,,,,,,,,,,,,,,,,,,
3124,0.31938695907592773,,,,4.030019044876099,,,,0.3410911560058594,,0.31549072265625,0.7183852195739746,,,,,0.339339017868042,,,,,,,,0.3272359371185303,0.306060791015625,,0.2993888854980469,,,0.29732298851013184,,,,,,,,,,,,,,,,,,,
3125,1.4729747772216797,,,,1.3719239234924316,,,,0.32326292991638184,,0.31319403648376465,0.2964029312133789,,,,,0.2971189022064209,,,,,,,,0.34055280685424805,0.31652092933654785,,0.3008711338043213,,,0.3088397979736328,,,,,,,,,,,,,,,,,,,
3126,0.3188469409942627,,,,0.9980542659759521,,,,0.3159768581390381,,0.29020071029663086,0.6821937561035156,,,,,0.29565906524658203,,,,,,,,0.3081240653991699,0.3027470111846924,,0.31705498695373535,,,0.2839620113372803,,,,,,,,,,,,,,,,,,,
3127,1.2239577770233154,,,,0.6136782169342041,,,,0.3222668170928955,,0.3336198329925537,0.2833230495452881,,,,,0.2990548610687256,,,,,,,,0.33351922035217285,0.30899500846862793,,0.2944941520690918,,,0.30290818214416504,,,,,,,,,,,,,,,,,,,
3128,0.6935360431671143,,,,0.567774772644043,,,,0.29706716537475586,,0.6014759540557861,0.6160550117492676,,,,,0.3202948570251465,,,,,,,,0.7007899284362793,0.26753997802734375,,0.3334341049194336,,,0.2965538501739502,,,,,,,,,,,,,,,,,,,
3129,0.31954407691955566,,,,1.3459692001342773,,,,0.3481440544128418,,0.2933309078216553,0.7134969234466553,,,,,0.3361232280731201,,,,,,,,0.31690001487731934,0.31951308250427246,,0.3054342269897461,,,0.28967714309692383,,,,,,,,,,,,,,,,,,,
3130,1.05088210105896,,,,5.096724033355713,,,,0.32151031494140625,,0.33706188201904297,0.7175829410552979,,,,,0.29483699798583984,,,,,,,,0.34412384033203125,0.30931615829467773,,0.3004188537597656,,,0.30703186988830566,,,,,,,,,,,,,,,,,,,
3131,0.32437682151794434,,,,1.2810251712799072,,,,0.2973179817199707,,0.2949330806732178,0.2791938781738281,,,,,0.31491923332214355,,,,,,,,0.7498829364776611,0.3172750473022461,,0.314924955368042,,,0.2888331413269043,,,,,,,,,,,,,,,,,,,
3132,0.319965124130249,,,,1.3612580299377441,,,,0.3169841766357422,,0.31114697456359863,0.6876077651977539,,,,,0.29387712478637695,,,,,,,,0.3315858840942383,0.3139040470123291,,0.30866312980651855,,,0.3039970397949219,,,,,,,,,,,,,,,,,,,
3133,0.3443946838378906,,,,2.0701799392700195,,,,0.32167696952819824,,0.6242890357971191,0.2961280345916748,,,,,0.29613304138183594,,,,,,,,1.1877119541168213,0.2904520034790039,,0.3305959701538086,,,0.2823491096496582,,,,,,,,,,,,,,,,,,,
3134,0.31141209602355957,,,,1.3339042663574219,,,,0.33713412284851074,,0.334212064743042,0.6625039577484131,,,,,0.3299858570098877,,,,,,,,0.3216259479522705,0.3063030242919922,,0.30399608612060547,,,0.2992551326751709,,,,,,,,,,,,,,,,,,,
3135,1.1615321636199951,,,,1.3534650802612305,,,,0.2996821403503418,,0.6003940105438232,0.27075719833374023,,,,,0.3031747341156006,,,,,,,,0.3321230411529541,1.1512298583984375,,0.297666072845459,,,0.3261129856109619,,,,,,,,,,,,,,,,,,,
3136,0.31225013732910156,,,,1.3507850170135498,,,,0.31371402740478516,,0.3108398914337158,0.3150780200958252,,,,,0.29883313179016113,,,,,,,,0.7447569370269775,1.1506991386413574,,0.32105588912963867,,,0.30768299102783203,,,,,,,,,,,,,,,,,,,
3137,0.3138599395751953,,,,1.3020129203796387,,,,0.3188331127166748,,0.30787110328674316,0.29354190826416016,,,,,0.3119959831237793,,,,,,,,0.3077988624572754,0.3100857734680176,,0.29873085021972656,,,0.28200507164001465,,,,,,,,,,,,,,,,,,,
3138,0.3235759735107422,,,,0.31246304512023926,,,,0.2977631092071533,,0.3242769241333008,0.33863210678100586,,,,,0.2963709831237793,,,,,,,,0.3321688175201416,2.294424057006836,,0.32563185691833496,,,0.28391003608703613,,,,,,,,,,,,,,,,,,,
3139,0.7413890361785889,,,,5.817117214202881,,,,0.34081196784973145,,0.32756805419921875,0.2935657501220703,,,,,0.32796573638916016,,,,,,,,0.3307368755340576,0.2826828956604004,,0.30178308486938477,,,0.28992199897766113,,,,,,,,,,,,,,,,,,,
3140,0.317720890045166,,,,0.9769659042358398,,,,0.32033205032348633,,0.29978227615356445,0.32355523109436035,,,,,0.30262088775634766,,,,,,,,0.3587939739227295,0.284700870513916,,0.3135569095611572,,,0.3036317825317383,,,,,,,,,,,,,,,,,,,
3141,0.2953939437866211,,,,1.6732392311096191,,,,0.31975412368774414,,0.31089019775390625,0.5146896839141846,,,,,0.30156731605529785,,,,,,,,0.3388218879699707,3.1345958709716797,,0.32156968116760254,,,0.30112195014953613,,,,,,,,,,,,,,,,,,,
3142,1.1983299255371094,,,,3.4478118419647217,,,,0.31943774223327637,,0.3032541275024414,0.6457982063293457,,,,,0.2938261032104492,,,,,,,,0.7255711555480957,0.5161070823669434,,0.29593491554260254,,,0.30997204780578613,,,,,,,,,,,,,,,,,,,
3143,0.31391477584838867,,,,1.3140742778778076,,,,0.3219151496887207,,0.30054402351379395,0.645061731338501,,,,,0.309877872467041,,,,,,,,0.322833776473999,0.6395161151885986,,0.3408360481262207,,,0.2944779396057129,,,,,,,,,,,,,,,,,,,
3144,0.6854116916656494,,,,2.0291390419006348,,,,0.3397078514099121,,0.31135988235473633,0.2809779644012451,,,,,0.32718396186828613,,,,,,,,0.311629056930542,0.6614599227905273,,0.3176422119140625,,,0.2943859100341797,,,,,,,,,,,,,,,,,,,
3145,0.7022609710693359,,,,1.328446388244629,,,,0.32074522972106934,,0.7109720706939697,0.6437251567840576,,,,,0.2975611686706543,,,,,,,,0.33818602561950684,1.4571011066436768,,0.29443883895874023,,,0.2999589443206787,,,,,,,,,,,,,,,,,,,
3146,0.3227059841156006,,,,0.5819182395935059,,,,0.2966470718383789,,0.602755069732666,0.6703009605407715,,,,,0.3144497871398926,,,,,,,,0.7539699077606201,1.4436779022216797,,0.31284666061401367,,,0.28629302978515625,,,,,,,,,,,,,,,,,,,
3147,1.1756682395935059,,,,9.007053136825562,,,,0.32402706146240234,,0.32997894287109375,0.6729569435119629,,,,,0.29305505752563477,,,,,,,,0.721668004989624,0.682603120803833,,0.297407865524292,,,0.2973036766052246,,,,,,,,,,,,,,,,,,,
3148,0.3141610622406006,,,,4.0190300941467285,,,,0.31409120559692383,,0.696134090423584,0.6469931602478027,,,,,0.29523587226867676,,,,,,,,0.7259690761566162,0.29671192169189453,,0.3291592597961426,,,0.3065929412841797,,,,,,,,,,,,,,,,,,,
3149,0.3028528690338135,,,,11.273504972457886,,,,0.3446991443634033,,0.6079940795898438,0.6886982917785645,,,,,0.33391380310058594,,,,,,,,0.7218658924102783,0.6305210590362549,,0.29602479934692383,,,0.2859368324279785,,,,,,,,,,,,,,,,,,,
3150,0.29818201065063477,,,,1.3082809448242188,,,,0.31952595710754395,,0.2836270332336426,0.6690409183502197,,,,,0.2954261302947998,,,,,,,,0.6849489212036133,0.2956399917602539,,0.30137014389038086,,,0.3032240867614746,,,,,,,,,,,,,,,,,,,
3151,0.3157072067260742,,,,0.5797090530395508,,,,0.32146358489990234,,0.2885439395904541,0.6515889167785645,,,,,0.30585598945617676,,,,,,,,0.7136597633361816,0.3306739330291748,,0.3074207305908203,,,0.30428433418273926,,,,,,,,,,,,,,,,,,,
3152,0.333341121673584,,,,0.5734388828277588,,,,0.3166310787200928,,0.31236720085144043,0.6493339538574219,,,,,0.31601572036743164,,,,,,,,0.7211928367614746,0.2989659309387207,,0.29497194290161133,,,0.2806737422943115,,,,,,,,,,,,,,,,,,,
3153,0.28563928604125977,,,,1.4180388450622559,,,,0.29610300064086914,,0.283674955368042,0.6744589805603027,,,,,0.3111579418182373,,,,,,,,0.7186360359191895,0.28737401962280273,,0.3390231132507324,,,0.298037052154541,,,,,,,,,,,,,,,,,,,
3154,0.31322693824768066,,,,1.3513178825378418,,,,0.34122586250305176,,0.30391502380371094,0.6709201335906982,,,,,0.3205230236053467,,,,,,,,0.7247049808502197,0.31353020668029785,,0.31554508209228516,,,0.28563499450683594,,,,,,,,,,,,,,,,,,,
3155,0.8426008224487305,,,,1.0912139415740967,,,,0.29955291748046875,,0.35443711280822754,0.3197591304779053,,,,,0.29703593254089355,,,,,,,,0.7244689464569092,0.29698681831359863,,0.3030970096588135,,,0.31218624114990234,,,,,,,,,,,,,,,,,,,
3156,0.31395983695983887,,,,2.113294839859009,,,,0.3005092144012451,,0.5989723205566406,0.2922208309173584,,,,,0.3022918701171875,,,,,,,,0.732954740524292,0.6524219512939453,,0.2908189296722412,,,0.2984001636505127,,,,,,,,,,,,,,,,,,,
3157,1.1735880374908447,,,,1.052649974822998,,,,0.31803393363952637,,0.29271507263183594,0.29007697105407715,,,,,0.31279611587524414,,,,,,,,0.763556957244873,0.31293582916259766,,0.2993459701538086,,,0.30455970764160156,,,,,,,,,,,,,,,,,,,
3158,0.3176450729370117,,,,0.5764329433441162,,,,0.3066411018371582,,0.30391693115234375,0.2852778434753418,,,,,0.2987368106842041,,,,,,,,0.7281429767608643,2.2576839923858643,,0.3227999210357666,,,0.2850806713104248,,,,,,,,,,,,,,,,,,,
3159,0.3086581230163574,,,,2.84120512008667,,,,0.32829999923706055,,0.33560800552368164,0.3117179870605469,,,,,0.3279731273651123,,,,,,,,0.7243399620056152,0.679311990737915,,0.3078908920288086,,,0.2963709831237793,,,,,,,,,,,,,,,,,,,
3160,0.3135559558868408,,,,1.3192849159240723,,,,0.29968905448913574,,0.2998158931732178,0.282606840133667,,,,,0.32647109031677246,,,,,,,,0.7495920658111572,0.3275578022003174,,0.29459595680236816,,,0.29608702659606934,,,,,,,,,,,,,,,,,,,
3161,0.29605698585510254,,,,1.3383100032806396,,,,0.30358195304870605,,0.32175517082214355,0.3121669292449951,,,,,0.3107411861419678,,,,,,,,0.7494840621948242,0.3131098747253418,,0.31453490257263184,,,0.2806260585784912,,,,,,,,,,,,,,,,,,,
3162,0.3263280391693115,,,,4.751288890838623,,,,0.3232300281524658,,0.28784704208374023,0.2935190200805664,,,,,0.30898308753967285,,,,,,,,0.2978208065032959,0.3508131504058838,,0.32208681106567383,,,0.3059558868408203,,,,,,,,,,,,,,,,,,,
3163,0.31757688522338867,,,,2.413299083709717,,,,0.31812191009521484,,0.27957701683044434,0.6512150764465332,,,,,0.2932138442993164,,,,,,,,1.235530138015747,0.661189079284668,,0.31699705123901367,,,0.3023951053619385,,,,,,,,,,,,,,,,,,,
3164,0.5551040172576904,,,,1.3363549709320068,,,,0.34157729148864746,,0.3068077564239502,0.6674368381500244,,,,,0.34108519554138184,,,,,,,,0.7125799655914307,0.6694729328155518,,0.29134202003479004,,,0.30859804153442383,,,,,,,,,,,,,,,,,,,
3165,0.2922189235687256,,,,1.838982105255127,,,,0.32367396354675293,,0.3265249729156494,0.6722619533538818,,,,,0.29880499839782715,,,,,,,,0.698228120803833,0.6398308277130127,,0.3168797492980957,,,0.299436092376709,,,,,,,,,,,,,,,,,,,
3166,0.3157529830932617,,,,1.331592082977295,,,,0.31035590171813965,,0.285175085067749,0.632098913192749,,,,,0.3041808605194092,,,,,,,,0.8648021221160889,0.6805567741394043,,0.31688714027404785,,,0.3005540370941162,,,,,,,,,,,,,,,,,,,
3167,0.3119392395019531,,,,0.41098594665527344,,,,0.3049752712249756,,0.3159470558166504,0.665626049041748,,,,,0.313723087310791,,,,,,,,0.7046799659729004,0.63926100730896,,0.2962639331817627,,,0.2820870876312256,,,,,,,,,,,,,,,,,,,
3168,0.30106687545776367,,,,0.5958659648895264,,,,0.2978639602661133,,0.28844499588012695,0.6913700103759766,,,,,0.2950582504272461,,,,,,,,0.7427432537078857,0.8511490821838379,,0.3306920528411865,,,0.30812692642211914,,,,,,,,,,,,,,,,,,,
3169,0.30182695388793945,,,,1.2828032970428467,,,,0.3493471145629883,,1.1377480030059814,0.6690239906311035,,,,,0.3242199420928955,,,,,,,,0.7307031154632568,0.6403379440307617,,0.29935407638549805,,,0.30591297149658203,,,,,,,,,,,,,,,,,,,
3170,1.126835823059082,,,,0.6420600414276123,,,,0.31651902198791504,,0.3124690055847168,0.6511056423187256,,,,,0.2902531623840332,,,,,,,,0.7297930717468262,0.6462180614471436,,0.3146030902862549,,,0.3270590305328369,,,,,,,,,,,,,,,,,,,
3171,0.3097689151763916,,,,3.01322603225708,,,,0.327545166015625,,0.31426215171813965,0.6965658664703369,,,,,0.3143439292907715,,,,,,,,0.7353079319000244,0.7186918258666992,,0.2918839454650879,,,0.30348896980285645,,,,,,,,,,,,,,,,,,,
3172,0.3371410369873047,,,,4.4015161991119385,,,,0.31165075302124023,,0.3078269958496094,0.6598639488220215,,,,,0.2938868999481201,,,,,,,,0.7294068336486816,0.6267061233520508,,0.29693603515625,,,0.2822260856628418,,,,,,,,,,,,,,,,,,,
3173,0.29978394508361816,,,,0.5710840225219727,,,,0.3257572650909424,,0.31215906143188477,0.6799747943878174,,,,,0.3183760643005371,,,,,,,,0.7351338863372803,0.29204320907592773,,0.32572412490844727,,,0.29143595695495605,,,,,,,,,,,,,,,,,,,
3174,0.3025689125061035,,,,0.9607141017913818,,,,0.33242201805114746,,0.5973367691040039,0.3357701301574707,,,,,0.33807992935180664,,,,,,,,0.7606420516967773,0.3043339252471924,,0.30907297134399414,,,0.28214287757873535,,,,,,,,,,,,,,,,,,,
3175,0.6391072273254395,,,,0.5680010318756104,,,,0.299973726272583,,0.292011022567749,0.3403961658477783,,,,,0.29884910583496094,,,,,,,,1.2357029914855957,0.6853640079498291,,0.31097984313964844,,,0.3061213493347168,,,,,,,,,,,,,,,,,,,
3176,0.3339109420776367,,,,1.3737032413482666,,,,0.32923197746276855,,0.28502392768859863,0.3414909839630127,,,,,0.31090211868286133,,,,,,,,1.218358039855957,0.3261129856109619,,0.3148481845855713,,,0.2984330654144287,,,,,,,,,,,,,,,,,,,
3177,0.2966468334197998,,,,1.3537969589233398,,,,0.30783700942993164,,0.3091597557067871,0.36066102981567383,,,,,0.2940988540649414,,,,,,,,1.19541597366333,0.6161370277404785,,0.30286693572998047,,,0.30469298362731934,,,,,,,,,,,,,,,,,,,
3178,0.31680798530578613,,,,1.5454890727996826,,,,0.3056221008300781,,0.31018900871276855,0.6653900146484375,,,,,0.2942473888397217,,,,,,,,0.7564888000488281,0.32769322395324707,,0.3201608657836914,,,0.28300905227661133,,,,,,,,,,,,,,,,,,,
3179,0.3186008930206299,,,,1.0233030319213867,,,,0.34780311584472656,,0.32323718070983887,0.7173318862915039,,,,,0.33568716049194336,,,,,,,,0.6994290351867676,0.6069471836090088,,0.2910120487213135,,,0.2983541488647461,,,,,,,,,,,,,,,,,,,
3180,1.111496925354004,,,,11.114518165588379,,,,0.3141450881958008,,0.328139066696167,0.666172981262207,,,,,0.2959718704223633,,,,,,,,1.183912754058838,0.3349580764770508,,0.31882786750793457,,,0.303145170211792,,,,,,,,,,,,,,,,,,,
3181,0.3195631504058838,,,,1.7469241619110107,,,,0.32851219177246094,,0.32560205459594727,0.6935429573059082,,,,,0.313446044921875,,,,,,,,1.6592960357666016,0.3385457992553711,,0.3159151077270508,,,0.2979140281677246,,,,,,,,,,,,,,,,,,,
3182,0.30990171432495117,,,,0.5598487854003906,,,,0.30122995376586914,,0.300922155380249,0.7054188251495361,,,,,0.3172311782836914,,,,,,,,1.2259268760681152,0.31455111503601074,,0.2955207824707031,,,0.2747969627380371,,,,,,,,,,,,,,,,,,,
3183,0.32616209983825684,,,,1.0014801025390625,,,,0.30756402015686035,,0.305682897567749,0.6828098297119141,,,,,0.3031930923461914,,,,,,,,2.1438801288604736,0.33437204360961914,,0.33429908752441406,,,0.2860281467437744,,,,,,,,,,,,,,,,,,,
3184,0.2932748794555664,,,,11.367318153381348,,,,0.3252427577972412,,0.3099391460418701,0.7093038558959961,,,,,0.3205900192260742,,,,,,,,0.30599498748779297,0.3549051284790039,,0.29639506340026855,,,0.2987940311431885,,,,,,,,,,,,,,,,,,,
3185,1.1644299030303955,,,,3.514965057373047,,,,0.32871294021606445,,0.59647536277771,0.6627428531646729,,,,,0.29120802879333496,,,,,,,,0.7186059951782227,0.6599938869476318,,0.3140678405761719,,,0.3292388916015625,,,,,,,,,,,,,,,,,,,
3186,1.123331069946289,,,,0.5963530540466309,,,,0.3238399028778076,,0.31494927406311035,0.69464111328125,,,,,0.31618213653564453,,,,,,,,1.2200560569763184,0.3392200469970703,,0.29260706901550293,,,0.27817702293395996,,,,,,,,,,,,,,,,,,,
3187,1.1371400356292725,,,,1.3168048858642578,,,,0.3075690269470215,,0.32494378089904785,0.6598770618438721,,,,,0.2968120574951172,,,,,,,,0.7355961799621582,0.6166880130767822,,0.32178211212158203,,,0.29122400283813477,,,,,,,,,,,,,,,,,,,
3188,1.1437480449676514,,,,3.2324368953704834,,,,0.3011898994445801,,0.32180023193359375,0.6536848545074463,,,,,0.30716896057128906,,,,,,,,0.6991949081420898,0.3141160011291504,,0.31652402877807617,,,0.3000600337982178,,,,,,,,,,,,,,,,,,,
3189,0.303692102432251,,,,0.5557577610015869,,,,0.32397007942199707,,0.2845907211303711,0.6683211326599121,,,,,0.32059693336486816,,,,,,,,0.7114977836608887,0.3074970245361328,,0.3079369068145752,,,0.2797822952270508,,,,,,,,,,,,,,,,,,,
3190,0.3198130130767822,,,,8.712313890457153,,,,0.2993769645690918,,0.31070518493652344,0.6741902828216553,,,,,0.31202197074890137,,,,,,,,0.7082021236419678,0.4400477409362793,,0.2982168197631836,,,0.3224468231201172,,,,,,,,,,,,,,,,,,,
3191,0.3126871585845947,,,,1.0278730392456055,,,,0.30666589736938477,,1.827505111694336,0.6799981594085693,,,,,0.2967038154602051,,,,,,,,0.7137448787689209,0.6501591205596924,,0.3063778877258301,,,0.2819669246673584,,,,,,,,,,,,,,,,,,,
3192,0.2931709289550781,,,,7.0203399658203125,,,,0.30271005630493164,,0.30521297454833984,0.6529278755187988,,,,,0.2958071231842041,,,,,,,,0.29421377182006836,0.6648728847503662,,0.3136940002441406,,,0.295989990234375,,,,,,,,,,,,,,,,,,,
3193,1.1264359951019287,,,,3.571275234222412,,,,0.3273279666900635,,0.29537510871887207,0.3392508029937744,,,,,0.3100707530975342,,,,,,,,1.1959950923919678,0.3101308345794678,,0.3157188892364502,,,0.2845730781555176,,,,,,,,,,,,,,,,,,,
3194,0.3227508068084717,,,,3.934178113937378,,,,0.34345293045043945,,0.3133409023284912,0.6823809146881104,,,,,0.3158540725708008,,,,,,,,1.2033298015594482,0.6178798675537109,,0.3032257556915283,,,0.30135512351989746,,,,,,,,,,,,,,,,,,,
3195,0.29615068435668945,,,,1.4046947956085205,,,,0.31270575523376465,,1.7098350524902344,0.3860130310058594,,,,,0.31892824172973633,,,,,,,,0.40236592292785645,0.8083748817443848,,0.31414008140563965,,,0.32499122619628906,,,,,,,,,,,,,,,,,,,
3196,0.3078298568725586,,,,0.5780248641967773,,,,0.3267250061035156,,0.6339569091796875,0.31859683990478516,,,,,0.3156743049621582,,,,,,,,0.3141319751739502,0.2860758304595947,,0.30124425888061523,,,0.2829420566558838,,,,,,,,,,,,,,,,,,,
3197,0.2991011142730713,,,,1.6783268451690674,,,,0.30295395851135254,,0.6580209732055664,0.7469298839569092,,,,,0.3001430034637451,,,,,,,,0.7123160362243652,0.6223840713500977,,0.3108961582183838,,,0.2769441604614258,,,,,,,,,,,,,,,,,,,
3198,0.31412386894226074,,,,0.5889496803283691,,,,0.31366610527038574,,0.28746485710144043,0.35953187942504883,,,,,0.29944777488708496,,,,,,,,0.291337251663208,0.38532519340515137,,0.31836605072021484,,,0.2978549003601074,,,,,,,,,,,,,,,,,,,
3199,0.3166332244873047,,,,6.148612976074219,,,,0.345322847366333,,0.2973031997680664,0.3682749271392822,,,,,0.33450794219970703,,,,,,,,1.6986689567565918,0.3695540428161621,,0.31076478958129883,,,0.28124094009399414,,,,,,,,,,,,,,,,,,,
3200,0.6978402137756348,,,,0.5920021533966064,,,,0.3180727958679199,,0.2811250686645508,0.6594829559326172,,,,,0.2927989959716797,,,,,,,,0.6898508071899414,0.6496889591217041,,0.29706811904907227,,,0.3187272548675537,,,,,,,,,,,,,,,,,,,
3201,0.3196380138397217,,,,1.3134610652923584,,,,0.3157169818878174,,0.30721402168273926,0.35858774185180664,,,,,0.3265869617462158,,,,,,,,0.29872584342956543,0.323253870010376,,0.29902100563049316,,,0.2907390594482422,,,,,,,,,,,,,,,,,,,
3202,1.1880390644073486,,,,0.5935659408569336,,,,0.31574583053588867,,0.5277259349822998,0.7541441917419434,,,,,0.3190751075744629,,,,,,,,0.7320640087127686,0.586533784866333,,0.3033478260040283,,,0.28058791160583496,,,,,,,,,,,,,,,,,,,
3203,0.31887102127075195,,,,3.532257080078125,,,,0.325206995010376,,0.3181729316711426,0.30132198333740234,,,,,0.3223428726196289,,,,,,,,0.3165280818939209,0.3080778121948242,,0.32944297790527344,,,0.3023810386657715,,,,,,,,,,,,,,,,,,,
3204,1.152061939239502,,,,0.7523462772369385,,,,0.3436009883880615,,0.31108593940734863,0.29885292053222656,,,,,0.33864378929138184,,,,,,,,0.6776771545410156,0.3152902126312256,,0.2919600009918213,,,0.27773427963256836,,,,,,,,,,,,,,,,,,,
3205,0.5515658855438232,,,,4.347192049026489,,,,0.2984890937805176,,0.30767083168029785,0.37865400314331055,,,,,0.32226014137268066,,,,,,,,0.4649500846862793,0.6039528846740723,,0.3208200931549072,,,0.3082900047302246,,,,,,,,,,,,,,,,,,,
3206,0.32155418395996094,,,,0.5551760196685791,,,,0.3196449279785156,,0.2821800708770752,1.0350677967071533,,,,,0.3185601234436035,,,,,,,,0.7491841316223145,0.3120841979980469,,0.31351804733276367,,,0.28457093238830566,,,,,,,,,,,,,,,,,,,
3207,0.6782310009002686,,,,5.006119012832642,,,,0.31627488136291504,,0.29065680503845215,0.2944612503051758,,,,,0.2934849262237549,,,,,,,,0.298814058303833,0.5987801551818848,,0.3065059185028076,,,0.29793405532836914,,,,,,,,,,,,,,,,,,,
3208,0.7006783485412598,,,,6.4066712856292725,,,,0.3243551254272461,,0.3134739398956299,0.3429257869720459,,,,,0.2933042049407959,,,,,,,,1.2263848781585693,0.2980921268463135,,0.3175652027130127,,,0.3095681667327881,,,,,,,,,,,,,,,,,,,
3209,0.31949710845947266,,,,0.5840950012207031,,,,0.3400390148162842,,0.31015610694885254,0.3634188175201416,,,,,0.33432912826538086,,,,,,,,0.7133638858795166,0.3675408363342285,,0.29412198066711426,,,0.2953011989593506,,,,,,,,,,,,,,,,,,,
3210,0.29978132247924805,,,,0.594200849533081,,,,0.3204360008239746,,0.28984808921813965,0.3222172260284424,,,,,0.30887293815612793,,,,,,,,0.7100670337677002,0.6473889350891113,,0.3171536922454834,,,0.3176109790802002,,,,,,,,,,,,,,,,,,,
3211,0.2999248504638672,,,,0.5857279300689697,,,,0.3169560432434082,,0.3266761302947998,0.34223103523254395,,,,,0.31401610374450684,,,,,,,,0.7396728992462158,0.31059885025024414,,0.3179597854614258,,,0.27751803398132324,,,,,,,,,,,,,,,,,,,
3212,0.30890798568725586,,,,1.0530591011047363,,,,0.2982487678527832,,0.29374122619628906,0.36281609535217285,,,,,0.30402302742004395,,,,,,,,0.7085368633270264,0.6377429962158203,,0.3218817710876465,,,0.2864871025085449,,,,,,,,,,,,,,,,,,,
3213,0.31729912757873535,,,,1.2908530235290527,,,,0.32318592071533203,,0.3117702007293701,0.29575395584106445,,,,,0.31226587295532227,,,,,,,,0.3212168216705322,1.459599256515503,,0.33635807037353516,,,0.2970120906829834,,,,,,,,,,,,,,,,,,,
3214,0.7019951343536377,,,,9.438883066177368,,,,0.34159016609191895,,0.7131750583648682,0.365922212600708,,,,,0.3176760673522949,,,,,,,,0.684877872467041,0.6475520133972168,,0.2976412773132324,,,0.30604100227355957,,,,,,,,,,,,,,,,,,,
3215,0.3081531524658203,,,,2.0636439323425293,,,,0.318737268447876,,0.3081369400024414,0.3552978038787842,,,,,0.31244587898254395,,,,,,,,0.6844611167907715,0.6196002960205078,,0.2986440658569336,,,0.3321988582611084,,,,,,,,,,,,,,,,,,,
3216,0.30203676223754883,,,,3.969794988632202,,,,0.32331299781799316,,0.30310773849487305,0.4026219844818115,,,,,0.2962040901184082,,,,,,,,0.3141932487487793,0.330035924911499,,0.29886388778686523,,,0.30258893966674805,,,,,,,,,,,,,,,,,,,
3217,0.6800298690795898,,,,1.3857369422912598,,,,0.3140411376953125,,0.301239013671875,0.30583882331848145,,,,,0.31650614738464355,,,,,,,,0.5800371170043945,0.626903772354126,,0.31781601905822754,,,0.30777597427368164,,,,,,,,,,,,,,,,,,,
3218,1.130903959274292,,,,3.6705029010772705,,,,0.32646989822387695,,0.31119608879089355,0.30925607681274414,,,,,0.3187720775604248,,,,,,,,1.2346770763397217,0.3114359378814697,,0.34569478034973145,,,0.2807140350341797,,,,,,,,,,,,,,,,,,,
3219,0.3173201084136963,,,,1.3421919345855713,,,,0.3219289779663086,,0.32555079460144043,0.3551981449127197,,,,,0.3426179885864258,,,,,,,,0.6403639316558838,0.29390406608581543,,0.350985050201416,,,0.29144763946533203,,,,,,,,,,,,,,,,,,,
3220,0.34084606170654297,,,,0.5715122222900391,,,,0.30267333984375,,0.30633997917175293,0.31763505935668945,,,,,0.2943539619445801,,,,,,,,0.28858208656311035,0.28809499740600586,,0.3678107261657715,,,0.3219728469848633,,,,,,,,,,,,,,,,,,,
3221,0.316864013671875,,,,0.5927770137786865,,,,0.31127023696899414,,0.2962760925292969,0.3974180221557617,,,,,0.29236721992492676,,,,,,,,0.7033567428588867,0.3098320960998535,,0.35471391677856445,,,0.28528594970703125,,,,,,,,,,,,,,,,,,,
3222,0.32128214836120605,,,,5.4622251987457275,,,,0.32202792167663574,,0.3078758716583252,0.38396286964416504,,,,,0.3010251522064209,,,,,,,,0.6166548728942871,0.7073009014129639,,0.3656339645385742,,,0.2913789749145508,,,,,,,,,,,,,,,,,,,
3223,0.2936708927154541,,,,0.5903873443603516,,,,0.32279396057128906,,0.31810498237609863,0.7480978965759277,,,,,0.29408788681030273,,,,,,,,1.228212833404541,0.2843132019042969,,0.36017799377441406,,,0.2878601551055908,,,,,,,,,,,,,,,,,,,
3224,0.6845788955688477,,,,3.236488103866577,,,,0.3360147476196289,,0.3039827346801758,0.3953218460083008,,,,,0.3364260196685791,,,,,,,,0.3124721050262451,0.32553887367248535,,0.3650329113006592,,,0.2903878688812256,,,,,,,,,,,,,,,,,,,
3225,0.3200960159301758,,,,4.689266920089722,,,,0.32557225227355957,,0.3061039447784424,0.3432612419128418,,,,,0.29349493980407715,,,,,,,,1.1872897148132324,0.6150979995727539,,0.35373425483703613,,,0.31491518020629883,,,,,,,,,,,,,,,,,,,
3226,0.3174870014190674,,,,4.291522979736328,,,,0.32227516174316406,,0.5926849842071533,0.3173511028289795,,,,,0.31450700759887695,,,,,,,,1.2152612209320068,0.3119978904724121,,0.3707129955291748,,,0.2806570529937744,,,,,,,,,,,,,,,,,,,
3227,0.3242621421813965,,,,13.327646970748901,,,,0.29781579971313477,,0.31081175804138184,0.36309075355529785,,,,,0.32158613204956055,,,,,,,,2.1646618843078613,0.6256380081176758,,0.36345481872558594,,,0.3080787658691406,,,,,,,,,,,,,,,,,,,
3228,0.3262488842010498,,,,0.9977543354034424,,,,0.3112068176269531,,0.5610496997833252,0.34943389892578125,,,,,0.2949080467224121,,,,,,,,0.7091600894927979,0.6391541957855225,,0.38612890243530273,,,0.3105008602142334,,,,,,,,,,,,,,,,,,,
3229,0.5676321983337402,,,,6.163093090057373,,,,0.34845495223999023,,0.30850911140441895,0.38701796531677246,,,,,0.31250619888305664,,,,,,,,0.3207721710205078,0.2853739261627197,,0.33394932746887207,,,0.3030369281768799,,,,,,,,,,,,,,,,,,,
3230,0.7287952899932861,,,,0.6227152347564697,,,,0.3120698928833008,,0.30540966987609863,0.7141578197479248,,,,,0.3189830780029297,,,,,,,,0.7111470699310303,0.6626620292663574,,0.2968740463256836,,,0.2992701530456543,,,,,,,,,,,,,,,,,,,
3231,0.3198368549346924,,,,1.7477340698242188,,,,0.30258607864379883,,0.621910810470581,0.39250731468200684,,,,,0.3161430358886719,,,,,,,,0.3397219181060791,0.6485271453857422,,0.30844688415527344,,,0.30074286460876465,,,,,,,,,,,,,,,,,,,
3232,0.3220829963684082,,,,5.444915294647217,,,,0.3010249137878418,,0.3208632469177246,0.38280320167541504,,,,,0.29631471633911133,,,,,,,,0.29628801345825195,0.628960132598877,,0.2968268394470215,,,0.30699586868286133,,,,,,,,,,,,,,,,,,,
3233,0.7265779972076416,,,,2.121999979019165,,,,0.30357813835144043,,0.30530524253845215,0.35878705978393555,,,,,0.31273913383483887,,,,,,,,0.677398681640625,0.6008081436157227,,0.3385159969329834,,,0.2806692123413086,,,,,,,,,,,,,,,,,,,
3234,0.317734956741333,,,,1.8155670166015625,,,,0.32254791259765625,,0.3190300464630127,0.31712818145751953,,,,,0.3182370662689209,,,,,,,,0.6920340061187744,0.6086430549621582,,0.3126959800720215,,,0.309190034866333,,,,,,,,,,,,,,,,,,,
3235,0.32265686988830566,,,,1.4085731506347656,,,,0.30771708488464355,,0.6269121170043945,0.379741907119751,,,,,0.3076140880584717,,,,,,,,1.0539960861206055,0.6289217472076416,,0.30739688873291016,,,0.31659889221191406,,,,,,,,,,,,,,,,,,,
3236,0.29924726486206055,,,,1.7856190204620361,,,,0.3257119655609131,,0.2789731025695801,0.3046529293060303,,,,,0.2879958152770996,,,,,,,,0.33247995376586914,0.45160388946533203,,0.3141660690307617,,,0.2886228561401367,,,,,,,,,,,,,,,,,,,
3237,0.31154823303222656,,,,0.5945358276367188,,,,0.32022666931152344,,0.32833385467529297,0.2989521026611328,,,,,0.3128519058227539,,,,,,,,0.7334940433502197,0.6690170764923096,,0.2977180480957031,,,0.28916192054748535,,,,,,,,,,,,,,,,,,,
3238,0.31937694549560547,,,,17.03390073776245,,,,0.31221914291381836,,0.32932615280151367,0.8157899379730225,,,,,0.2936849594116211,,,,,,,,0.3072481155395508,0.311511754989624,,0.3192942142486572,,,0.29875874519348145,,,,,,,,,,,,,,,,,,,
3239,0.30614495277404785,,,,1.8322319984436035,,,,0.34487295150756836,,0.34935498237609863,0.36231493949890137,,,,,0.31450700759887695,,,,,,,,0.31537508964538574,0.296093225479126,,0.317903995513916,,,0.28156304359436035,,,,,,,,,,,,,,,,,,,
3240,1.108806848526001,,,,0.9844610691070557,,,,0.3216378688812256,,0.2991821765899658,0.318011999130249,,,,,0.6953580379486084,,,,,,,,0.31787681579589844,0.6167466640472412,,0.31908512115478516,,,0.3126411437988281,,,,,,,,,,,,,,,,,,,
3241,1.1743459701538086,,,,0.5890312194824219,,,,0.29790186882019043,,0.30333805084228516,0.3192780017852783,,,,,0.6511979103088379,,,,,,,,1.2427330017089844,0.6006999015808105,,0.2963430881500244,,,0.2814218997955322,,,,,,,,,,,,,,,,,,,
3242,0.32212209701538086,,,,0.5818092823028564,,,,0.31804418563842773,,0.27247071266174316,0.6212589740753174,,,,,0.6824729442596436,,,,,,,,0.7062427997589111,0.2892019748687744,,0.3072528839111328,,,0.2814140319824219,,,,,,,,,,,,,,,,,,,
3243,0.3250288963317871,,,,1.8136639595031738,,,,0.327930212020874,,0.2924370765686035,0.4016120433807373,,,,,0.2922699451446533,,,,,,,,0.7297017574310303,0.3130052089691162,,0.324782133102417,,,0.2981529235839844,,,,,,,,,,,,,,,,,,,
3244,0.3329148292541504,,,,1.7871758937835693,,,,0.3327970504760742,,0.27996277809143066,0.34010791778564453,,,,,0.6769430637359619,,,,,,,,0.30864715576171875,0.29738593101501465,,0.301663875579834,,,0.28386616706848145,,,,,,,,,,,,,,,,,,,
3245,0.32002997398376465,,,,5.037928104400635,,,,0.3299088478088379,,0.620866060256958,0.3573110103607178,,,,,0.6715750694274902,,,,,,,,0.71044921875,0.30545616149902344,,0.29448890686035156,,,0.31874799728393555,,,,,,,,,,,,,,,,,,,
3246,0.9034469127655029,,,,3.615154981613159,,,,0.31250476837158203,,0.2816498279571533,0.36339306831359863,,,,,0.6668517589569092,,,,,,,,0.31307482719421387,0.6035499572753906,,0.30849623680114746,,,0.2844998836517334,,,,,,,,,,,,,,,,,,,
3247,0.7032680511474609,,,,3.963543176651001,,,,0.31755709648132324,,0.3066530227661133,0.3351719379425049,,,,,0.3321647644042969,,,,,,,,1.7056140899658203,0.31209707260131836,,0.30297303199768066,,,0.28839707374572754,,,,,,,,,,,,,,,,,,,
3248,1.1236212253570557,,,,0.6126739978790283,,,,0.30383920669555664,,0.6896660327911377,0.32114696502685547,,,,,0.6732161045074463,,,,,,,,0.7127511501312256,0.6048948764801025,,0.31987810134887695,,,0.2765538692474365,,,,,,,,,,,,,,,,,,,
3249,0.30373096466064453,,,,0.6149518489837646,,,,0.33550286293029785,,0.46698594093322754,0.380748987197876,,,,,0.29534411430358887,,,,,,,,1.6082990169525146,0.48728108406066895,,0.32036519050598145,,,0.3058171272277832,,,,,,,,,,,,,,,,,,,
3250,0.30269384384155273,,,,0.5571200847625732,,,,0.327312707901001,,0.5948119163513184,0.3421010971069336,,,,,0.28960585594177246,,,,,,,,0.7398347854614258,0.291287899017334,,0.30600690841674805,,,0.3232126235961914,,,,,,,,,,,,,,,,,,,
3251,0.3191559314727783,,,,3.6747069358825684,,,,0.312244176864624,,0.6781010627746582,0.3396480083465576,,,,,0.3274261951446533,,,,,,,,0.7280259132385254,0.2838551998138428,,0.34044480323791504,,,0.30475902557373047,,,,,,,,,,,,,,,,,,,
3252,1.1293532848358154,,,,0.5559341907501221,,,,0.32238292694091797,,3.3487038612365723,0.3855578899383545,,,,,0.2838270664215088,,,,,,,,0.6792747974395752,0.2892580032348633,,0.3156599998474121,,,0.2854440212249756,,,,,,,,,,,,,,,,,,,
3253,1.1209142208099365,,,,3.5358269214630127,,,,0.32958483695983887,,0.3014101982116699,0.37391209602355957,,,,,0.33169984817504883,,,,,,,,0.6697988510131836,0.6254489421844482,,0.34330177307128906,,,0.28716611862182617,,,,,,,,,,,,,,,,,,,
3254,0.7388038635253906,,,,0.5622811317443848,,,,0.3239421844482422,,0.2980518341064453,0.36351990699768066,,,,,0.2857241630554199,,,,,,,,0.6981151103973389,0.30884790420532227,,0.3513929843902588,,,0.2992260456085205,,,,,,,,,,,,,,,,,,,
3255,0.3259620666503906,,,,2.813857078552246,,,,0.3320338726043701,,0.30943727493286133,0.34830617904663086,,,,,0.30848097801208496,,,,,,,,0.3124878406524658,0.3229398727416992,,0.30168604850769043,,,0.3016490936279297,,,,,,,,,,,,,,,,,,,
3256,0.7225658893585205,,,,0.6063113212585449,,,,0.3025190830230713,,0.30703091621398926,1.1172597408294678,,,,,0.3259608745574951,,,,,,,,1.135282039642334,0.2981441020965576,,0.3030369281768799,,,0.2884681224822998,,,,,,,,,,,,,,,,,,,
3257,0.8453030586242676,,,,0.6106441020965576,,,,0.3097348213195801,,0.30876898765563965,0.3777446746826172,,,,,0.29494309425354004,,,,,,,,0.7031388282775879,0.6262447834014893,,0.30817198753356934,,,0.30794596672058105,,,,,,,,,,,,,,,,,,,
3258,1.5750610828399658,,,,4.129289150238037,,,,0.32688164710998535,,0.32262516021728516,0.36237597465515137,,,,,0.2883031368255615,,,,,,,,0.7423701286315918,0.3202800750732422,,0.3164510726928711,,,0.3041391372680664,,,,,,,,,,,,,,,,,,,
3259,0.32016611099243164,,,,0.5685522556304932,,,,0.334550142288208,,0.6104080677032471,0.36048412322998047,,,,,0.28894495964050293,,,,,,,,0.5003290176391602,0.3098299503326416,,0.30906224250793457,,,0.30795812606811523,,,,,,,,,,,,,,,,,,,
3260,0.3259420394897461,,,,0.5681679248809814,,,,0.32828688621520996,,0.3010890483856201,0.3670339584350586,,,,,0.28354883193969727,,,,,,,,0.7067151069641113,0.6228451728820801,,0.2941555976867676,,,0.32533693313598633,,,,,,,,,,,,,,,,,,,
3261,0.33033204078674316,,,,1.339958906173706,,,,0.30890989303588867,,0.2883479595184326,0.37111520767211914,,,,,0.30709195137023926,,,,,,,,0.7106707096099854,0.31214022636413574,,0.2996509075164795,,,0.3081839084625244,,,,,,,,,,,,,,,,,,,
3262,0.30185890197753906,,,,5.666324853897095,,,,0.30202794075012207,,0.28826093673706055,0.6081860065460205,,,,,0.2966949939727783,,,,,,,,0.73260498046875,0.6509249210357666,,0.3140449523925781,,,0.305988073348999,,,,,,,,,,,,,,,,,,,
3263,0.31740689277648926,,,,6.97940993309021,,,,0.2988138198852539,,0.6404390335083008,0.3629939556121826,,,,,0.2851991653442383,,,,,,,,0.31009411811828613,0.3078322410583496,,0.3406031131744385,,,0.28357791900634766,,,,,,,,,,,,,,,,,,,
3264,0.3043859004974365,,,,4.041140079498291,,,,0.3301403522491455,,0.6190788745880127,0.32475900650024414,,,,,0.28748297691345215,,,,,,,,0.720954179763794,0.3092520236968994,,0.31986379623413086,,,0.30617594718933105,,,,,,,,,,,,,,,,,,,
3265,0.29913973808288574,,,,3.685403823852539,,,,0.33401989936828613,,0.6199178695678711,0.3669431209564209,,,,,0.29353785514831543,,,,,,,,1.2260358333587646,0.6423599720001221,,0.29847192764282227,,,0.32118701934814453,,,,,,,,,,,,,,,,,,,
3266,0.7146320343017578,,,,4.828089952468872,,,,0.3283212184906006,,0.6277220249176025,0.38931989669799805,,,,,0.2880678176879883,,,,,,,,3.0571630001068115,0.6246540546417236,,0.31160402297973633,,,0.2814650535583496,,,,,,,,,,,,,,,,,,,
3267,0.3235950469970703,,,,2.5318169593811035,,,,0.31006479263305664,,0.671846866607666,0.4885268211364746,,,,,0.28041791915893555,,,,,,,,0.7204718589782715,0.9203481674194336,,0.2920877933502197,,,0.30169081687927246,,,,,,,,,,,,,,,,,,,
3268,0.31991124153137207,,,,0.5763440132141113,,,,0.3149580955505371,,0.6516268253326416,0.3288848400115967,,,,,0.3006858825683594,,,,,,,,0.6835660934448242,0.6106398105621338,,0.3190031051635742,,,0.29767489433288574,,,,,,,,,,,,,,,,,,,
3269,0.3229858875274658,,,,0.5990610122680664,,,,0.32481813430786133,,0.7158887386322021,0.3666980266571045,,,,,0.29593324661254883,,,,,,,,2.1356539726257324,0.6263728141784668,,0.31144070625305176,,,0.2928593158721924,,,,,,,,,,,,,,,,,,,
3270,0.32250118255615234,,,,3.778726100921631,,,,0.31077003479003906,,0.2642848491668701,0.3703160285949707,,,,,0.2860550880432129,,,,,,,,0.7855932712554932,0.6531589031219482,,0.29637885093688965,,,0.3017890453338623,,,,,,,,,,,,,,,,,,,
3271,0.33562707901000977,,,,0.5836100578308105,,,,0.2951698303222656,,0.6368699073791504,0.3889491558074951,,,,,0.2848021984100342,,,,,,,,0.2926969528198242,0.6232800483703613,,0.3081960678100586,,,0.2839479446411133,,,,,,,,,,,,,,,,,,,
3272,0.32459115982055664,,,,0.6208767890930176,,,,0.3010869026184082,,0.6501953601837158,0.6858069896697998,,,,,0.30547618865966797,,,,,,,,0.7079470157623291,0.7177450656890869,,0.30017995834350586,,,0.29382991790771484,,,,,,,,,,,,,,,,,,,
3273,0.2948920726776123,,,,1.438323974609375,,,,0.3067657947540283,,1.5120270252227783,0.9857051372528076,,,,,0.6213412284851074,,,,,,,,0.7159111499786377,0.7149970531463623,,0.32715797424316406,,,0.28931307792663574,,,,,,,,,,,,,,,,,,,
3274,0.3181271553039551,,,,0.5659677982330322,,,,0.3273661136627197,,0.6560771465301514,0.3715341091156006,,,,,0.5641763210296631,,,,,,,,0.740084171295166,0.603858232498169,,0.29586195945739746,,,0.2881801128387451,,,,,,,,,,,,,,,,,,,
3275,0.32381105422973633,,,,0.6039018630981445,,,,0.3197338581085205,,0.6701869964599609,0.29910778999328613,,,,,0.28334832191467285,,,,,,,,0.680670976638794,0.673795223236084,,0.29831695556640625,,,0.30726099014282227,,,,,,,,,,,,,,,,,,,
3276,0.33468127250671387,,,,0.5952808856964111,,,,0.32422876358032227,,0.6552503108978271,0.32662200927734375,,,,,0.28295183181762695,,,,,,,,1.23915696144104,0.31490421295166016,,0.3184819221496582,,,0.3021700382232666,,,,,,,,,,,,,,,,,,,
3277,0.280642032623291,,,,4.049992084503174,,,,0.3180661201477051,,1.1431710720062256,0.3618619441986084,,,,,0.28573107719421387,,,,,,,,1.1621689796447754,0.29543399810791016,,0.3178579807281494,,,0.2795541286468506,,,,,,,,,,,,,,,,,,,
3278,0.3044769763946533,,,,2.094508171081543,,,,0.30048179626464844,,0.6499319076538086,0.36864304542541504,,,,,0.34743499755859375,,,,,,,,0.3246440887451172,0.6721329689025879,,0.3165256977081299,,,0.30307602882385254,,,,,,,,,,,,,,,,,,,
3279,0.323087215423584,,,,2.111937999725342,,,,0.34264397621154785,,0.674048900604248,0.36755895614624023,,,,,0.3662889003753662,,,,,,,,1.6060009002685547,0.3373401165008545,,0.3018829822540283,,,0.28578615188598633,,,,,,,,,,,,,,,,,,,
3280,0.3021419048309326,,,,1.3576240539550781,,,,0.3206048011779785,,0.6542608737945557,0.36904287338256836,,,,,0.3259279727935791,,,,,,,,0.7172379493713379,0.6271460056304932,,0.3173236846923828,,,0.3105747699737549,,,,,,,,,,,,,,,,,,,
3281,0.3247702121734619,,,,0.5730800628662109,,,,0.3181769847869873,,1.081017017364502,0.37340211868286133,,,,,0.2808809280395508,,,,,,,,0.7210450172424316,0.31058406829833984,,0.2909660339355469,,,0.29012298583984375,,,,,,,,,,,,,,,,,,,
3282,0.31341981887817383,,,,2.4777510166168213,,,,0.3239879608154297,,0.6569790840148926,0.38193178176879883,,,,,0.28149986267089844,,,,,,,,0.7328848838806152,0.30736422538757324,,0.3007950782775879,,,0.2871222496032715,,,,,,,,,,,,,,,,,,,
3283,0.30293893814086914,,,,1.8075172901153564,,,,0.30634498596191406,,0.7439332008361816,0.3750910758972168,,,,,0.29987573623657227,,,,,,,,0.6749441623687744,0.7177610397338867,,0.31742310523986816,,,0.29482483863830566,,,,,,,,,,,,,,,,,,,
3284,0.32779693603515625,,,,4.32044792175293,,,,0.3267171382904053,,0.37604594230651855,0.6982190608978271,,,,,0.321713924407959,,,,,,,,0.762056827545166,0.6536049842834473,,0.3158133029937744,,,0.312819242477417,,,,,,,,,,,,,,,,,,,
3285,0.32419610023498535,,,,1.037966251373291,,,,0.29935121536254883,,0.6552140712738037,0.9742460250854492,,,,,0.2653660774230957,,,,,,,,1.183488130569458,0.29671287536621094,,0.31842923164367676,,,0.3012819290161133,,,,,,,,,,,,,,,,,,,
3286,0.3222830295562744,,,,0.6350209712982178,,,,0.3074162006378174,,0.29988718032836914,0.3969111442565918,,,,,0.2873690128326416,,,,,,,,1.2207691669464111,0.31206202507019043,,0.2980060577392578,,,0.30109691619873047,,,,,,,,,,,,,,,,,,,
3287,0.2966299057006836,,,,1.759986162185669,,,,0.32259082794189453,,0.654364824295044,0.7482969760894775,,,,,0.6267430782318115,,,,,,,,0.7293968200683594,0.3193659782409668,,0.3111610412597656,,,0.2857682704925537,,,,,,,,,,,,,,,,,,,
3288,0.3209660053253174,,,,0.5946059226989746,,,,0.31629014015197754,,2.674161911010742,0.7107040882110596,,,,,0.6235897541046143,,,,,,,,0.7112009525299072,0.3317880630493164,,0.31786227226257324,,,0.28623199462890625,,,,,,,,,,,,,,,,,,,
3289,0.34144091606140137,,,,2.107166051864624,,,,0.3431088924407959,,1.0614769458770752,0.6956541538238525,,,,,1.1111040115356445,,,,,,,,1.6691539287567139,0.28611087799072266,,0.2976348400115967,,,0.3025047779083252,,,,,,,,,,,,,,,,,,,
3290,0.31335020065307617,,,,0.7159709930419922,,,,0.32376980781555176,,0.646996021270752,0.7513740062713623,,,,,0.2876102924346924,,,,,,,,0.7275519371032715,0.6757371425628662,,0.3012681007385254,,,0.32549095153808594,,,,,,,,,,,,,,,,,,,
3291,0.3020482063293457,,,,0.60086989402771,,,,0.3104667663574219,,2.3685967922210693,0.3623521327972412,,,,,0.29914188385009766,,,,,,,,0.7311487197875977,0.30024099349975586,,0.3076939582824707,,,0.3066980838775635,,,,,,,,,,,,,,,,,,,
3292,0.30689215660095215,,,,3.668038845062256,,,,0.30033206939697266,,3.4795310497283936,0.3864409923553467,,,,,0.3067789077758789,,,,,,,,0.69899582862854,0.3265509605407715,,0.30481576919555664,,,0.28321218490600586,,,,,,,,,,,,,,,,,,,
3293,0.3428308963775635,,,,0.6162581443786621,,,,0.2981572151184082,,0.6686210632324219,0.3394179344177246,,,,,0.30979490280151367,,,,,,,,1.2109649181365967,0.6798977851867676,,0.322282075881958,,,0.30240511894226074,,,,,,,,,,,,,,,,,,,
3294,0.31895899772644043,,,,0.5767369270324707,,,,0.3482649326324463,,0.3054814338684082,0.7232048511505127,,,,,0.30305981636047363,,,,,,,,1.1965351104736328,0.6221809387207031,,0.30428600311279297,,,0.30521607398986816,,,,,,,,,,,,,,,,,,,
3295,0.2980198860168457,,,,8.106642007827759,,,,0.32482314109802246,,0.6126227378845215,0.6098408699035645,,,,,0.3017582893371582,,,,,,,,0.5791010856628418,0.31572389602661133,,0.3050978183746338,,,0.3018491268157959,,,,,,,,,,,,,,,,,,,
3296,0.30431199073791504,,,,2.165593147277832,,,,0.32012224197387695,,0.3835787773132324,0.36139726638793945,,,,,0.26450514793395996,,,,,,,,0.7318010330200195,0.7298681735992432,,0.292924165725708,,,0.29807186126708984,,,,,,,,,,,,,,,,,,,
3297,0.3005819320678711,,,,0.5739536285400391,,,,0.31758975982666016,,0.3034670352935791,0.3123607635498047,,,,,0.3135511875152588,,,,,,,,1.2276480197906494,0.292100191116333,,0.3138418197631836,,,0.2860898971557617,,,,,,,,,,,,,,,,,,,
3298,0.7374191284179688,,,,19.98972797393799,,,,0.32068896293640137,,0.311276912689209,1.4950661659240723,,,,,0.3294947147369385,,,,,,,,1.5986440181732178,0.3203701972961426,,0.3414437770843506,,,0.28622913360595703,,,,,,,,,,,,,,,,,,,
3299,0.32032108306884766,,,,19.723788022994995,,,,0.33301210403442383,,0.3603029251098633,0.7292499542236328,,,,,0.2847869396209717,,,,,,,,0.7479221820831299,0.33501315116882324,,0.32068514823913574,,,0.27491092681884766,,,,,,,,,,,,,,,,,,,
3300,0.3393709659576416,,,,1.3650968074798584,,,,0.3015453815460205,,0.6889100074768066,0.30269908905029297,,,,,0.30364990234375,,,,,,,,0.7160470485687256,0.6293618679046631,,0.3241391181945801,,,0.3284187316894531,,,,,,,,,,,,,,,,,,,
3301,0.3169558048248291,,,,1.3709540367126465,,,,0.32921767234802246,,0.4519360065460205,0.3915750980377197,,,,,0.3178880214691162,,,,,,,,1.2181079387664795,0.3230741024017334,,0.31299877166748047,,,0.3091738224029541,,,,,,,,,,,,,,,,,,,
3302,0.32052111625671387,,,,1.3561468124389648,,,,0.3085811138153076,,0.6464800834655762,0.37760019302368164,,,,,0.31270718574523926,,,,,,,,0.31210803985595703,0.7131857872009277,,0.29968810081481934,,,0.2969350814819336,,,,,,,,,,,,,,,,,,,
3303,0.3050692081451416,,,,1.7810308933258057,,,,0.33010411262512207,,0.3685119152069092,0.3029170036315918,,,,,0.3046681880950928,,,,,,,,1.2273797988891602,0.6266078948974609,,0.3470041751861572,,,0.288891077041626,,,,,,,,,,,,,,,,,,,
3304,0.7400808334350586,,,,11.719043731689453,,,,0.33481788635253906,,0.37012386322021484,0.3386991024017334,,,,,0.29129791259765625,,,,,,,,0.6904230117797852,0.643481969833374,,0.29732608795166016,,,0.28797173500061035,,,,,,,,,,,,,,,,,,,
3305,0.3035860061645508,,,,0.5902040004730225,,,,0.3175618648529053,,0.3047637939453125,1.9523258209228516,,,,,0.2961540222167969,,,,,,,,1.2131178379058838,0.7433629035949707,,0.3254542350769043,,,0.3188750743865967,,,,,,,,,,,,,,,,,,,
3306,0.3467991352081299,,,,19.773396968841553,,,,0.32931995391845703,,1.4679419994354248,0.3097989559173584,,,,,0.3133211135864258,,,,,,,,1.2045812606811523,0.6423110961914062,,0.31224560737609863,,,0.3060150146484375,,,,,,,,,,,,,,,,,,,
3307,0.32392406463623047,,,,6.551121950149536,,,,0.3011960983276367,,0.3507258892059326,0.3434309959411621,,,,,0.33652400970458984,,,,,,,,0.7256040573120117,0.624988317489624,,0.3236727714538574,,,0.28162193298339844,,,,,,,,,,,,,,,,,,,
3308,1.166445016860962,,,,3.73303484916687,,,,0.3101189136505127,,0.3496670722961426,1.4806709289550781,,,,,0.3359191417694092,,,,,,,,0.8163678646087646,0.32129359245300293,,0.34105896949768066,,,0.3061959743499756,,,,,,,,,,,,,,,,,,,
3309,0.29865384101867676,,,,6.166536092758179,,,,0.3511230945587158,,0.6920843124389648,0.5001699924468994,,,,,0.29721999168395996,,,,,,,,1.6469931602478027,0.7107508182525635,,0.32511472702026367,,,0.3083689212799072,,,,,,,,,,,,,,,,,,,
3310,0.32897496223449707,,,,2.1696531772613525,,,,0.3096299171447754,,0.36653780937194824,1.1649878025054932,,,,,0.30779123306274414,,,,,,,,0.7383320331573486,0.6298050880432129,,0.31916189193725586,,,0.3242497444152832,,,,,,,,,,,,,,,,,,,
3311,0.3036060333251953,,,,0.5935492515563965,,,,0.3305079936981201,,1.0779378414154053,0.7318708896636963,,,,,0.2989037036895752,,,,,,,,1.1492400169372559,0.315295934677124,,0.2981288433074951,,,0.2835819721221924,,,,,,,,,,,,,,,,,,,
3312,0.7502779960632324,,,,20.024415731430054,,,,0.3248739242553711,,3.227668046951294,0.30769872665405273,,,,,0.3709449768066406,,,,,,,,1.2030651569366455,0.6735739707946777,,0.3132798671722412,,,0.28795790672302246,,,,,,,,,,,,,,,,,,,
3313,0.3235659599304199,,,,1.5758581161499023,,,,0.32382798194885254,,0.37288713455200195,0.32077908515930176,,,,,0.29350996017456055,,,,,,,,0.7512211799621582,0.6285557746887207,,0.3249189853668213,,,0.29711103439331055,,,,,,,,,,,,,,,,,,,
3314,0.31795191764831543,,,,8.623004913330078,,,,0.3569760322570801,,1.0749812126159668,0.31258177757263184,,,,,0.29981017112731934,,,,,,,,0.6988942623138428,0.7086050510406494,,0.2998661994934082,,,0.27974987030029297,,,,,,,,,,,,,,,,,,,
3315,0.29781603813171387,,,,1.3431427478790283,,,,0.3087129592895508,,0.35788393020629883,1.1755681037902832,,,,,0.31582188606262207,,,,,,,,0.3054959774017334,0.33687663078308105,,0.30419087409973145,,,0.33390283584594727,,,,,,,,,,,,,,,,,,,
3316,0.3063008785247803,,,,0.5712158679962158,,,,0.3086247444152832,,0.32721686363220215,1.6080451011657715,,,,,0.3150930404663086,,,,,,,,1.2467999458312988,0.293485164642334,,0.32396697998046875,,,0.29955625534057617,,,,,,,,,,,,,,,,,,,
3317,0.30407190322875977,,,,0.5889160633087158,,,,0.33051013946533203,,0.3337371349334717,0.7202692031860352,,,,,0.2991909980773926,,,,,,,,1.2097699642181396,0.30635714530944824,,0.2973902225494385,,,0.3069009780883789,,,,,,,,,,,,,,,,,,,
3318,0.3245818614959717,,,,1.8462316989898682,,,,0.33379125595092773,,0.3506641387939453,0.2999601364135742,,,,,0.3041391372680664,,,,,,,,0.6050710678100586,0.6416032314300537,,0.32213497161865234,,,0.280792236328125,,,,,,,,,,,,,,,,,,,
3319,0.3072810173034668,,,,12.136205911636353,,,,0.3388359546661377,,0.6903190612792969,0.3181018829345703,,,,,0.3142218589782715,,,,,,,,0.7229819297790527,0.3114171028137207,,0.29801082611083984,,,0.29947876930236816,,,,,,,,,,,,,,,,,,,
3320,0.3212399482727051,,,,2.1713578701019287,,,,0.3141458034515381,,0.6680290699005127,0.38535594940185547,,,,,0.29164886474609375,,,,,,,,0.6755969524383545,0.621384859085083,,0.31357407569885254,,,0.32959794998168945,,,,,,,,,,,,,,,,,,,
3321,0.3148322105407715,,,,0.601158857345581,,,,0.3262028694152832,,0.34898805618286133,0.3239471912384033,,,,,0.2928149700164795,,,,,,,,0.3111081123352051,0.7082197666168213,,0.32194018363952637,,,0.3065810203552246,,,,,,,,,,,,,,,,,,,
3322,0.2969517707824707,,,,0.6192841529846191,,,,0.3034861087799072,,0.35505199432373047,0.7411577701568604,,,,,0.3202528953552246,,,,,,,,0.7152881622314453,0.6213786602020264,,0.3181478977203369,,,0.27972888946533203,,,,,,,,,,,,,,,,,,,
3323,0.32917094230651855,,,,0.6031708717346191,,,,0.3184959888458252,,0.38994264602661133,1.1782307624816895,,,,,0.3162848949432373,,,,,,,,1.232680082321167,0.8745980262756348,,0.3444249629974365,,,0.30307793617248535,,,,,,,,,,,,,,,,,,,
3324,0.3312981128692627,,,,12.396214962005615,,,,0.3316609859466553,,0.675584077835083,0.32140684127807617,,,,,0.29926490783691406,,,,,,,,0.716437816619873,0.29651808738708496,,0.3174777030944824,,,0.28522300720214844,,,,,,,,,,,,,,,,,,,
3325,0.3039586544036865,,,,0.603363037109375,,,,0.32752323150634766,,0.38852500915527344,0.3223261833190918,,,,,0.3114197254180908,,,,,,,,0.7121820449829102,0.31249094009399414,,0.321382999420166,,,0.3114748001098633,,,,,,,,,,,,,,,,,,,
3326,0.30724000930786133,,,,9.29485273361206,,,,0.31816983222961426,,0.3669290542602539,0.31448793411254883,,,,,1.9749748706817627,,,,,,,,0.7303097248077393,0.30960607528686523,,0.29871606826782227,,,0.2842400074005127,,,,,,,,,,,,,,,,,,,
3327,0.30312514305114746,,,,2.8917839527130127,,,,0.31952476501464844,,0.3615248203277588,0.3812899589538574,,,,,0.6646671295166016,,,,,,,,0.701509952545166,0.31314682960510254,,0.32643580436706543,,,0.31288599967956543,,,,,,,,,,,,,,,,,,,
3328,0.3696439266204834,,,,8.448053121566772,,,,0.3118879795074463,,1.0252580642700195,0.6996109485626221,,,,,0.3924429416656494,,,,,,,,0.6988170146942139,0.6281499862670898,,0.3247230052947998,,,0.29410386085510254,,,,,,,,,,,,,,,,,,,
3329,0.5129528045654297,,,,19.88475012779236,,,,0.32425379753112793,,0.6751489639282227,0.310971736907959,,,,,1.443471908569336,,,,,,,,0.7271773815155029,0.29207801818847656,,0.30385684967041016,,,0.2791748046875,,,,,,,,,,,,,,,,,,,
3330,0.31996893882751465,,,,1.5939052104949951,,,,0.3001701831817627,,0.36049628257751465,0.6924018859863281,,,,,0.6353969573974609,,,,,,,,0.7132890224456787,0.3014860153198242,,0.30422472953796387,,,0.2872769832611084,,,,,,,,,,,,,,,,,,,
3331,0.3206918239593506,,,,0.5687429904937744,,,,0.3093400001525879,,0.34728503227233887,0.6922240257263184,,,,,0.6510920524597168,,,,,,,,0.7150700092315674,0.3164401054382324,,0.3016970157623291,,,0.28421688079833984,,,,,,,,,,,,,,,,,,,
3332,0.33003997802734375,,,,2.0638551712036133,,,,0.3240499496459961,,0.6308920383453369,0.3252871036529541,,,,,1.6434400081634521,,,,,,,,0.6827528476715088,0.2949340343475342,,0.3019399642944336,,,0.3230416774749756,,,,,,,,,,,,,,,,,,,
3333,0.3053100109100342,,,,9.448233127593994,,,,0.3223388195037842,,0.9583559036254883,0.34192800521850586,,,,,1.1745080947875977,,,,,,,,0.7114028930664062,0.629580020904541,,0.31671810150146484,,,0.305988073348999,,,,,,,,,,,,,,,,,,,
3334,0.301347017288208,,,,3.5052008628845215,,,,0.3291759490966797,,1.885179042816162,1.5783119201660156,,,,,0.8358199596405029,,,,,,,,0.6778957843780518,0.30711913108825684,,0.32108211517333984,,,0.31104373931884766,,,,,,,,,,,,,,,,,,,
3335,0.32790279388427734,,,,1.0745818614959717,,,,0.33127784729003906,,0.34328222274780273,0.3433859348297119,,,,,0.3096160888671875,,,,,,,,0.6833527088165283,0.657080888748169,,0.32246875762939453,,,0.3030738830566406,,,,,,,,,,,,,,,,,,,
3336,0.3313751220703125,,,,8.71022915840149,,,,0.3062427043914795,,0.3603661060333252,1.1700007915496826,,,,,0.8230299949645996,,,,,,,,0.7651510238647461,0.2956070899963379,,0.30696606636047363,,,0.2766098976135254,,,,,,,,,,,,,,,,,,,
3337,0.30280494689941406,,,,8.275795936584473,,,,0.3013420104980469,,0.32836413383483887,0.3246498107910156,,,,,1.4773082733154297,,,,,,,,0.7196860313415527,0.6267828941345215,,0.30434107780456543,,,0.3032209873199463,,,,,,,,,,,,,,,,,,,
3338,0.30464720726013184,,,,2.1553750038146973,,,,0.3057441711425781,,1.0534558296203613,0.7355833053588867,,,,,0.32821106910705566,,,,,,,,0.7136979103088379,0.33541083335876465,,0.34733104705810547,,,0.30437302589416504,,,,,,,,,,,,,,,,,,,
3339,0.32208800315856934,,,,0.612558126449585,,,,0.3450510501861572,,0.6730549335479736,0.3179137706756592,,,,,1.2410380840301514,,,,,,,,0.3219790458679199,0.31699299812316895,,0.3180108070373535,,,0.30054783821105957,,,,,,,,,,,,,,,,,,,
3340,0.32443785667419434,,,,3.2591028213500977,,,,0.321303129196167,,0.39374780654907227,0.7467300891876221,,,,,0.3218998908996582,,,,,,,,0.681251049041748,0.6281938552856445,,0.2974269390106201,,,0.28310108184814453,,,,,,,,,,,,,,,,,,,
3341,0.29739999771118164,,,,4.00671911239624,,,,0.3253288269042969,,0.6582880020141602,0.3839223384857178,,,,,0.29053378105163574,,,,,,,,0.7350130081176758,0.6395289897918701,,0.31670689582824707,,,0.2973160743713379,,,,,,,,,,,,,,,,,,,
3342,0.3454620838165283,,,,1.4173898696899414,,,,0.3050827980041504,,0.36483097076416016,1.1740379333496094,,,,,1.3877429962158203,,,,,,,,0.7009680271148682,0.33083176612854004,,0.2964479923248291,,,0.3288111686706543,,,,,,,,,,,,,,,,,,,
3343,0.3213629722595215,,,,0.6199390888214111,,,,0.33132290840148926,,0.3883340358734131,0.32661986351013184,,,,,0.327347993850708,,,,,,,,0.699570894241333,0.624243974685669,,0.3234128952026367,,,0.30620598793029785,,,,,,,,,,,,,,,,,,,
3344,0.31103014945983887,,,,1.0215668678283691,,,,0.3255167007446289,,0.9979338645935059,0.30617284774780273,,,,,0.28380894660949707,,,,,,,,0.7044382095336914,0.3158411979675293,,0.31722211837768555,,,0.28080320358276367,,,,,,,,,,,,,,,,,,,
3345,0.3315927982330322,,,,0.607388973236084,,,,0.30649399757385254,,0.6821098327636719,0.7142789363861084,,,,,0.31395411491394043,,,,,,,,0.3170349597930908,0.6234679222106934,,0.3199422359466553,,,0.3093392848968506,,,,,,,,,,,,,,,,,,,
3346,0.30576109886169434,,,,0.25882482528686523,,,,0.3309140205383301,,0.26873326301574707,0.30925798416137695,,,,,0.33827924728393555,,,,,,,,0.7120919227600098,0.3364591598510742,,0.2936899662017822,,,0.3063631057739258,,,,,,,,,,,,,,,,,,,
3347,0.3229801654815674,,,,0.6690089702606201,,,,0.30753302574157715,,0.3551361560821533,1.1763501167297363,,,,,0.2978689670562744,,,,,,,,0.6961627006530762,0.6519279479980469,,0.31220412254333496,,,0.3250997066497803,,,,,,,,,,,,,,,,,,,
3348,0.3030359745025635,,,,1.3631510734558105,,,,0.30633974075317383,,1.0470283031463623,0.32691097259521484,,,,,0.33251285552978516,,,,,,,,0.2969369888305664,0.2895231246948242,,0.31788015365600586,,,0.30802297592163086,,,,,,,,,,,,,,,,,,,
3349,0.2996981143951416,,,,0.5868821144104004,,,,0.3411898612976074,,0.36198878288269043,0.34899306297302246,,,,,0.31127214431762695,,,,,,,,2.4196419715881348,0.5411999225616455,,0.32166504859924316,,,0.2940688133239746,,,,,,,,,,,,,,,,,,,
3350,0.30431103706359863,,,,1.1597788333892822,,,,0.3261446952819824,,0.3481330871582031,0.6518657207489014,,,,,0.4058077335357666,,,,,,,,0.6806869506835938,0.6254899501800537,,0.3176238536834717,,,0.2959251403808594,,,,,,,,,,,,,,,,,,,
3351,0.30461692810058594,,,,0.6260509490966797,,,,0.31072211265563965,,0.3494539260864258,0.6703770160675049,,,,,0.31395411491394043,,,,,,,,0.6973118782043457,0.31561923027038574,,0.32241368293762207,,,0.28072214126586914,,,,,,,,,,,,,,,,,,,
3352,0.3236839771270752,,,,3.342747926712036,,,,0.3054163455963135,,0.35115790367126465,0.30106496810913086,,,,,0.3894662857055664,,,,,,,,0.5672500133514404,0.311568021774292,,0.3240950107574463,,,0.30394697189331055,,,,,,,,,,,,,,,,,,,
3353,0.3080589771270752,,,,3.304891347885132,,,,0.32523512840270996,,0.36768627166748047,0.6482377052307129,,,,,0.29351282119750977,,,,,,,,0.5006041526794434,0.6546258926391602,,0.33217883110046387,,,0.29837799072265625,,,,,,,,,,,,,,,,,,,
3354,0.32000088691711426,,,,0.6151249408721924,,,,0.3365359306335449,,0.34520792961120605,0.32602977752685547,,,,,0.296619176864624,,,,,,,,0.715324878692627,0.655451774597168,,0.30159687995910645,,,0.28026700019836426,,,,,,,,,,,,,,,,,,,
3355,0.3246128559112549,,,,0.6009521484375,,,,0.3163912296295166,,0.34855008125305176,0.6983392238616943,,,,,0.3343648910522461,,,,,,,,0.33324408531188965,0.3265202045440674,,0.30054306983947754,,,0.30068206787109375,,,,,,,,,,,,,,,,,,,
3356,0.30320096015930176,,,,0.6080629825592041,,,,0.32695698738098145,,0.3590357303619385,0.32331395149230957,,,,,0.31680727005004883,,,,,,,,0.7069058418273926,0.32781100273132324,,0.30098891258239746,,,0.28415393829345703,,,,,,,,,,,,,,,,,,,
3357,0.3281998634338379,,,,10.199652910232544,,,,0.33417487144470215,,0.3424642086029053,0.3184230327606201,,,,,0.3149549961090088,,,,,,,,1.7920818328857422,0.6215150356292725,,0.3055119514465332,,,0.30845093727111816,,,,,,,,,,,,,,,,,,,
3358,0.3042409420013428,,,,3.631910800933838,,,,0.31147003173828125,,0.35157084465026855,0.3681650161743164,,,,,0.31728315353393555,,,,,,,,0.3526637554168701,0.3101179599761963,,0.3228588104248047,,,0.2991499900817871,,,,,,,,,,,,,,,,,,,
3359,0.3249092102050781,,,,0.5898611545562744,,,,0.33001112937927246,,0.35086917877197266,0.7767248153686523,,,,,0.28264594078063965,,,,,,,,0.35223984718322754,0.3128020763397217,,0.3012208938598633,,,0.2804570198059082,,,,,,,,,,,,,,,,,,,
3360,0.326448917388916,,,,0.5916478633880615,,,,0.3237330913543701,,0.6649699211120605,0.30910325050354004,,,,,0.29067230224609375,,,,,,,,0.29181885719299316,0.6242010593414307,,0.30661606788635254,,,0.3047981262207031,,,,,,,,,,,,,,,,,,,
3361,0.3183729648590088,,,,0.5973072052001953,,,,0.31056904792785645,,0.6360349655151367,0.4167642593383789,,,,,0.31525301933288574,,,,,,,,0.6512258052825928,0.3375370502471924,,0.3006927967071533,,,0.30832409858703613,,,,,,,,,,,,,,,,,,,
3362,0.3081550598144531,,,,2.5239439010620117,,,,0.3292977809906006,,0.6629431247711182,0.3029921054840088,,,,,0.31215810775756836,,,,,,,,0.31805896759033203,0.675933837890625,,0.3017270565032959,,,0.3225381374359131,,,,,,,,,,,,,,,,,,,
3363,0.32625889778137207,,,,0.6267118453979492,,,,0.30826592445373535,,0.3434901237487793,0.3053722381591797,,,,,0.33695483207702637,,,,,,,,0.34964871406555176,0.6309802532196045,,0.3236420154571533,,,0.2817881107330322,,,,,,,,,,,,,,,,,,,
3364,0.3014369010925293,,,,4.960020065307617,,,,0.35118675231933594,,0.2988402843475342,0.4374260902404785,,,,,0.31804418563842773,,,,,,,,0.35915088653564453,0.32961392402648926,,0.30101585388183594,,,0.2942538261413574,,,,,,,,,,,,,,,,,,,
3365,0.3253602981567383,,,,1.818742036819458,,,,0.30814313888549805,,0.2853822708129883,0.5228228569030762,,,,,0.3564109802246094,,,,,,,,0.3243560791015625,0.32312703132629395,,0.30040717124938965,,,0.28615808486938477,,,,,,,,,,,,,,,,,,,
3366,0.3171989917755127,,,,1.1434752941131592,,,,0.30508995056152344,,0.36747312545776367,0.7483830451965332,,,,,0.3148980140686035,,,,,,,,0.6641759872436523,0.6238300800323486,,0.31645917892456055,,,0.28377819061279297,,,,,,,,,,,,,,,,,,,
3367,0.34247303009033203,,,,0.5848839282989502,,,,0.3265857696533203,,0.3676629066467285,0.7719118595123291,,,,,0.33391475677490234,,,,,,,,0.6708939075469971,0.642754077911377,,0.3258018493652344,,,0.31243205070495605,,,,,,,,,,,,,,,,,,,
3368,0.3237431049346924,,,,1.3807179927825928,,,,0.325573205947876,,0.34801506996154785,0.7483429908752441,,,,,0.29897403717041016,,,,,,,,0.33101797103881836,0.3628499507904053,,0.329862117767334,,,0.28391599655151367,,,,,,,,,,,,,,,,,,,
3369,0.33267974853515625,,,,7.180930137634277,,,,0.3535029888153076,,1.000432014465332,0.6796188354492188,,,,,0.32453203201293945,,,,,,,,0.36156582832336426,0.6279981136322021,,0.30038976669311523,,,0.3014967441558838,,,,,,,,,,,,,,,,,,,
3370,0.3128550052642822,,,,0.6080708503723145,,,,0.31712889671325684,,0.6475830078125,0.38266921043395996,,,,,0.33476972579956055,,,,,,,,0.6585969924926758,0.2986478805541992,,0.29614734649658203,,,0.30430078506469727,,,,,,,,,,,,,,,,,,,
3371,0.3021550178527832,,,,20.287303924560547,,,,0.31003713607788086,,0.3580608367919922,0.7514920234680176,,,,,0.3097689151763916,,,,,,,,0.7684407234191895,0.30637192726135254,,0.3041880130767822,,,0.28217601776123047,,,,,,,,,,,,,,,,,,,
3372,0.3504912853240967,,,,2.0323269367218018,,,,0.32864999771118164,,0.3695089817047119,0.7221851348876953,,,,,0.31723690032958984,,,,,,,,0.6524717807769775,0.28962087631225586,,0.3035879135131836,,,0.3363912105560303,,,,,,,,,,,,,,,,,,,
3373,0.30483317375183105,,,,9.341760158538818,,,,0.30452823638916016,,0.48527097702026367,0.7579829692840576,,,,,0.3159198760986328,,,,,,,,0.31989002227783203,0.3351423740386963,,0.3241710662841797,,,0.28305602073669434,,,,,,,,,,,,,,,,,,,
3374,0.3081190586090088,,,,1.4033241271972656,,,,0.3329758644104004,,3.133920907974243,0.7426779270172119,,,,,0.3360929489135742,,,,,,,,0.36547303199768066,0.6646668910980225,,0.3063070774078369,,,0.30089807510375977,,,,,,,,,,,,,,,,,,,
3375,0.32338523864746094,,,,2.406018018722534,,,,0.32924914360046387,,0.6493711471557617,0.38323307037353516,,,,,0.32935094833374023,,,,,,,,0.35240697860717773,0.31450700759887695,,0.32768893241882324,,,0.30898094177246094,,,,,,,,,,,,,,,,,,,
3376,0.31997084617614746,,,,4.081223011016846,,,,0.31037187576293945,,0.29088807106018066,1.0113961696624756,,,,,0.2950310707092285,,,,,,,,0.33562183380126953,0.7094869613647461,,0.3223841190338135,,,0.3110969066619873,,,,,,,,,,,,,,,,,,,
3377,0.34305691719055176,,,,1.3495230674743652,,,,0.32376909255981445,,0.9911298751831055,1.19185209274292,,,,,0.29013705253601074,,,,,,,,0.35643887519836426,0.6421859264373779,,0.29684901237487793,,,0.3226909637451172,,,,,,,,,,,,,,,,,,,
3378,0.2995452880859375,,,,1.8072268962860107,,,,0.3188629150390625,,1.183459997177124,1.1997559070587158,,,,,0.33654093742370605,,,,,,,,0.6956760883331299,0.6323919296264648,,0.33237123489379883,,,0.30294203758239746,,,,,,,,,,,,,,,,,,,
3379,0.3185861110687256,,,,1.3240041732788086,,,,0.33733034133911133,,0.346264123916626,0.3301692008972168,,,,,0.4984269142150879,,,,,,,,0.3581697940826416,0.698195219039917,,0.3018648624420166,,,0.3106820583343506,,,,,,,,,,,,,,,,,,,
3380,0.3181898593902588,,,,0.6095588207244873,,,,0.3272120952606201,,0.9915440082550049,0.3174409866333008,,,,,0.2916300296783447,,,,,,,,0.3570220470428467,0.29320693016052246,,0.31246495246887207,,,0.28351426124572754,,,,,,,,,,,,,,,,,,,
3381,0.32654714584350586,,,,0.6205687522888184,,,,0.3077669143676758,,3.4644711017608643,0.3021268844604492,,,,,0.29151105880737305,,,,,,,,0.3524050712585449,0.671159029006958,,0.3177809715270996,,,0.28647398948669434,,,,,,,,,,,,,,,,,,,
3382,0.34084105491638184,,,,17.98871612548828,,,,0.33075714111328125,,3.035338878631592,0.32956695556640625,,,,,0.3021988868713379,,,,,,,,0.35646986961364746,0.3156120777130127,,0.3220999240875244,,,0.33321070671081543,,,,,,,,,,,,,,,,,,,
3383,0.3091132640838623,,,,,,,,0.3105051517486572,,1.8767199516296387,0.7450180053710938,,,,,0.2678709030151367,,,,,,,,0.33770084381103516,0.628364086151123,,0.34268784523010254,,,0.30634593963623047,,,,,,,,,,,,,,,,,,,
3384,0.32848501205444336,,,,,,,,0.34685516357421875,,0.6859312057495117,0.3435862064361572,,,,,0.30364990234375,,,,,,,,0.31395792961120605,1.1400818824768066,,0.29575181007385254,,,0.30060410499572754,,,,,,,,,,,,,,,,,,,
3385,0.2996351718902588,,,,,,,,0.31742000579833984,,1.0238850116729736,0.354097843170166,,,,,0.3280460834503174,,,,,,,,0.3466818332672119,0.3352961540222168,,0.2984340190887451,,,0.30876874923706055,,,,,,,,,,,,,,,,,,,
3386,0.30148768424987793,,,,,,,,0.31659817695617676,,1.0610401630401611,0.32548999786376953,,,,,0.29684019088745117,,,,,,,,0.7204840183258057,0.6754441261291504,,0.30312323570251465,,,0.30703115463256836,,,,,,,,,,,,,,,,,,,
3387,0.3229501247406006,,,,,,,,0.323652982711792,,0.6684463024139404,3.774106740951538,,,,,0.31789231300354004,,,,,,,,0.3406498432159424,0.3030390739440918,,0.3018770217895508,,,0.32457494735717773,,,,,,,,,,,,,,,,,,,
3388,0.3058640956878662,,,,,,,,0.3061492443084717,,1.0138230323791504,0.328815221786499,,,,,0.31863975524902344,,,,,,,,0.7623870372772217,0.30169177055358887,,0.3222332000732422,,,0.28296709060668945,,,,,,,,,,,,,,,,,,,
3389,0.32450032234191895,,,,,,,,0.3320651054382324,,0.6893460750579834,0.33078598976135254,,,,,0.3239729404449463,,,,,,,,0.32566118240356445,0.33377504348754883,,0.3118712902069092,,,0.3031799793243408,,,,,,,,,,,,,,,,,,,
3390,0.3251779079437256,,,,,,,,0.32503390312194824,,0.6550838947296143,0.3324458599090576,,,,,0.31331300735473633,,,,,,,,1.562680959701538,0.3201329708099365,,0.32369303703308105,,,0.28524303436279297,,,,,,,,,,,,,,,,,,,
3391,0.30971217155456543,,,,,,,,0.3175089359283447,,1.4691808223724365,0.30198192596435547,,,,,0.3150448799133301,,,,,,,,0.7058889865875244,0.2969050407409668,,0.30979299545288086,,,0.2968020439147949,,,,,,,,,,,,,,,,,,,
3392,0.34963107109069824,,,,,,,,0.3103973865509033,,1.1129779815673828,0.31945276260375977,,,,,0.317626953125,,,,,,,,0.31496596336364746,0.3044250011444092,,0.29548001289367676,,,0.3252260684967041,,,,,,,,,,,,,,,,,,,
3393,0.2985372543334961,,,,,,,,0.3079860210418701,,0.6063618659973145,0.3141770362854004,,,,,0.27677011489868164,,,,,,,,0.7275040149688721,0.3160545825958252,,0.33701300621032715,,,0.28261303901672363,,,,,,,,,,,,,,,,,,,
3394,0.31345033645629883,,,,,,,,0.3447129726409912,,0.6270647048950195,0.35040807723999023,,,,,0.4701659679412842,,,,,,,,0.688946008682251,0.3200650215148926,,0.3180100917816162,,,0.2894258499145508,,,,,,,,,,,,,,,,,,,
3395,0.3261899948120117,,,,,,,,0.3173360824584961,,1.4422030448913574,0.33220505714416504,,,,,0.31554102897644043,,,,,,,,0.6895310878753662,0.6099522113800049,,0.3227691650390625,,,0.2850203514099121,,,,,,,,,,,,,,,,,,,
3396,0.3205530643463135,,,,,,,,0.3025343418121338,,1.4929389953613281,0.74668288230896,,,,,0.3390979766845703,,,,,,,,0.31437110900878906,0.28900575637817383,,0.31829214096069336,,,0.2844829559326172,,,,,,,,,,,,,,,,,,,
3397,0.34360694885253906,,,,,,,,0.3256251811981201,,1.4674429893493652,0.3177480697631836,,,,,0.2750389575958252,,,,,,,,1.2145512104034424,0.6620407104492188,,0.32317066192626953,,,0.3221259117126465,,,,,,,,,,,,,,,,,,,
3398,0.3136270046234131,,,,,,,,0.310164213180542,,0.307049036026001,1.797699213027954,,,,,0.3148369789123535,,,,,,,,1.2133491039276123,0.3175320625305176,,0.33694887161254883,,,0.3055539131164551,,,,,,,,,,,,,,,,,,,
3399,0.3234560489654541,,,,,,,,0.3519020080566406,,4.719130039215088,0.30646610260009766,,,,,0.2975351810455322,,,,,,,,1.2009680271148682,0.6743271350860596,,0.2970011234283447,,,0.30803918838500977,,,,,,,,,,,,,,,,,,,
3400,0.3011209964752197,,,,,,,,0.3320119380950928,,0.6560347080230713,0.35373711585998535,,,,,0.3379828929901123,,,,,,,,1.566697120666504,0.6458191871643066,,0.32564473152160645,,,0.30585598945617676,,,,,,,,,,,,,,,,,,,
3401,0.3160550594329834,,,,,,,,0.31479334831237793,,20.911282062530518,0.311784029006958,,,,,0.29189085960388184,,,,,,,,0.2967979907989502,0.6580178737640381,,0.3263528347015381,,,0.2994701862335205,,,,,,,,,,,,,,,,,,,
3402,0.34173083305358887,,,,,,,,0.31420373916625977,,8.786313772201538,0.32396483421325684,,,,,0.29865097999572754,,,,,,,,1.1858582496643066,0.33379578590393066,,0.301192045211792,,,0.3058888912200928,,,,,,,,,,,,,,,,,,,
3403,0.32047009468078613,,,,,,,,0.3056190013885498,,1.0359899997711182,0.3169670104980469,,,,,0.5975790023803711,,,,,,,,0.7383558750152588,2.8074252605438232,,0.33495283126831055,,,0.281083345413208,,,,,,,,,,,,,,,,,,,
3404,0.3201930522918701,,,,,,,,0.3501248359680176,,1.8995931148529053,0.3134348392486572,,,,,0.29371118545532227,,,,,,,,0.7165250778198242,0.6296932697296143,,0.3190650939941406,,,0.2926931381225586,,,,,,,,,,,,,,,,,,,
3405,0.31443095207214355,,,,,,,,0.3282041549682617,,0.6156549453735352,0.3239610195159912,,,,,0.3338639736175537,,,,,,,,0.8808159828186035,0.6553640365600586,,0.32504701614379883,,,0.28890514373779297,,,,,,,,,,,,,,,,,,,
3406,0.32874584197998047,,,,,,,,0.32643985748291016,,0.6860198974609375,1.2205779552459717,,,,,0.3181037902832031,,,,,,,,0.31503796577453613,0.7028810977935791,,0.29521799087524414,,,0.294572114944458,,,,,,,,,,,,,,,,,,,
3407,0.3280351161956787,,,,,,,,0.3114659786224365,,1.0500309467315674,0.3228480815887451,,,,,0.2725369930267334,,,,,,,,0.48479390144348145,0.5282843112945557,,0.30631089210510254,,,0.32785582542419434,,,,,,,,,,,,,,,,,,,
3408,0.3004601001739502,,,,,,,,0.326063871383667,,1.4291462898254395,0.300339937210083,,,,,0.32207489013671875,,,,,,,,0.6824300289154053,2.3591480255126953,,0.3416261672973633,,,0.2817409038543701,,,,,,,,,,,,,,,,,,,
3409,0.3035929203033447,,,,,,,,0.35852599143981934,,0.6276040077209473,0.3163299560546875,,,,,0.29702091217041016,,,,,,,,0.3001279830932617,0.31305718421936035,,0.31897807121276855,,,0.3028080463409424,,,,,,,,,,,,,,,,,,,
3410,0.3301980495452881,,,,,,,,0.30184292793273926,,1.1102280616760254,0.3256967067718506,,,,,0.31384897232055664,,,,,,,,0.7190172672271729,3.898944139480591,,0.3222188949584961,,,0.2823359966278076,,,,,,,,,,,,,,,,,,,
3411,0.31601715087890625,,,,,,,,0.3068878650665283,,0.6596758365631104,0.32495999336242676,,,,,0.3397550582885742,,,,,,,,0.3375239372253418,0.3157010078430176,,0.32102298736572266,,,0.30266308784484863,,,,,,,,,,,,,,,,,,,
3412,0.3359870910644531,,,,,,,,0.3313441276550293,,1.069854974746704,0.3542640209197998,,,,,0.2981996536254883,,,,,,,,2.1191649436950684,0.32623839378356934,,0.30835890769958496,,,0.3321866989135742,,,,,,,,,,,,,,,,,,,
3413,0.3042759895324707,,,,,,,,0.33327484130859375,,2.7363228797912598,0.3109009265899658,,,,,0.32285308837890625,,,,,,,,1.18827486038208,1.556697130203247,,0.35253024101257324,,,0.3007240295410156,,,,,,,,,,,,,,,,,,,
3414,0.32474493980407715,,,,,,,,0.35653138160705566,,0.40616488456726074,0.31725025177001953,,,,,0.6568028926849365,,,,,,,,0.730172872543335,1.1186461448669434,,0.30010080337524414,,,0.3089940547943115,,,,,,,,,,,,,,,,,,,
3415,0.2986328601837158,,,,,,,,0.31649279594421387,,2.2815239429473877,0.32042407989501953,,,,,0.7125208377838135,,,,,,,,0.7121400833129883,1.9019217491149902,,0.3188469409942627,,,0.2944049835205078,,,,,,,,,,,,,,,,,,,
3416,0.3244149684906006,,,,,,,,0.3170468807220459,,1.4465761184692383,1.1754059791564941,,,,,0.29178905487060547,,,,,,,,0.31295299530029297,0.3129870891571045,,0.3132359981536865,,,0.29363107681274414,,,,,,,,,,,,,,,,,,,
3417,0.3388688564300537,,,,,,,,0.32430434226989746,,1.0572233200073242,0.3487381935119629,,,,,0.9324619770050049,,,,,,,,2.0835561752319336,0.3216278553009033,,0.3014388084411621,,,0.3008270263671875,,,,,,,,,,,,,,,,,,,
3418,0.3192307949066162,,,,,,,,0.3034207820892334,,1.4178149700164795,0.30634498596191406,,,,,0.3141748905181885,,,,,,,,2.081449031829834,0.41135096549987793,,0.35021114349365234,,,0.2870910167694092,,,,,,,,,,,,,,,,,,,
3419,0.3235490322113037,,,,,,,,0.3391427993774414,,1.5106408596038818,0.30670905113220215,,,,,0.2718226909637451,,,,,,,,0.7030298709869385,0.32083702087402344,,0.30974698066711426,,,0.29103589057922363,,,,,,,,,,,,,,,,,,,
3420,0.3061501979827881,,,,,,,,0.310107946395874,,1.4244768619537354,0.303818941116333,,,,,0.31087613105773926,,,,,,,,2.9386229515075684,1.5079939365386963,,0.30167603492736816,,,0.2823469638824463,,,,,,,,,,,,,,,,,,,
3421,0.3048520088195801,,,,,,,,0.33524608612060547,,3.028237819671631,0.32822132110595703,,,,,0.33971667289733887,,,,,,,,0.31070399284362793,0.49463391304016113,,0.30035996437072754,,,0.29999613761901855,,,,,,,,,,,,,,,,,,,
3422,0.3200070858001709,,,,,,,,0.32107019424438477,,1.073080062866211,0.33665990829467773,,,,,0.30289793014526367,,,,,,,,0.7385327816009521,1.5411219596862793,,0.3069729804992676,,,0.3293638229370117,,,,,,,,,,,,,,,,,,,
3423,0.2989017963409424,,,,,,,,0.3321678638458252,,1.8508012294769287,0.31563901901245117,,,,,0.29412293434143066,,,,,,,,0.653454065322876,0.3156111240386963,,0.34373998641967773,,,0.3031198978424072,,,,,,,,,,,,,,,,,,,
3424,0.3077127933502197,,,,,,,,0.3518860340118408,,0.6852762699127197,0.3195381164550781,,,,,0.44352102279663086,,,,,,,,0.7334179878234863,0.6368770599365234,,0.3214879035949707,,,0.3071751594543457,,,,,,,,,,,,,,,,,,,
3425,0.3018498420715332,,,,,,,,0.30796384811401367,,0.35890889167785645,0.3190150260925293,,,,,0.29688596725463867,,,,,,,,0.7489869594573975,0.32028889656066895,,0.3245508670806885,,,0.28634214401245117,,,,,,,,,,,,,,,,,,,
3426,0.3013761043548584,,,,,,,,0.3147239685058594,,0.6741089820861816,0.31787705421447754,,,,,0.2928602695465088,,,,,,,,0.2947399616241455,0.6596941947937012,,0.30594396591186523,,,0.30355310440063477,,,,,,,,,,,,,,,,,,,
3427,0.3299248218536377,,,,,,,,0.3162069320678711,,0.6609179973602295,0.3485431671142578,,,,,0.32007789611816406,,,,,,,,0.7064208984375,0.31883811950683594,,0.3067042827606201,,,0.3217339515686035,,,,,,,,,,,,,,,,,,,
3428,0.3244659900665283,,,,,,,,0.327406644821167,,0.3781449794769287,0.32019996643066406,,,,,0.29535508155822754,,,,,,,,2.3917698860168457,0.3094217777252197,,0.3486058712005615,,,0.3087270259857178,,,,,,,,,,,,,,,,,,,
3429,0.3211100101470947,,,,,,,,0.35379576683044434,,0.8307838439941406,0.3118100166320801,,,,,0.27115797996520996,,,,,,,,0.33498382568359375,0.30535888671875,,0.29773998260498047,,,0.3091750144958496,,,,,,,,,,,,,,,,,,,
3430,0.2980470657348633,,,,,,,,0.31691908836364746,,0.3406028747558594,1.5891618728637695,,,,,0.31743311882019043,,,,,,,,0.3244438171386719,0.28695106506347656,,0.3198091983795166,,,0.29776692390441895,,,,,,,,,,,,,,,,,,,
3431,0.32544875144958496,,,,,,,,0.3182063102722168,,0.341508150100708,0.3495798110961914,,,,,0.6282382011413574,,,,,,,,0.3185131549835205,0.3181278705596924,,0.32005906105041504,,,0.28522396087646484,,,,,,,,,,,,,,,,,,,
3432,0.33022165298461914,,,,,,,,0.3136599063873291,,0.3653900623321533,0.31536006927490234,,,,,0.29485082626342773,,,,,,,,0.6818246841430664,0.32332897186279297,,0.31848883628845215,,,0.30049586296081543,,,,,,,,,,,,,,,,,,,
3433,0.3037302494049072,,,,,,,,0.33655500411987305,,0.34302306175231934,0.31533002853393555,,,,,0.2956349849700928,,,,,,,,0.31299710273742676,0.3173258304595947,,0.33472609519958496,,,0.30600404739379883,,,,,,,,,,,,,,,,,,,
3434,0.3273000717163086,,,,,,,,0.3613259792327881,,0.6816220283508301,0.31757593154907227,,,,,0.29689812660217285,,,,,,,,0.3308098316192627,0.6254510879516602,,0.3276660442352295,,,0.30554819107055664,,,,,,,,,,,,,,,,,,,
3435,0.3194308280944824,,,,,,,,0.3264131546020508,,0.6868360042572021,1.1981408596038818,,,,,0.30849790573120117,,,,,,,,0.43764209747314453,0.3080921173095703,,0.3252418041229248,,,0.30539894104003906,,,,,,,,,,,,,,,,,,,
3436,0.30871081352233887,,,,,,,,0.31610608100891113,,0.7122292518615723,0.32830286026000977,,,,,0.30097198486328125,,,,,,,,0.32461118698120117,0.3342461585998535,,0.30097413063049316,,,0.30414724349975586,,,,,,,,,,,,,,,,,,,
3437,0.3231239318847656,,,,,,,,0.33515501022338867,,0.6438531875610352,0.3073127269744873,,,,,0.3142859935760498,,,,,,,,0.3595256805419922,0.6751658916473389,,0.3054349422454834,,,0.3167080879211426,,,,,,,,,,,,,,,,,,,
3438,0.33771181106567383,,,,,,,,0.34375810623168945,,1.0548598766326904,0.3070499897003174,,,,,0.2982907295227051,,,,,,,,0.32808804512023926,0.3211047649383545,,0.32430100440979004,,,0.2901918888092041,,,,,,,,,,,,,,,,,,,
3439,0.3226330280303955,,,,,,,,0.3418252468109131,,0.6786739826202393,1.6427462100982666,,,,,0.29346799850463867,,,,,,,,0.33871889114379883,0.2985858917236328,,0.29892611503601074,,,0.28664278984069824,,,,,,,,,,,,,,,,,,,
3440,0.32439327239990234,,,,,,,,0.3153877258300781,,0.658362865447998,0.3160128593444824,,,,,0.3585689067840576,,,,,,,,0.6666932106018066,0.33740806579589844,,0.31407999992370605,,,0.30886077880859375,,,,,,,,,,,,,,,,,,,
3441,0.3270740509033203,,,,,,,,0.3151569366455078,,0.663424015045166,0.3061220645904541,,,,,0.29741573333740234,,,,,,,,0.3208487033843994,0.31337404251098633,,0.32201600074768066,,,0.3087799549102783,,,,,,,,,,,,,,,,,,,
3442,0.32561421394348145,,,,,,,,0.32545995712280273,,0.7111499309539795,0.33174824714660645,,,,,0.3023240566253662,,,,,,,,0.30945611000061035,0.33042001724243164,,0.3206031322479248,,,0.32842087745666504,,,,,,,,,,,,,,,,,,,
3443,0.3272981643676758,,,,,,,,0.33580899238586426,,0.6625628471374512,0.3531067371368408,,,,,0.6608750820159912,,,,,,,,0.31554698944091797,0.29767489433288574,,0.3175351619720459,,,0.30756187438964844,,,,,,,,,,,,,,,,,,,
3444,0.3079202175140381,,,,,,,,0.3563830852508545,,0.6773622035980225,0.33885622024536133,,,,,0.6681451797485352,,,,,,,,0.7270519733428955,0.2915487289428711,,0.306304931640625,,,0.3001401424407959,,,,,,,,,,,,,,,,,,,
3445,0.31564998626708984,,,,,,,,0.33221983909606934,,1.1017799377441406,0.3078641891479492,,,,,0.3416447639465332,,,,,,,,0.31647396087646484,0.6380038261413574,,0.31688880920410156,,,0.3093099594116211,,,,,,,,,,,,,,,,,,,
3446,0.2952558994293213,,,,,,,,0.3386189937591553,,0.7083871364593506,0.31926798820495605,,,,,0.3135700225830078,,,,,,,,0.699955940246582,0.3142588138580322,,0.3259110450744629,,,0.30026912689208984,,,,,,,,,,,,,,,,,,,
3447,0.32685208320617676,,,,,,,,0.3053171634674072,,0.6701350212097168,0.3259720802307129,,,,,0.2964010238647461,,,,,,,,0.32651424407958984,0.29791903495788574,,0.31337499618530273,,,0.305156946182251,,,,,,,,,,,,,,,,,,,
3448,0.3105502128601074,,,,,,,,0.3133671283721924,,0.702754020690918,0.3055408000946045,,,,,0.9870352745056152,,,,,,,,0.3607499599456787,0.3288140296936035,,0.3405039310455322,,,0.3106691837310791,,,,,,,,,,,,,,,,,,,
3449,0.30129170417785645,,,,,,,,0.3375701904296875,,0.6424310207366943,0.3349609375,,,,,0.3143460750579834,,,,,,,,0.7385070323944092,0.6546292304992676,,0.3266880512237549,,,0.3102531433105469,,,,,,,,,,,,,,,,,,,
3450,0.30568790435791016,,,,,,,,0.3354799747467041,,1.077430009841919,0.32002782821655273,,,,,0.6472749710083008,,,,,,,,0.345858097076416,0.6812291145324707,,0.31823110580444336,,,0.2919349670410156,,,,,,,,,,,,,,,,,,,
3451,0.30579185485839844,,,,,,,,0.3206651210784912,,0.7171258926391602,0.3188028335571289,,,,,0.6513617038726807,,,,,,,,0.31783199310302734,1.489335060119629,,0.29758405685424805,,,0.2894010543823242,,,,,,,,,,,,,,,,,,,
3452,0.31707191467285156,,,,,,,,0.31501007080078125,,0.34024500846862793,0.7536919116973877,,,,,0.6683797836303711,,,,,,,,0.3257560729980469,0.2998080253601074,,0.32749295234680176,,,0.3115057945251465,,,,,,,,,,,,,,,,,,,
3453,0.29475975036621094,,,,,,,,0.32709312438964844,,0.7076737880706787,0.3567469120025635,,,,,0.33277177810668945,,,,,,,,0.3280148506164551,0.8421499729156494,,0.3267552852630615,,,0.28894996643066406,,,,,,,,,,,,,,,,,,,
3454,0.31627607345581055,,,,,,,,0.3338019847869873,,0.66690993309021,0.3124117851257324,,,,,0.29624223709106445,,,,,,,,0.3383982181549072,0.3096959590911865,,0.30805492401123047,,,0.2806088924407959,,,,,,,,,,,,,,,,,,,
3455,0.2968900203704834,,,,,,,,0.3081810474395752,,0.8233840465545654,0.3117849826812744,,,,,0.2947251796722412,,,,,,,,0.3380270004272461,0.31786274909973145,,0.323944091796875,,,0.2912881374359131,,,,,,,,,,,,,,,,,,,
3456,0.3131091594696045,,,,,,,,0.3237340450286865,,0.6887140274047852,0.32543492317199707,,,,,0.6702380180358887,,,,,,,,0.31157827377319336,0.6090281009674072,,0.3193657398223877,,,0.28852200508117676,,,,,,,,,,,,,,,,,,,
3457,0.31639719009399414,,,,,,,,0.30938005447387695,,0.6711783409118652,0.307689905166626,,,,,0.7023241519927979,,,,,,,,0.3332240581512451,0.3174858093261719,,0.3195052146911621,,,0.31791210174560547,,,,,,,,,,,,,,,,,,,
3458,0.3058509826660156,,,,,,,,0.3323347568511963,,0.30479884147644043,2.070625066757202,,,,,0.6824398040771484,,,,,,,,0.3419229984283447,0.6290571689605713,,0.31984615325927734,,,0.3005974292755127,,,,,,,,,,,,,,,,,,,
3459,0.30164289474487305,,,,,,,,0.34529590606689453,,1.5084929466247559,0.31145286560058594,,,,,0.6833221912384033,,,,,,,,0.3248140811920166,0.3377952575683594,,0.3212149143218994,,,0.2869892120361328,,,,,,,,,,,,,,,,,,,
3460,0.2923450469970703,,,,,,,,0.3288710117340088,,1.5222761631011963,0.3447909355163574,,,,,0.6583559513092041,,,,,,,,0.3313779830932617,0.6361327171325684,,0.32065773010253906,,,0.2879927158355713,,,,,,,,,,,,,,,,,,,
3461,0.30481529235839844,,,,,,,,0.30731725692749023,,0.660423994064331,0.3063838481903076,,,,,0.6756138801574707,,,,,,,,0.3241431713104248,0.3150179386138916,,0.3222472667694092,,,0.28705310821533203,,,,,,,,,,,,,,,,,,,
3462,0.3115839958190918,,,,,,,,0.3060281276702881,,0.36188507080078125,0.3203160762786865,,,,,0.6898860931396484,,,,,,,,0.3414881229400635,0.3161799907684326,,0.3157050609588623,,,0.6592650413513184,,,,,,,,,,,,,,,,,,,
3463,0.3186779022216797,,,,,,,,0.3286170959472656,,0.3532230854034424,0.31887197494506836,,,,,1.1530311107635498,,,,,,,,0.7360429763793945,0.6196730136871338,,0.3336031436920166,,,0.28971290588378906,,,,,,,,,,,,,,,,,,,
3464,0.3139030933380127,,,,,,,,0.35676002502441406,,0.8228781223297119,0.31502199172973633,,,,,0.7066898345947266,,,,,,,,1.9965360164642334,0.3018019199371338,,0.3039271831512451,,,0.2878139019012451,,,,,,,,,,,,,,,,,,,
3465,0.2948570251464844,,,,,,,,0.3094022274017334,,0.6587619781494141,0.3478379249572754,,,,,0.7039649486541748,,,,,,,,0.31818413734436035,0.6502420902252197,,0.29549622535705566,,,0.29190707206726074,,,,,,,,,,,,,,,,,,,
3466,0.2904198169708252,,,,,,,,0.329913854598999,,0.6874709129333496,0.3092019557952881,,,,,0.722149133682251,,,,,,,,0.3150978088378906,0.7289528846740723,,0.2984938621520996,,,0.28822827339172363,,,,,,,,,,,,,,,,,,,
3467,0.3255298137664795,,,,,,,,0.3313562870025635,,0.7155568599700928,0.32219696044921875,,,,,0.6316540241241455,,,,,,,,2.0269291400909424,0.6039900779724121,,0.3175628185272217,,,0.290539026260376,,,,,,,,,,,,,,,,,,,
3468,0.34171509742736816,,,,,,,,0.32131481170654297,,1.4620769023895264,0.3067951202392578,,,,,0.30435895919799805,,,,,,,,0.7169878482818604,0.2898240089416504,,0.34036874771118164,,,0.3144819736480713,,,,,,,,,,,,,,,,,,,
3469,0.3106391429901123,,,,,,,,0.3278670310974121,,0.7129561901092529,1.2562198638916016,,,,,1.062140941619873,,,,,,,,0.3203577995300293,0.7065811157226562,,0.3214149475097656,,,0.2814159393310547,,,,,,,,,,,,,,,,,,,
3470,0.30314207077026367,,,,,,,,0.33130717277526855,,1.1971981525421143,1.6291589736938477,,,,,0.3176612854003906,,,,,,,,1.5784211158752441,0.6047608852386475,,0.3229231834411621,,,0.30329203605651855,,,,,,,,,,,,,,,,,,,
3471,0.30333805084228516,,,,,,,,0.3143928050994873,,0.6900599002838135,0.33904099464416504,,,,,0.6599597930908203,,,,,,,,1.1788029670715332,0.31824278831481934,,0.31807470321655273,,,0.30712103843688965,,,,,,,,,,,,,,,,,,,
3472,0.3019287586212158,,,,,,,,0.3235437870025635,,0.7088229656219482,0.34505486488342285,,,,,1.1317532062530518,,,,,,,,0.7043330669403076,0.3184938430786133,,0.32211995124816895,,,0.30407094955444336,,,,,,,,,,,,,,,,,,,
3473,0.3242471218109131,,,,,,,,0.3167281150817871,,0.6880142688751221,1.6146111488342285,,,,,0.684945821762085,,,,,,,,0.3361670970916748,0.698322057723999,,0.3192319869995117,,,0.2821371555328369,,,,,,,,,,,,,,,,,,,
3474,0.2976541519165039,,,,,,,,0.33563899993896484,,0.6898303031921387,0.3328843116760254,,,,,0.7214820384979248,,,,,,,,0.7409772872924805,0.2971310615539551,,0.31063389778137207,,,0.3125460147857666,,,,,,,,,,,,,,,,,,,
3475,0.3018310070037842,,,,,,,,0.32755613327026367,,0.7014150619506836,0.3833000659942627,,,,,0.6800389289855957,,,,,,,,1.2104430198669434,0.3285510540008545,,0.29892611503601074,,,0.28835296630859375,,,,,,,,,,,,,,,,,,,
3476,0.3146543502807617,,,,,,,,0.31278491020202637,,0.691633939743042,0.3648509979248047,,,,,0.6475090980529785,,,,,,,,0.7118148803710938,0.31176209449768066,,0.30693984031677246,,,0.2807469367980957,,,,,,,,,,,,,,,,,,,
3477,0.3236680030822754,,,,,,,,0.3047497272491455,,0.6699972152709961,0.3485572338104248,,,,,0.6961002349853516,,,,,,,,0.31253981590270996,0.3188509941101074,,0.30123281478881836,,,0.2991819381713867,,,,,,,,,,,,,,,,,,,
3478,0.34105515480041504,,,,,,,,0.3180990219116211,,0.7096099853515625,0.32692503929138184,,,,,0.6701161861419678,,,,,,,,0.31998395919799805,0.5140070915222168,,0.32273197174072266,,,0.30886387825012207,,,,,,,,,,,,,,,,,,,
3479,0.3145749568939209,,,,,,,,0.3492410182952881,,0.3718421459197998,0.32854700088500977,,,,,0.6421701908111572,,,,,,,,0.7083399295806885,1.3699500560760498,,0.31690001487731934,,,0.30727314949035645,,,,,,,,,,,,,,,,,,,
3480,0.3230280876159668,,,,,,,,0.334395170211792,,0.6805419921875,1.2111389636993408,,,,,0.6954598426818848,,,,,,,,0.7462449073791504,0.6708869934082031,,0.29328370094299316,,,0.3007690906524658,,,,,,,,,,,,,,,,,,,
3481,0.2996029853820801,,,,,,,,0.31075406074523926,,1.5361461639404297,0.317533016204834,,,,,0.6864147186279297,,,,,,,,1.2246620655059814,0.6258409023284912,,0.3228137493133545,,,0.3292050361633301,,,,,,,,,,,,,,,,,,,
3482,0.3141188621520996,,,,,,,,0.32120299339294434,,0.3692641258239746,0.3081960678100586,,,,,0.6846957206726074,,,,,,,,0.7463879585266113,0.6516737937927246,,0.31879401206970215,,,0.2608020305633545,,,,,,,,,,,,,,,,,,,
3483,0.348071813583374,,,,,,,,0.31751585006713867,,0.355452299118042,0.7770109176635742,,,,,0.6820919513702393,,,,,,,,0.7185962200164795,1.1724932193756104,,0.3464319705963135,,,0.3113667964935303,,,,,,,,,,,,,,,,,,,
3484,0.3119049072265625,,,,,,,,0.32430267333984375,,0.3409311771392822,0.32935380935668945,,,,,0.9582109451293945,,,,,,,,1.2266359329223633,0.3260328769683838,,0.31394386291503906,,,0.30356407165527344,,,,,,,,,,,,,,,,,,,
3485,0.32629823684692383,,,,,,,,0.3261229991912842,,0.6784298419952393,0.3363227844238281,,,,,0.7004718780517578,,,,,,,,0.3246791362762451,0.3206610679626465,,0.32225513458251953,,,0.2791306972503662,,,,,,,,,,,,,,,,,,,
3486,0.3146097660064697,,,,,,,,0.3062300682067871,,0.6692280769348145,0.3232707977294922,,,,,0.6676228046417236,,,,,,,,1.1705758571624756,0.648252010345459,,0.31972503662109375,,,0.3025178909301758,,,,,,,,,,,,,,,,,,,
3487,0.3247520923614502,,,,,,,,0.3123602867126465,,0.6838281154632568,0.31504297256469727,,,,,1.0877492427825928,,,,,,,,1.693936824798584,0.34250497817993164,,0.2979259490966797,,,0.307758092880249,,,,,,,,,,,,,,,,,,,
3488,0.34343504905700684,,,,,,,,0.3239407539367676,,0.6816868782043457,0.31888318061828613,,,,,0.6861250400543213,,,,,,,,1.2049238681793213,0.6353409290313721,,0.34111475944519043,,,0.3042111396789551,,,,,,,,,,,,,,,,,,,
3489,0.3021433353424072,,,,,,,,0.33432602882385254,,0.656785249710083,0.31478404998779297,,,,,0.6679627895355225,,,,,,,,0.3151969909667969,0.6544399261474609,,0.32521605491638184,,,0.28362274169921875,,,,,,,,,,,,,,,,,,,
3490,0.30265307426452637,,,,,,,,0.32393598556518555,,0.6393542289733887,0.30770206451416016,,,,,0.6807129383087158,,,,,,,,0.717869758605957,0.2920670509338379,,0.3114008903503418,,,0.27898693084716797,,,,,,,,,,,,,,,,,,,
3491,0.3092520236968994,,,,,,,,0.3040640354156494,,0.7173309326171875,0.3372941017150879,,,,,1.022374153137207,,,,,,,,0.3303871154785156,0.6283481121063232,,0.3002290725708008,,,0.31380796432495117,,,,,,,,,,,,,,,,,,,
3492,0.3245849609375,,,,,,,,0.31087493896484375,,0.7298212051391602,0.33596205711364746,,,,,1.0124480724334717,,,,,,,,1.6221287250518799,0.3167238235473633,,0.30266690254211426,,,0.28779006004333496,,,,,,,,,,,,,,,,,,,
3493,0.3344449996948242,,,,,,,,0.3310680389404297,,4.346611261367798,1.6732399463653564,,,,,0.6965677738189697,,,,,,,,1.2095611095428467,0.3207130432128906,,0.33093905448913574,,,0.294813871383667,,,,,,,,,,,,,,,,,,,
3494,0.29878997802734375,,,,,,,,0.3314323425292969,,0.6833038330078125,0.31927490234375,,,,,0.6460368633270264,,,,,,,,0.31111931800842285,0.3170590400695801,,0.32102108001708984,,,0.31087207794189453,,,,,,,,,,,,,,,,,,,
3495,0.2903859615325928,,,,,,,,0.3263392448425293,,1.94777512550354,0.765557050704956,,,,,0.9499320983886719,,,,,,,,1.2122690677642822,0.6464428901672363,,0.3012862205505371,,,0.2989821434020996,,,,,,,,,,,,,,,,,,,
3496,0.2886230945587158,,,,,,,,0.30896687507629395,,1.5302629470825195,0.3055689334869385,,,,,0.6904137134552002,,,,,,,,0.7255458831787109,0.6129679679870605,,0.32703709602355957,,,0.3058300018310547,,,,,,,,,,,,,,,,,,,
3497,0.31067705154418945,,,,,,,,0.3248598575592041,,0.67873215675354,0.33399128913879395,,,,,0.3265509605407715,,,,,,,,0.31183791160583496,0.3216700553894043,,0.30490708351135254,,,0.28456807136535645,,,,,,,,,,,,,,,,,,,
3498,0.32637619972229004,,,,,,,,0.30373239517211914,,1.161764144897461,0.3109617233276367,,,,,0.31319499015808105,,,,,,,,0.7074539661407471,0.9032690525054932,,0.3213229179382324,,,0.28701066970825195,,,,,,,,,,,,,,,,,,,
3499,0.3121800422668457,,,,,,,,0.3374490737915039,,0.6887390613555908,0.3255009651184082,,,,,0.31882190704345703,,,,,,,,0.6857340335845947,0.6322021484375,,0.31589198112487793,,,0.3026578426361084,,,,,,,,,,,,,,,,,,,
3500,0.3090648651123047,,,,,,,,0.3258688449859619,,0.659343957901001,0.8032867908477783,,,,,0.29773688316345215,,,,,,,,0.34111785888671875,0.2921290397644043,,0.31169795989990234,,,0.3031270503997803,,,,,,,,,,,,,,,,,,,
3501,0.3073258399963379,,,,,,,,0.3219280242919922,,0.6806552410125732,0.3139328956604004,,,,,0.3019850254058838,,,,,,,,0.705517053604126,0.6906039714813232,,0.3289601802825928,,,0.3131139278411865,,,,,,,,,,,,,,,,,,,
3502,0.30239272117614746,,,,,,,,0.3101210594177246,,2.8131330013275146,0.3174397945404053,,,,,0.6871490478515625,,,,,,,,1.1985652446746826,0.6296491622924805,,0.2989060878753662,,,0.2924051284790039,,,,,,,,,,,,,,,,,,,
3503,0.311906099319458,,,,,,,,0.3263700008392334,,2.736417055130005,0.42875003814697266,,,,,0.3263869285583496,,,,,,,,0.3471660614013672,0.3032231330871582,,0.3378269672393799,,,0.31309080123901367,,,,,,,,,,,,,,,,,,,
3504,0.3063170909881592,,,,,,,,0.3580291271209717,,0.6854438781738281,0.3156259059906006,,,,,0.3174140453338623,,,,,,,,1.209806203842163,0.31911802291870117,,0.3259398937225342,,,0.28099799156188965,,,,,,,,,,,,,,,,,,,
3505,0.32195496559143066,,,,,,,,0.31374478340148926,,0.7442610263824463,0.3433971405029297,,,,,0.32312703132629395,,,,,,,,1.2152860164642334,0.31185412406921387,,0.31696295738220215,,,0.28302812576293945,,,,,,,,,,,,,,,,,,,
3506,0.31807518005371094,,,,,,,,0.30586791038513184,,1.1175870895385742,0.3147892951965332,,,,,0.316713809967041,,,,,,,,0.7464377880096436,0.6531989574432373,,0.31729888916015625,,,0.29917001724243164,,,,,,,,,,,,,,,,,,,
3507,0.3206822872161865,,,,,,,,0.3122749328613281,,0.6791749000549316,0.30957508087158203,,,,,0.7070708274841309,,,,,,,,0.702707052230835,0.6333332061767578,,0.321361780166626,,,0.3066220283508301,,,,,,,,,,,,,,,,,,,
3508,0.33928894996643066,,,,,,,,0.3318970203399658,,1.0769801139831543,3.8418350219726562,,,,,1.0898067951202393,,,,,,,,0.3390688896179199,0.6803200244903564,,0.3401601314544678,,,0.28381896018981934,,,,,,,,,,,,,,,,,,,
3509,0.31795215606689453,,,,,,,,0.3500359058380127,,0.6850528717041016,0.3122880458831787,,,,,0.3175649642944336,,,,,,,,0.31772589683532715,0.6354138851165771,,0.32463502883911133,,,0.29944705963134766,,,,,,,,,,,,,,,,,,,
3510,0.29746580123901367,,,,,,,,0.31840085983276367,,1.1727888584136963,0.33320021629333496,,,,,0.32060813903808594,,,,,,,,0.7346079349517822,0.2962150573730469,,0.2983400821685791,,,0.3058969974517822,,,,,,,,,,,,,,,,,,,
3511,0.30521082878112793,,,,,,,,0.3199939727783203,,1.16776704788208,0.3380300998687744,,,,,0.32110595703125,,,,,,,,0.7123172283172607,0.31071996688842773,,0.31416893005371094,,,0.2868380546569824,,,,,,,,,,,,,,,,,,,
3512,0.32183289527893066,,,,,,,,0.31232213973999023,,0.7190289497375488,0.3482532501220703,,,,,0.31817197799682617,,,,,,,,0.7484169006347656,0.3222939968109131,,0.32199597358703613,,,0.30550384521484375,,,,,,,,,,,,,,,,,,,
3513,0.3440849781036377,,,,,,,,0.311082124710083,,0.6375517845153809,0.3272521495819092,,,,,0.5784378051757812,,,,,,,,1.3569190502166748,0.7111470699310303,,0.33776402473449707,,,0.29701876640319824,,,,,,,,,,,,,,,,,,,
3514,0.3139522075653076,,,,,,,,0.3415839672088623,,1.4800560474395752,0.329725980758667,,,,,0.32054877281188965,,,,,,,,1.2083897590637207,0.6230459213256836,,0.32881975173950195,,,0.33467626571655273,,,,,,,,,,,,,,,,,,,
3515,0.32326817512512207,,,,,,,,0.314176082611084,,0.6572961807250977,0.33643603324890137,,,,,0.3208048343658447,,,,,,,,0.3334498405456543,0.31985998153686523,,0.31079816818237305,,,1.103175163269043,,,,,,,,,,,,,,,,,,,
3516,0.3198063373565674,,,,,,,,0.3290750980377197,,0.6873040199279785,1.1887190341949463,,,,,0.30048704147338867,,,,,,,,0.7104587554931641,0.3375558853149414,,0.3192601203918457,,,1.0943207740783691,,,,,,,,,,,,,,,,,,,
3517,0.31651902198791504,,,,,,,,0.33673596382141113,,0.8163237571716309,0.3077559471130371,,,,,1.0873181819915771,,,,,,,,0.32169079780578613,0.664574146270752,,0.30083417892456055,,,0.307086706161499,,,,,,,,,,,,,,,,,,,
3518,0.3205068111419678,,,,,,,,0.3215599060058594,,1.1315820217132568,0.30724000930786133,,,,,0.343735933303833,,,,,,,,0.30981993675231934,0.6320858001708984,,0.347916841506958,,,0.3159952163696289,,,,,,,,,,,,,,,,,,,
3519,0.3204212188720703,,,,,,,,0.3475508689880371,,0.6570868492126465,0.32772088050842285,,,,,1.0685770511627197,,,,,,,,0.7263081073760986,0.39869213104248047,,0.3192441463470459,,,1.0978219509124756,,,,,,,,,,,,,,,,,,,
3520,0.3243288993835449,,,,,,,,0.31769585609436035,,1.9339642524719238,0.33537888526916504,,,,,0.3003220558166504,,,,,,,,0.7016341686248779,0.31633687019348145,,0.31831908226013184,,,0.31116414070129395,,,,,,,,,,,,,,,,,,,
3521,0.3200809955596924,,,,,,,,0.30952906608581543,,1.629492998123169,0.7472741603851318,,,,,0.332172155380249,,,,,,,,0.32836174964904785,0.2980968952178955,,0.3098270893096924,,,0.32553720474243164,,,,,,,,,,,,,,,,,,,
3522,0.31809091567993164,,,,,,,,0.3171689510345459,,1.1415448188781738,0.32290196418762207,,,,,0.3037128448486328,,,,,,,,0.729529857635498,0.8118331432342529,,0.30454087257385254,,,0.2974131107330322,,,,,,,,,,,,,,,,,,,
3523,0.3422539234161377,,,,,,,,0.31429195404052734,,0.6578397750854492,0.7511789798736572,,,,,0.31818699836730957,,,,,,,,0.7186717987060547,0.6350128650665283,,0.32271885871887207,,,1.1298770904541016,,,,,,,,,,,,,,,,,,,
3524,0.3125450611114502,,,,,,,,0.34732985496520996,,0.698660135269165,0.34587812423706055,,,,,0.6854839324951172,,,,,,,,0.32433390617370605,0.30946898460388184,,0.2959561347961426,,,0.3091583251953125,,,,,,,,,,,,,,,,,,,
3525,0.2996058464050293,,,,,,,,0.3107421398162842,,0.7665407657623291,0.3737599849700928,,,,,0.31603312492370605,,,,,,,,0.7573351860046387,4.025768280029297,,0.31036806106567383,,,0.2875518798828125,,,,,,,,,,,,,,,,,,,
3526,0.32387304306030273,,,,,,,,0.32021307945251465,,2.7278027534484863,0.31380772590637207,,,,,1.0585148334503174,,,,,,,,0.7529981136322021,0.6090078353881836,,0.30330801010131836,,,0.287006139755249,,,,,,,,,,,,,,,,,,,
3527,0.3199138641357422,,,,,,,,0.3150639533996582,,0.6831080913543701,0.33455801010131836,,,,,0.3215522766113281,,,,,,,,0.7016556262969971,0.32965970039367676,,0.3288538455963135,,,0.31241297721862793,,,,,,,,,,,,,,,,,,,
3528,0.34572482109069824,,,,,,,,0.3057100772857666,,0.2767980098724365,0.7748849391937256,,,,,1.0539829730987549,,,,,,,,0.7027583122253418,0.6494359970092773,,0.3383979797363281,,,0.28823018074035645,,,,,,,,,,,,,,,,,,,
3529,0.31063318252563477,,,,,,,,0.3509650230407715,,0.6584749221801758,1.0902647972106934,,,,,1.0693480968475342,,,,,,,,0.7264149188995361,0.3124678134918213,,0.3106682300567627,,,0.3109588623046875,,,,,,,,,,,,,,,,,,,
3530,0.3178670406341553,,,,,,,,0.3128509521484375,,0.7070248126983643,0.3132600784301758,,,,,0.6904981136322021,,,,,,,,0.7017638683319092,0.29398417472839355,,0.3065180778503418,,,0.30898499488830566,,,,,,,,,,,,,,,,,,,
3531,0.30588293075561523,,,,,,,,0.32579493522644043,,0.6981527805328369,0.35137367248535156,,,,,1.082625150680542,,,,,,,,0.3381209373474121,0.29232001304626465,,0.3034687042236328,,,0.2965118885040283,,,,,,,,,,,,,,,,,,,
3532,0.2968251705169678,,,,,,,,0.3132600784301758,,2.7356009483337402,0.4033679962158203,,,,,0.6833140850067139,,,,,,,,0.7129881381988525,0.3226020336151123,,0.3103630542755127,,,0.3347649574279785,,,,,,,,,,,,,,,,,,,
3533,0.3013780117034912,,,,,,,,0.31552624702453613,,2.310375928878784,0.35752391815185547,,,,,0.7044200897216797,,,,,,,,0.3088109493255615,0.6387939453125,,0.3329582214355469,,,0.286452054977417,,,,,,,,,,,,,,,,,,,
3534,0.3096280097961426,,,,,,,,0.3467419147491455,,5.434571027755737,0.3288440704345703,,,,,0.6821911334991455,,,,,,,,0.7016937732696533,5.049520015716553,,0.3291199207305908,,,0.30351901054382324,,,,,,,,,,,,,,,,,,,
3535,0.3464479446411133,,,,,,,,0.3086378574371338,,1.1301178932189941,0.3587338924407959,,,,,1.1189072132110596,,,,,,,,0.718325138092041,0.40982699394226074,,0.314439058303833,,,0.3053410053253174,,,,,,,,,,,,,,,,,,,
3536,0.31921887397766113,,,,,,,,0.3057737350463867,,0.7054009437561035,0.36681103706359863,,,,,0.6815400123596191,,,,,,,,0.3533029556274414,0.31664395332336426,,0.3242988586425781,,,0.3094031810760498,,,,,,,,,,,,,,,,,,,
3537,0.3153090476989746,,,,,,,,0.33153796195983887,,1.1685078144073486,0.46743178367614746,,,,,0.31900691986083984,,,,,,,,0.7135519981384277,0.649489164352417,,0.30675387382507324,,,0.31737804412841797,,,,,,,,,,,,,,,,,,,
3538,0.3266928195953369,,,,,,,,0.31518101692199707,,1.8166940212249756,2.1237921714782715,,,,,1.0057899951934814,,,,,,,,0.3219127655029297,0.6365129947662354,,0.32869410514831543,,,1.6173889636993408,,,,,,,,,,,,,,,,,,,
3539,0.2976560592651367,,,,,,,,0.33244895935058594,,1.1236426830291748,0.3997049331665039,,,,,0.4299347400665283,,,,,,,,0.7388217449188232,0.7293341159820557,,0.30103182792663574,,,0.3125450611114502,,,,,,,,,,,,,,,,,,,
3540,0.32641005516052246,,,,,,,,0.33083200454711914,,2.2678468227386475,0.7566041946411133,,,,,1.4689030647277832,,,,,,,,0.3181803226470947,0.6251111030578613,,0.3010571002960205,,,0.3150811195373535,,,,,,,,,,,,,,,,,,,
3541,0.32403087615966797,,,,,,,,0.3351101875305176,,0.6923000812530518,1.6723177433013916,,,,,0.8143260478973389,,,,,,,,0.71468186378479,0.6274960041046143,,0.3279538154602051,,,0.31392502784729004,,,,,,,,,,,,,,,,,,,
3542,0.3218400478363037,,,,,,,,0.3088507652282715,,1.1269440650939941,1.6117372512817383,,,,,0.7247319221496582,,,,,,,,0.3312211036682129,0.6381938457489014,,0.3235011100769043,,,0.3031961917877197,,,,,,,,,,,,,,,,,,,
3543,0.3122851848602295,,,,,,,,0.3067798614501953,,1.1009769439697266,1.1179988384246826,,,,,0.3228449821472168,,,,,,,,0.7609682083129883,0.31799983978271484,,0.32902097702026367,,,1.1239759922027588,,,,,,,,,,,,,,,,,,,
3544,0.3002901077270508,,,,,,,,0.3431696891784668,,20.667278289794922,0.7542181015014648,,,,,0.33763813972473145,,,,,,,,0.7240369319915771,0.320141077041626,,0.3248159885406494,,,0.2820761203765869,,,,,,,,,,,,,,,,,,,
3545,0.349254846572876,,,,,,,,0.32079100608825684,,20.54561996459961,0.7501111030578613,,,,,0.29853296279907227,,,,,,,,0.3399240970611572,0.6298668384552002,,0.31849098205566406,,,0.3022017478942871,,,,,,,,,,,,,,,,,,,
3546,0.3160281181335449,,,,,,,,0.3211398124694824,,20.6634840965271,0.7555990219116211,,,,,0.3052549362182617,,,,,,,,0.6934242248535156,0.6417617797851562,,0.30386996269226074,,,0.30522990226745605,,,,,,,,,,,,,,,,,,,
3547,0.29786086082458496,,,,,,,,0.33768415451049805,,20.695276975631714,0.3258209228515625,,,,,1.3514001369476318,,,,,,,,0.7280821800231934,0.2913200855255127,,0.3240342140197754,,,0.2827420234680176,,,,,,,,,,,,,,,,,,,
3548,0.30228424072265625,,,,,,,,0.309053897857666,,20.689592838287354,0.3120250701904297,,,,,0.7153398990631104,,,,,,,,0.3335299491882324,1.4382381439208984,,0.3309202194213867,,,0.31146907806396484,,,,,,,,,,,,,,,,,,,
3549,0.29936790466308594,,,,,,,,0.3390018939971924,,20.590104818344116,1.181574821472168,,,,,0.7515759468078613,,,,,,,,0.7396619319915771,0.315140962600708,,0.32901811599731445,,,0.310075044631958,,,,,,,,,,,,,,,,,,,
3550,0.32761693000793457,,,,,,,,0.3078458309173584,,0.5312709808349609,0.33837175369262695,,,,,0.8702201843261719,,,,,,,,0.7346241474151611,0.6515400409698486,,0.3146088123321533,,,0.2904090881347656,,,,,,,,,,,,,,,,,,,
3551,0.30198192596435547,,,,,,,,0.3300130367279053,,20.615642070770264,0.36128997802734375,,,,,1.0267181396484375,,,,,,,,0.33696985244750977,1.4625358581542969,,0.3155238628387451,,,0.29448413848876953,,,,,,,,,,,,,,,,,,,
3552,0.304257869720459,,,,,,,,0.33092308044433594,,0.8276009559631348,0.7498571872711182,,,,,0.701207160949707,,,,,,,,0.7338800430297852,0.9624919891357422,,0.3293943405151367,,,0.3106348514556885,,,,,,,,,,,,,,,,,,,
3553,0.30139613151550293,,,,,,,,0.31499791145324707,,20.357446908950806,0.331104040145874,,,,,0.7074081897735596,,,,,,,,0.7266497611999512,0.3281440734863281,,0.32909703254699707,,,0.3004777431488037,,,,,,,,,,,,,,,,,,,
3554,0.2974362373352051,,,,,,,,0.3366410732269287,,0.12016773223876953,0.3697221279144287,,,,,0.7739887237548828,,,,,,,,0.7384800910949707,0.638045072555542,,0.30394506454467773,,,0.3086562156677246,,,,,,,,,,,,,,,,,,,
3555,0.32512998580932617,,,,,,,,0.32086825370788574,,20.02077007293701,0.7537100315093994,,,,,0.7038352489471436,,,,,,,,0.31148600578308105,0.2913830280303955,,0.3302421569824219,,,0.2817361354827881,,,,,,,,,,,,,,,,,,,
3556,0.3087601661682129,,,,,,,,0.3249480724334717,,0.5172820091247559,0.7791109085083008,,,,,1.5561769008636475,,,,,,,,0.3135108947753906,0.6247632503509521,,0.3060331344604492,,,0.29039907455444336,,,,,,,,,,,,,,,,,,,
3557,0.32445788383483887,,,,,,,,0.30829715728759766,,20.38922882080078,0.8040540218353271,,,,,0.6781628131866455,,,,,,,,0.30837512016296387,1.676523208618164,,0.3329739570617676,,,0.2909431457519531,,,,,,,,,,,,,,,,,,,
3558,0.3266439437866211,,,,,,,,0.3386995792388916,,0.3462848663330078,0.7439939975738525,,,,,0.3477938175201416,,,,,,,,0.3328392505645752,0.29843902587890625,,0.34807777404785156,,,0.3133809566497803,,,,,,,,,,,,,,,,,,,
3559,0.30471301078796387,,,,,,,,0.35716891288757324,,20.632885932922363,0.4205162525177002,,,,,0.683966875076294,,,,,,,,0.7741601467132568,0.2941420078277588,,0.32509303092956543,,,0.3030989170074463,,,,,,,,,,,,,,,,,,,
3560,0.33091187477111816,,,,,,,,0.33225011825561523,,0.183305025100708,0.40836501121520996,,,,,0.2767658233642578,,,,,,,,0.7124779224395752,0.6286880970001221,,0.32341885566711426,,,0.30498719215393066,,,,,,,,,,,,,,,,,,,
3561,0.32238078117370605,,,,,,,,0.3362550735473633,,20.808367252349854,0.3386728763580322,,,,,0.7432060241699219,,,,,,,,0.6944389343261719,1.2403650283813477,,0.308056116104126,,,0.33038902282714844,,,,,,,,,,,,,,,,,,,
3562,0.2984733581542969,,,,,,,,0.32266807556152344,,20.71212100982666,1.1942038536071777,,,,,0.6619079113006592,,,,,,,,0.6823360919952393,0.29083704948425293,,0.3351860046386719,,,0.2894101142883301,,,,,,,,,,,,,,,,,,,
3563,0.3187072277069092,,,,,,,,0.33208703994750977,,20.75463104248047,0.3964080810546875,,,,,0.4883582592010498,,,,,,,,0.7188601493835449,0.6660747528076172,,0.3571038246154785,,,0.28990602493286133,,,,,,,,,,,,,,,,,,,
3564,0.3170359134674072,,,,,,,,0.35067319869995117,,20.833544969558716,0.39817118644714355,,,,,0.8855690956115723,,,,,,,,0.7049331665039062,1.9577999114990234,,0.3335561752319336,,,0.28853297233581543,,,,,,,,,,,,,,,,,,,
3565,0.34571385383605957,,,,,,,,0.30688905715942383,,20.75598430633545,0.31658315658569336,,,,,0.681555986404419,,,,,,,,0.318187952041626,1.9723491668701172,,0.33870601654052734,,,0.2969381809234619,,,,,,,,,,,,,,,,,,,
3566,0.32436394691467285,,,,,,,,0.3115878105163574,,,0.8208770751953125,,,,,0.703193187713623,,,,,,,,0.3183631896972656,0.6267380714416504,,0.3208920955657959,,,0.3296968936920166,,,,,,,,,,,,,,,,,,,
3567,0.3118128776550293,,,,,,,,0.3328990936279297,,,0.39382100105285645,,,,,0.6387820243835449,,,,,,,,0.3379838466644287,1.5094730854034424,,0.3187568187713623,,,0.3032341003417969,,,,,,,,,,,,,,,,,,,
3568,0.3013930320739746,,,,,,,,0.33526086807250977,,,0.7664833068847656,,,,,0.7052621841430664,,,,,,,,0.3201925754547119,6.5325329303741455,,0.33194971084594727,,,0.30761289596557617,,,,,,,,,,,,,,,,,,,
3569,0.3006711006164551,,,,,,,,0.35527491569519043,,,0.3885610103607178,,,,,0.6729509830474854,,,,,,,,0.6983542442321777,0.6446101665496826,,0.3116917610168457,,,0.29069089889526367,,,,,,,,,,,,,,,,,,,
3570,0.32106590270996094,,,,,,,,0.33168721199035645,,,0.3859729766845703,,,,,0.6501419544219971,,,,,,,,0.3186759948730469,0.6546421051025391,,0.32248806953430176,,,0.2958371639251709,,,,,,,,,,,,,,,,,,,
3571,0.3242349624633789,,,,,,,,0.31242895126342773,,,0.5879471302032471,,,,,0.6760437488555908,,,,,,,,0.3096778392791748,0.6167831420898438,,0.31870508193969727,,,0.29473018646240234,,,,,,,,,,,,,,,,,,,
3572,0.339432954788208,,,,,,,,0.3138301372528076,,,0.33228611946105957,,,,,0.7047591209411621,,,,,,,,0.7086582183837891,1.3500840663909912,,0.3106272220611572,,,0.31339287757873535,,,,,,,,,,,,,,,,,,,
3573,0.3219921588897705,,,,,,,,0.3153400421142578,,,0.3577728271484375,,,,,0.6952252388000488,,,,,,,,0.7297241687774658,0.6066200733184814,,0.3518338203430176,,,0.29004907608032227,,,,,,,,,,,,,,,,,,,
3574,0.3137650489807129,,,,,,,,0.33931803703308105,,,0.33260011672973633,,,,,0.7302329540252686,,,,,,,,0.3288249969482422,2.7268660068511963,,0.33044886589050293,,,0.30649614334106445,,,,,,,,,,,,,,,,,,,
3575,0.3005859851837158,,,,,,,,0.32333803176879883,,,0.31378602981567383,,,,,1.0653791427612305,,,,,,,,0.3335888385772705,1.1466901302337646,,0.33781003952026367,,,0.2871999740600586,,,,,,,,,,,,,,,,,,,
3576,0.2991013526916504,,,,,,,,0.3384370803833008,,,0.3357100486755371,,,,,0.6564619541168213,,,,,,,,0.3269777297973633,1.4870679378509521,,0.3084111213684082,,,0.28471827507019043,,,,,,,,,,,,,,,,,,,
3577,0.32491111755371094,,,,,,,,0.3251371383666992,,,0.3379189968109131,,,,,0.7363388538360596,,,,,,,,0.3180429935455322,4.821774005889893,,0.3114738464355469,,,0.30532097816467285,,,,,,,,,,,,,,,,,,,
3578,0.29587602615356445,,,,,,,,0.3173980712890625,,,0.39157605171203613,,,,,0.8833858966827393,,,,,,,,0.7250339984893799,1.1247210502624512,,0.3400430679321289,,,0.29976320266723633,,,,,,,,,,,,,,,,,,,
3579,0.32025909423828125,,,,,,,,0.3410930633544922,,,0.3174457550048828,,,,,0.3050990104675293,,,,,,,,0.694878101348877,0.7109150886535645,,0.3196091651916504,,,0.31415390968322754,,,,,,,,,,,,,,,,,,,
3580,0.3180568218231201,,,,,,,,0.31302309036254883,,,0.7903132438659668,,,,,0.6962101459503174,,,,,,,,0.7377679347991943,1.5301241874694824,,0.3142740726470947,,,0.2910161018371582,,,,,,,,,,,,,,,,,,,
3581,0.3121337890625,,,,,,,,0.3167569637298584,,,0.332028865814209,,,,,0.5128457546234131,,,,,,,,0.3317298889160156,1.4090838432312012,,0.3319520950317383,,,0.2965681552886963,,,,,,,,,,,,,,,,,,,
3582,0.32265710830688477,,,,,,,,0.3180980682373047,,,0.3321678638458252,,,,,0.6496479511260986,,,,,,,,0.7483022212982178,0.6437208652496338,,0.32515788078308105,,,0.3258686065673828,,,,,,,,,,,,,,,,,,,
3583,0.32341623306274414,,,,,,,,0.32367897033691406,,,0.3291020393371582,,,,,0.3173401355743408,,,,,,,,0.3305239677429199,1.4670450687408447,,0.3317430019378662,,,0.3086879253387451,,,,,,,,,,,,,,,,,,,
3584,0.29317569732666016,,,,,,,,0.3482387065887451,,,0.3146078586578369,,,,,0.31288599967956543,,,,,,,,0.32131004333496094,0.647554874420166,,0.3149223327636719,,,0.2883598804473877,,,,,,,,,,,,,,,,,,,
3585,0.30884575843811035,,,,,,,,0.3211019039154053,,,0.3679509162902832,,,,,0.6206979751586914,,,,,,,,0.3190598487854004,0.6743321418762207,,0.33281588554382324,,,0.29170680046081543,,,,,,,,,,,,,,,,,,,
3586,0.2973661422729492,,,,,,,,0.3141040802001953,,,0.3264312744140625,,,,,0.6854269504547119,,,,,,,,0.7316229343414307,0.6511368751525879,,0.3308439254760742,,,0.2921769618988037,,,,,,,,,,,,,,,,,,,
3587,0.33519792556762695,,,,,,,,0.3177521228790283,,,0.3387608528137207,,,,,0.3455629348754883,,,,,,,,0.7241480350494385,1.206022024154663,,0.33710312843322754,,,0.3297269344329834,,,,,,,,,,,,,,,,,,,
3588,0.29186105728149414,,,,,,,,0.33695483207702637,,,0.3374490737915039,,,,,0.7076528072357178,,,,,,,,0.3141040802001953,0.6440582275390625,,0.3566610813140869,,,0.287078857421875,,,,,,,,,,,,,,,,,,,
3589,0.31282496452331543,,,,,,,,0.3530700206756592,,,0.326793909072876,,,,,0.698775053024292,,,,,,,,0.32155609130859375,1.4898719787597656,,0.33646607398986816,,,1.4741580486297607,,,,,,,,,,,,,,,,,,,
3590,0.29982495307922363,,,,,,,,0.3128340244293213,,,0.35561490058898926,,,,,0.6502580642700195,,,,,,,,0.7251729965209961,1.47257399559021,,0.3110499382019043,,,0.29425716400146484,,,,,,,,,,,,,,,,,,,
3591,0.2918992042541504,,,,,,,,0.32888007164001465,,,0.33117103576660156,,,,,0.671846866607666,,,,,,,,0.6781868934631348,0.6412820816040039,,0.3191101551055908,,,0.29019904136657715,,,,,,,,,,,,,,,,,,,
3592,0.3337540626525879,,,,,,,,0.3315887451171875,,,0.31560492515563965,,,,,0.3120279312133789,,,,,,,,0.3235199451446533,0.6653871536254883,,0.3279740810394287,,,0.28936290740966797,,,,,,,,,,,,,,,,,,,
3593,0.2961080074310303,,,,,,,,0.31313395500183105,,,0.34104323387145996,,,,,0.3237760066986084,,,,,,,,0.7344717979431152,1.1231768131256104,,0.3572402000427246,,,0.33299779891967773,,,,,,,,,,,,,,,,,,,
3594,0.31194496154785156,,,,,,,,0.3318479061126709,,,0.32025599479675293,,,,,0.6560230255126953,,,,,,,,0.6800849437713623,0.29979705810546875,,0.3376140594482422,,,0.3087451457977295,,,,,,,,,,,,,,,,,,,
3595,0.29882097244262695,,,,,,,,0.3162539005279541,,,0.3460390567779541,,,,,0.7064850330352783,,,,,,,,0.682988166809082,1.2045912742614746,,0.3350389003753662,,,0.29380297660827637,,,,,,,,,,,,,,,,,,,
3596,0.3056821823120117,,,,,,,,0.32825708389282227,,,0.3175160884857178,,,,,0.7054638862609863,,,,,,,,1.1954257488250732,1.5008208751678467,,0.333996057510376,,,0.3147399425506592,,,,,,,,,,,,,,,,,,,
3597,0.3347599506378174,,,,,,,,0.3289039134979248,,,0.3320808410644531,,,,,0.6983280181884766,,,,,,,,0.3216850757598877,1.1459321975708008,,0.33541202545166016,,,0.295058012008667,,,,,,,,,,,,,,,,,,,
3598,0.29219913482666016,,,,,,,,0.3132920265197754,,,0.3160219192504883,,,,,0.32782602310180664,,,,,,,,0.31478404998779297,1.1524989604949951,,0.33233094215393066,,,0.31470370292663574,,,,,,,,,,,,,,,,,,,
3599,0.31684017181396484,,,,,,,,0.340533971786499,,,0.3121769428253174,,,,,0.6814229488372803,,,,,,,,0.7163388729095459,1.0988988876342773,,0.32750701904296875,,,0.3049037456512451,,,,,,,,,,,,,,,,,,,
3600,0.2984659671783447,,,,,,,,0.3195629119873047,,,0.36591482162475586,,,,,0.6363189220428467,,,,,,,,1.1760997772216797,1.4885718822479248,,0.31725406646728516,,,0.2841460704803467,,,,,,,,,,,,,,,,,,,
3601,0.32385921478271484,,,,,,,,0.3214428424835205,,,0.3381669521331787,,,,,0.3486802577972412,,,,,,,,0.3629300594329834,0.6350600719451904,,0.34561586380004883,,,0.31673598289489746,,,,,,,,,,,,,,,,,,,
3602,0.32605791091918945,,,,,,,,0.312298059463501,,,0.32014989852905273,,,,,0.6120450496673584,,,,,,,,0.3151118755340576,1.4601871967315674,,0.32882213592529297,,,0.6727659702301025,,,,,,,,,,,,,,,,,,,
3603,0.3060801029205322,,,,,,,,0.3422820568084717,,,0.31938791275024414,,,,,0.3162250518798828,,,,,,,,0.6759688854217529,1.4613697528839111,,0.35584306716918945,,,0.3047358989715576,,,,,,,,,,,,,,,,,,,
3604,0.30267786979675293,,,,,,,,0.3500020503997803,,,0.3376169204711914,,,,,0.6618638038635254,,,,,,,,1.1985909938812256,1.5268089771270752,,0.3374137878417969,,,0.2958199977874756,,,,,,,,,,,,,,,,,,,
3605,0.303631067276001,,,,,,,,0.33585309982299805,,,0.35739994049072266,,,,,0.6749379634857178,,,,,,,,0.733583927154541,0.7087349891662598,,0.3112919330596924,,,0.3051631450653076,,,,,,,,,,,,,,,,,,,
3606,0.2976400852203369,,,,,,,,0.3371729850769043,,,0.3139071464538574,,,,,0.7130162715911865,,,,,,,,0.3243122100830078,1.1748788356781006,,0.3339700698852539,,,0.2901489734649658,,,,,,,,,,,,,,,,,,,
3607,0.31728672981262207,,,,,,,,0.32204198837280273,,,0.3127598762512207,,,,,0.2996022701263428,,,,,,,,0.359630823135376,1.1338131427764893,,0.3327748775482178,,,0.301131010055542,,,,,,,,,,,,,,,,,,,
3608,0.3191359043121338,,,,,,,,0.3189399242401123,,,0.34023094177246094,,,,,0.637397050857544,,,,,,,,0.3088829517364502,1.190985918045044,,0.35715579986572266,,,0.3362407684326172,,,,,,,,,,,,,,,,,,,
3609,0.3197057247161865,,,,,,,,0.3353409767150879,,,0.3377668857574463,,,,,0.4308798313140869,,,,,,,,0.7422740459442139,1.4565849304199219,,0.3302421569824219,,,0.3044090270996094,,,,,,,,,,,,,,,,,,,
3610,0.3183557987213135,,,,,,,,0.32337403297424316,,,0.3458268642425537,,,,,0.3325991630554199,,,,,,,,0.7318520545959473,1.1629559993743896,,0.33913183212280273,,,0.2989039421081543,,,,,,,,,,,,,,,,,,,
3611,0.32219696044921875,,,,,,,,0.33744096755981445,,,0.3199458122253418,,,,,0.33963799476623535,,,,,,,,0.3097350597381592,1.2050988674163818,,0.33364009857177734,,,0.31387805938720703,,,,,,,,,,,,,,,,,,,
3612,0.3406400680541992,,,,,,,,0.3363189697265625,,,0.3392651081085205,,,,,0.30245399475097656,,,,,,,,0.31872105598449707,1.160400152206421,,0.31236720085144043,,,0.2943000793457031,,,,,,,,,,,,,,,,,,,
3613,0.2988779544830322,,,,,,,,0.3286001682281494,,,0.3274712562561035,,,,,0.34815311431884766,,,,,,,,0.7228460311889648,1.14858078956604,,0.35300493240356445,,,0.3112308979034424,,,,,,,,,,,,,,,,,,,
3614,0.3156239986419678,,,,,,,,0.3596799373626709,,,0.31606101989746094,,,,,0.34764599800109863,,,,,,,,0.6815781593322754,1.1406290531158447,,0.34035396575927734,,,0.2886159420013428,,,,,,,,,,,,,,,,,,,
3615,0.32018518447875977,,,,,,,,0.33311915397644043,,,0.3686521053314209,,,,,0.32013416290283203,,,,,,,,0.7328128814697266,0.6744518280029297,,0.3277580738067627,,,0.30948710441589355,,,,,,,,,,,,,,,,,,,
3616,0.29924774169921875,,,,,,,,0.31526803970336914,,,0.3184807300567627,,,,,0.31668615341186523,,,,,,,,0.31348133087158203,1.4358501434326172,,0.3116798400878906,,,0.3090951442718506,,,,,,,,,,,,,,,,,,,
3617,0.32093191146850586,,,,,,,,0.3319840431213379,,,0.32134318351745605,,,,,0.32590413093566895,,,,,,,,0.3367002010345459,1.3257262706756592,,0.34010982513427734,,,0.2933311462402344,,,,,,,,,,,,,,,,,,,
3618,0.309384822845459,,,,,,,,0.33974695205688477,,,0.43085289001464844,,,,,0.3335089683532715,,,,,,,,0.330045223236084,1.1619231700897217,,0.35813403129577637,,,0.3077530860900879,,,,,,,,,,,,,,,,,,,
3619,0.323591947555542,,,,,,,,0.3478269577026367,,,0.32973384857177734,,,,,0.34256529808044434,,,,,,,,0.7541711330413818,1.4987730979919434,,0.33431315422058105,,,0.2933390140533447,,,,,,,,,,,,,,,,,,,
3620,0.29621386528015137,,,,,,,,0.3453209400177002,,,0.34941983222961426,,,,,0.3030049800872803,,,,,,,,0.710360050201416,1.123455286026001,,0.3129851818084717,,,0.28522706031799316,,,,,,,,,,,,,,,,,,,
3621,0.32335734367370605,,,,,,,,0.3202049732208252,,,0.31972789764404297,,,,,0.3292808532714844,,,,,,,,0.32302117347717285,1.433176040649414,,0.33353114128112793,,,0.283048152923584,,,,,,,,,,,,,,,,,,,
3622,0.3417379856109619,,,,,,,,0.3440229892730713,,,0.3384871482849121,,,,,0.3459608554840088,,,,,,,,0.31308627128601074,1.5039212703704834,,0.3402678966522217,,,0.2942769527435303,,,,,,,,,,,,,,,,,,,
3623,0.3179950714111328,,,,,,,,0.32294797897338867,,,0.3161189556121826,,,,,0.336223840713501,,,,,,,,0.7521877288818359,1.4280059337615967,,0.3414740562438965,,,0.31226515769958496,,,,,,,,,,,,,,,,,,,
3624,0.32212114334106445,,,,,,,,0.36741018295288086,,,0.333590030670166,,,,,0.2989180088043213,,,,,,,,1.2698779106140137,0.2691071033477783,,0.3290681838989258,,,0.30741190910339355,,,,,,,,,,,,,,,,,,,
3625,0.3166921138763428,,,,,,,,0.3251829147338867,,,0.3584749698638916,,,,,0.6469931602478027,,,,,,,,1.189234733581543,0.6780927181243896,,0.33361101150512695,,,0.2984750270843506,,,,,,,,,,,,,,,,,,,
3626,0.3255620002746582,,,,,,,,0.3441770076751709,,,0.3302268981933594,,,,,0.6825249195098877,,,,,,,,0.3346250057220459,1.201598882675171,,0.3383018970489502,,,0.28778791427612305,,,,,,,,,,,,,,,,,,,
3627,0.2950739860534668,,,,,,,,0.3464620113372803,,,0.33603692054748535,,,,,0.7060630321502686,,,,,,,,0.32415318489074707,0.6314420700073242,,0.30942702293395996,,,0.33284497261047363,,,,,,,,,,,,,,,,,,,
3628,0.3012359142303467,,,,,,,,0.3304250240325928,,,0.3963961601257324,,,,,0.7039041519165039,,,,,,,,0.31529712677001953,0.6560490131378174,,0.3502180576324463,,,0.2834920883178711,,,,,,,,,,,,,,,,,,,
3629,0.322037935256958,,,,,,,,0.35019707679748535,,,0.3336141109466553,,,,,0.679314136505127,,,,,,,,0.6971230506896973,1.4686927795410156,,0.31348204612731934,,,0.30999016761779785,,,,,,,,,,,,,,,,,,,
3630,0.30885910987854004,,,,,,,,0.3379080295562744,,,0.33887219429016113,,,,,0.6588540077209473,,,,,,,,1.6512622833251953,3.441480875015259,,0.3223590850830078,,,0.30360984802246094,,,,,,,,,,,,,,,,,,,
3631,0.32638001441955566,,,,,,,,0.32111215591430664,,,0.3559989929199219,,,,,0.6659910678863525,,,,,,,,1.2484869956970215,1.3644869327545166,,0.33889007568359375,,,0.2989997863769531,,,,,,,,,,,,,,,,,,,
3632,0.3199939727783203,,,,,,,,0.32533788681030273,,,0.3161740303039551,,,,,0.676795244216919,,,,,,,,0.7616758346557617,1.113483190536499,,0.32943105697631836,,,0.29167795181274414,,,,,,,,,,,,,,,,,,,
3633,0.31190919876098633,,,,,,,,0.3443610668182373,,,0.33834171295166016,,,,,0.7092471122741699,,,,,,,,1.2239820957183838,0.6580040454864502,,0.33475518226623535,,,0.2850759029388428,,,,,,,,,,,,,,,,,,,
3634,0.3256709575653076,,,,,,,,0.37041306495666504,,,0.323760986328125,,,,,0.6623921394348145,,,,,,,,0.33830928802490234,4.794280052185059,,0.3303987979888916,,,0.3004112243652344,,,,,,,,,,,,,,,,,,,
3635,0.29611706733703613,,,,,,,,0.32735300064086914,,,0.34545207023620605,,,,,0.6847600936889648,,,,,,,,0.7017500400543213,0.6341171264648438,,0.3071880340576172,,,0.28697991371154785,,,,,,,,,,,,,,,,,,,
3636,0.30396509170532227,,,,,,,,0.3378169536590576,,,0.34324097633361816,,,,,0.6995577812194824,,,,,,,,0.7527890205383301,1.1339199542999268,,0.33250880241394043,,,0.6952579021453857,,,,,,,,,,,,,,,,,,,
3637,0.2985661029815674,,,,,,,,0.341660737991333,,,0.3162879943847656,,,,,0.29705095291137695,,,,,,,,0.7335660457611084,1.4299900531768799,,0.31302976608276367,,,0.29120302200317383,,,,,,,,,,,,,,,,,,,
3638,0.31043505668640137,,,,,,,,0.3236961364746094,,,0.3310558795928955,,,,,0.3441798686981201,,,,,,,,0.34105992317199707,1.1048738956451416,,0.3396341800689697,,,0.28893399238586426,,,,,,,,,,,,,,,,,,,
3639,0.3449211120605469,,,,,,,,0.3658440113067627,,,0.3138601779937744,,,,,0.6642169952392578,,,,,,,,0.3220539093017578,0.6555368900299072,,0.3201560974121094,,,0.29225611686706543,,,,,,,,,,,,,,,,,,,
3640,0.3155639171600342,,,,,,,,0.3481719493865967,,,0.32259106636047363,,,,,0.6850409507751465,,,,,,,,0.34038591384887695,1.116914987564087,,0.3215320110321045,,,0.3102760314941406,,,,,,,,,,,,,,,,,,,
3641,0.29985880851745605,,,,,,,,0.35166192054748535,,,0.40663790702819824,,,,,0.6795468330383301,,,,,,,,0.7113308906555176,0.6047301292419434,,0.3352341651916504,,,0.33100318908691406,,,,,,,,,,,,,,,,,,,
3642,0.2969081401824951,,,,,,,,0.3454279899597168,,,0.3413989543914795,,,,,0.6847848892211914,,,,,,,,0.7603931427001953,1.1304409503936768,,0.31118106842041016,,,0.2942230701446533,,,,,,,,,,,,,,,,,,,
3643,0.308215856552124,,,,,,,,0.3257937431335449,,,0.3564732074737549,,,,,0.6793699264526367,,,,,,,,0.3213069438934326,4.031073093414307,,0.3622720241546631,,,0.28696203231811523,,,,,,,,,,,,,,,,,,,
3644,0.34450602531433105,,,,,,,,0.3514847755432129,,,0.3291950225830078,,,,,0.6696581840515137,,,,,,,,0.3134922981262207,1.4063670635223389,,0.3280508518218994,,,0.2922530174255371,,,,,,,,,,,,,,,,,,,
3645,0.3215301036834717,,,,,,,,0.3443279266357422,,,0.34209108352661133,,,,,0.6607933044433594,,,,,,,,0.7009449005126953,1.4411399364471436,,0.3134739398956299,,,0.31070899963378906,,,,,,,,,,,,,,,,,,,
3646,0.2967507839202881,,,,,,,,0.32531309127807617,,,0.31914591789245605,,,,,0.6972551345825195,,,,,,,,0.3281991481781006,1.4550273418426514,,0.3151402473449707,,,0.3258638381958008,,,,,,,,,,,,,,,,,,,
3647,0.303084135055542,,,,,,,,0.34657812118530273,,,0.32116198539733887,,,,,1.152848243713379,,,,,,,,0.746567964553833,1.3902769088745117,,0.32317280769348145,,,0.3049931526184082,,,,,,,,,,,,,,,,,,,
3648,0.30779504776000977,,,,,,,,0.3491969108581543,,,0.3379068374633789,,,,,0.6569819450378418,,,,,,,,0.3193647861480713,0.6397020816802979,,0.3595619201660156,,,0.295943021774292,,,,,,,,,,,,,,,,,,,
3649,0.31929707527160645,,,,,,,,0.3475840091705322,,,0.335629940032959,,,,,0.6843976974487305,,,,,,,,0.7051410675048828,1.1197171211242676,,0.310837984085083,,,0.2918717861175537,,,,,,,,,,,,,,,,,,,
3650,0.2949988842010498,,,,,,,,0.33864426612854004,,,0.3392519950866699,,,,,0.7072362899780273,,,,,,,,0.7667570114135742,0.6118040084838867,,0.33365297317504883,,,1.0908961296081543,,,,,,,,,,,,,,,,,,,
3651,0.31172800064086914,,,,,,,,0.32300496101379395,,,0.3326859474182129,,,,,0.6794610023498535,,,,,,,,0.3279550075531006,17.15460205078125,,0.3437938690185547,,,0.2708733081817627,,,,,,,,,,,,,,,,,,,
3652,0.3200991153717041,,,,,,,,0.33931422233581543,,,0.33330678939819336,,,,,0.6715960502624512,,,,,,,,0.674342155456543,1.2047061920166016,,0.31862783432006836,,,0.30705928802490234,,,,,,,,,,,,,,,,,,,
3653,0.30265212059020996,,,,,,,,0.31711316108703613,,,0.335284948348999,,,,,0.2959120273590088,,,,,,,,0.362091064453125,0.6436128616333008,,0.3509559631347656,,,0.2979729175567627,,,,,,,,,,,,,,,,,,,
3654,0.34284329414367676,,,,,,,,0.3636970520019531,,,0.3329648971557617,,,,,0.6276962757110596,,,,,,,,0.3052518367767334,1.3692443370819092,,0.32521486282348633,,,0.31329989433288574,,,,,,,,,,,,,,,,,,,
3655,0.3037080764770508,,,,,,,,0.3246462345123291,,,0.33638620376586914,,,,,0.7006001472473145,,,,,,,,0.7014398574829102,1.1903340816497803,,0.31679415702819824,,,0.29422712326049805,,,,,,,,,,,,,,,,,,,
3656,0.32503199577331543,,,,,,,,0.3398721218109131,,,0.335482120513916,,,,,0.31693410873413086,,,,,,,,1.1606380939483643,0.6479370594024658,,0.3076779842376709,,,0.2906370162963867,,,,,,,,,,,,,,,,,,,
3657,0.3047339916229248,,,,,,,,0.32833099365234375,,,0.3945591449737549,,,,,0.2987630367279053,,,,,,,,0.34281206130981445,0.6236851215362549,,0.31358885765075684,,,0.33461809158325195,,,,,,,,,,,,,,,,,,,
3658,0.3054928779602051,,,,,,,,0.32720112800598145,,,0.5179927349090576,,,,,0.6573708057403564,,,,,,,,0.3267092704772949,1.255683183670044,,0.34575581550598145,,,0.29182004928588867,,,,,,,,,,,,,,,,,,,
3659,0.3195228576660156,,,,,,,,0.36859917640686035,,,0.31960201263427734,,,,,0.6575627326965332,,,,,,,,0.3168671131134033,0.6473391056060791,,0.34218597412109375,,,0.29302215576171875,,,,,,,,,,,,,,,,,,,
3660,0.30794286727905273,,,,,,,,0.32109689712524414,,,0.43103909492492676,,,,,0.6730730533599854,,,,,,,,0.30957603454589844,1.3705909252166748,,0.32194089889526367,,,0.31162309646606445,,,,,,,,,,,,,,,,,,,
3661,0.3068087100982666,,,,,,,,0.325390100479126,,,0.3326091766357422,,,,,0.6664161682128906,,,,,,,,0.3183140754699707,1.189026117324829,,0.31890392303466797,,,0.2943241596221924,,,,,,,,,,,,,,,,,,,
3662,0.31569814682006836,,,,,,,,0.33130764961242676,,,0.42215585708618164,,,,,0.6675698757171631,,,,,,,,0.3246750831604004,0.6519081592559814,,0.3407289981842041,,,0.2877500057220459,,,,,,,,,,,,,,,,,,,
3663,0.30489587783813477,,,,,,,,0.3476600646972656,,,0.7607769966125488,,,,,0.6800100803375244,,,,,,,,0.7534477710723877,4.418557167053223,,0.3587181568145752,,,0.2902109622955322,,,,,,,,,,,,,,,,,,,
3664,0.32380199432373047,,,,,,,,0.3651139736175537,,,0.40315890312194824,,,,,0.6480097770690918,,,,,,,,0.31531715393066406,1.4784607887268066,,0.3079397678375244,,,0.3120238780975342,,,,,,,,,,,,,,,,,,,
3665,0.3047511577606201,,,,,,,,0.3293912410736084,,,0.7826168537139893,,,,,0.6658687591552734,,,,,,,,0.725477933883667,16.012420177459717,,0.3417479991912842,,,0.2883610725402832,,,,,,,,,,,,,,,,,,,
3666,0.3225111961364746,,,,,,,,0.3253517150878906,,,0.7567989826202393,,,,,0.6803798675537109,,,,,,,,0.7108361721038818,1.4151737689971924,,0.323164701461792,,,0.3186001777648926,,,,,,,,,,,,,,,,,,,
3667,0.32120609283447266,,,,,,,,0.343505859375,,,0.38043212890625,,,,,0.8733110427856445,,,,,,,,0.32943272590637207,1.418497085571289,,0.3139832019805908,,,0.27216506004333496,,,,,,,,,,,,,,,,,,,
3668,0.3199269771575928,,,,,,,,0.3241109848022461,,,0.7057089805603027,,,,,1.4961180686950684,,,,,,,,0.7073781490325928,0.6284990310668945,,0.3379189968109131,,,0.33451128005981445,,,,,,,,,,,,,,,,,,,
3669,0.31467294692993164,,,,,,,,0.3701901435852051,,,0.3110058307647705,,,,,0.6558799743652344,,,,,,,,1.245337963104248,0.6842949390411377,,0.32058191299438477,,,0.293870210647583,,,,,,,,,,,,,,,,,,,
3670,0.34546613693237305,,,,,,,,0.3461728096008301,,,0.7589199542999268,,,,,0.6610088348388672,,,,,,,,1.2213108539581299,1.330122947692871,,0.32607483863830566,,,0.3136470317840576,,,,,,,,,,,,,,,,,,,
3671,0.3143630027770996,,,,,,,,0.3328511714935303,,,0.34094810485839844,,,,,0.7023241519927979,,,,,,,,0.7112908363342285,1.4258289337158203,,0.3102736473083496,,,0.3451988697052002,,,,,,,,,,,,,,,,,,,
3672,0.30127787590026855,,,,,,,,0.3267037868499756,,,0.30486512184143066,,,,,1.4340488910675049,,,,,,,,0.3072497844696045,20.747700929641724,,0.3340890407562256,,,0.3018510341644287,,,,,,,,,,,,,,,,,,,
3673,0.3274550437927246,,,,,,,,0.33914899826049805,,,0.33841919898986816,,,,,0.6896169185638428,,,,,,,,0.7385931015014648,1.535207986831665,,0.3623011112213135,,,0.2902679443359375,,,,,,,,,,,,,,,,,,,
3674,0.3159463405609131,,,,,,,,0.35021400451660156,,,0.33132505416870117,,,,,0.6762070655822754,,,,,,,,0.3620491027832031,0.9113411903381348,,0.3288898468017578,,,1.1421592235565186,,,,,,,,,,,,,,,,,,,
3675,0.3447589874267578,,,,,,,,0.3208329677581787,,,0.5595002174377441,,,,,0.7060027122497559,,,,,,,,0.32421088218688965,0.644110918045044,,0.3101630210876465,,,0.28766703605651855,,,,,,,,,,,,,,,,,,,
3676,0.31635308265686035,,,,,,,,0.3392677307128906,,,0.7037670612335205,,,,,0.7063419818878174,,,,,,,,0.6791648864746094,0.6584289073944092,,0.3183591365814209,,,0.3069331645965576,,,,,,,,,,,,,,,,,,,
3677,0.3215618133544922,,,,,,,,0.32477331161499023,,,0.6770479679107666,,,,,0.6677241325378418,,,,,,,,0.7415807247161865,1.1626091003417969,,0.31873512268066406,,,0.29265832901000977,,,,,,,,,,,,,,,,,,,
3678,0.312178373336792,,,,,,,,0.3436410427093506,,,0.3125650882720947,,,,,0.6768879890441895,,,,,,,,0.6799631118774414,0.6791689395904541,,0.33809900283813477,,,0.31143975257873535,,,,,,,,,,,,,,,,,,,
3679,0.3027160167694092,,,,,,,,0.3682129383087158,,,0.6774110794067383,,,,,0.688666820526123,,,,,,,,0.3175969123840332,0.6232719421386719,,0.31029486656188965,,,0.29252195358276367,,,,,,,,,,,,,,,,,,,
3680,0.3477029800415039,,,,,,,,0.32906484603881836,,,0.33188605308532715,,,,,0.7039000988006592,,,,,,,,0.3115978240966797,1.4929306507110596,,0.3242642879486084,,,0.702207088470459,,,,,,,,,,,,,,,,,,,
3681,0.31789398193359375,,,,,,,,0.33696889877319336,,,0.33744001388549805,,,,,0.70650315284729,,,,,,,,0.3214898109436035,0.6799838542938232,,0.33574724197387695,,,0.29655909538269043,,,,,,,,,,,,,,,,,,,
3682,0.3182840347290039,,,,,,,,0.31988096237182617,,,0.33251500129699707,,,,,0.6579668521881104,,,,,,,,0.3505086898803711,1.4801349639892578,,0.30865001678466797,,,0.28516507148742676,,,,,,,,,,,,,,,,,,,
3683,0.31914710998535156,,,,,,,,0.325214147567749,,,0.7356362342834473,,,,,0.6490349769592285,,,,,,,,0.32950925827026367,1.1977291107177734,,0.3387160301208496,,,0.2962300777435303,,,,,,,,,,,,,,,,,,,
3684,0.3193478584289551,,,,,,,,0.3655087947845459,,,0.3226149082183838,,,,,0.7040181159973145,,,,,,,,0.32912468910217285,1.4489960670471191,,0.3325660228729248,,,0.29557299613952637,,,,,,,,,,,,,,,,,,,
3685,0.3456711769104004,,,,,,,,0.3255290985107422,,,0.30922412872314453,,,,,0.6684010028839111,,,,,,,,0.3126230239868164,0.772921085357666,,0.3376469612121582,,,0.2924633026123047,,,,,,,,,,,,,,,,,,,
3686,0.30025291442871094,,,,,,,,0.339648962020874,,,0.7051100730895996,,,,,0.6962461471557617,,,,,,,,0.7365720272064209,1.4053049087524414,,0.3113899230957031,,,0.31322216987609863,,,,,,,,,,,,,,,,,,,
3687,0.3076159954071045,,,,,,,,0.32189273834228516,,,0.32170605659484863,,,,,1.4415669441223145,,,,,,,,0.6747210025787354,0.639962911605835,,0.3256680965423584,,,0.6911759376525879,,,,,,,,,,,,,,,,,,,
3688,0.30411386489868164,,,,,,,,0.34293508529663086,,,0.7026329040527344,,,,,0.687129020690918,,,,,,,,0.7024650573730469,0.6232397556304932,,0.36259007453918457,,,0.2975308895111084,,,,,,,,,,,,,,,,,,,
3689,0.28122901916503906,,,,,,,,0.3448660373687744,,,0.3269929885864258,,,,,0.6755020618438721,,,,,,,,0.3360450267791748,1.2145979404449463,,0.32675695419311523,,,0.30388593673706055,,,,,,,,,,,,,,,,,,,
3690,0.3269779682159424,,,,,,,,0.3259100914001465,,,0.3180689811706543,,,,,1.145672082901001,,,,,,,,0.6969630718231201,0.6406867504119873,,0.34218597412109375,,,0.31011295318603516,,,,,,,,,,,,,,,,,,,
3691,0.28246617317199707,,,,,,,,0.33450984954833984,,,0.321134090423584,,,,,0.6841731071472168,,,,,,,,0.7230110168457031,1.4864380359649658,,0.32160472869873047,,,0.30057811737060547,,,,,,,,,,,,,,,,,,,
3692,0.32132411003112793,,,,,,,,0.3328230381011963,,,0.3077528476715088,,,,,0.6645569801330566,,,,,,,,0.7004117965698242,1.4519596099853516,,0.3203158378601074,,,0.2896280288696289,,,,,,,,,,,,,,,,,,,
3693,0.30077314376831055,,,,,,,,0.32740211486816406,,,0.6887898445129395,,,,,0.6939651966094971,,,,,,,,0.32154083251953125,0.6364150047302246,,0.33475399017333984,,,0.29317593574523926,,,,,,,,,,,,,,,,,,,
3694,0.30254173278808594,,,,,,,,0.3658280372619629,,,0.6854217052459717,,,,,0.7301578521728516,,,,,,,,1.1307621002197266,0.7815189361572266,,0.31292009353637695,,,0.2836911678314209,,,,,,,,,,,,,,,,,,,
3695,0.30480098724365234,,,,,,,,0.3452107906341553,,,0.3092379570007324,,,,,0.7082312107086182,,,,,,,,0.4284989833831787,0.624802827835083,,0.31842875480651855,,,0.28997182846069336,,,,,,,,,,,,,,,,,,,
3696,0.30069708824157715,,,,,,,,0.3381977081298828,,,0.3323519229888916,,,,,0.652432918548584,,,,,,,,0.3203911781311035,0.649249792098999,,0.32683777809143066,,,0.3000619411468506,,,,,,,,,,,,,,,,,,,
3697,0.30490803718566895,,,,,,,,0.32141900062561035,,,0.3170309066772461,,,,,0.692497968673706,,,,,,,,0.6530492305755615,0.6395120620727539,,0.32953429222106934,,,0.3002040386199951,,,,,,,,,,,,,,,,,,,
3698,0.3022010326385498,,,,,,,,0.32508111000061035,,,0.6787879467010498,,,,,0.6744849681854248,,,,,,,,0.3196690082550049,1.4210801124572754,,0.3553628921508789,,,0.3128187656402588,,,,,,,,,,,,,,,,,,,
3699,0.30096912384033203,,,,,,,,0.35483479499816895,,,0.33632421493530273,,,,,0.7070541381835938,,,,,,,,0.32753872871398926,1.4561829566955566,,0.312758207321167,,,0.31057310104370117,,,,,,,,,,,,,,,,,,,
3700,0.3202178478240967,,,,,,,,0.3370678424835205,,,0.6798148155212402,,,,,0.6658039093017578,,,,,,,,0.6855299472808838,1.4265549182891846,,0.3252427577972412,,,0.29373788833618164,,,,,,,,,,,,,,,,,,,
3701,0.30765318870544434,,,,,,,,0.32768988609313965,,,0.31265807151794434,,,,,0.7048649787902832,,,,,,,,0.3262050151824951,1.2466671466827393,,0.31650567054748535,,,0.29506826400756836,,,,,,,,,,,,,,,,,,,
3702,0.2969841957092285,,,,,,,,0.3350050449371338,,,0.3235929012298584,,,,,1.514739990234375,,,,,,,,0.37608790397644043,1.1654489040374756,,0.34022092819213867,,,0.29488515853881836,,,,,,,,,,,,,,,,,,,
3703,0.3043992519378662,,,,,,,,0.3269951343536377,,,0.3168971538543701,,,,,0.6921579837799072,,,,,,,,0.6576089859008789,1.147090196609497,,0.3413808345794678,,,0.2966330051422119,,,,,,,,,,,,,,,,,,,
3704,0.30915379524230957,,,,,,,,0.36598873138427734,,,0.30628514289855957,,,,,0.6542539596557617,,,,,,,,0.3224301338195801,0.648550271987915,,0.3193819522857666,,,0.3099057674407959,,,,,,,,,,,,,,,,,,,
3705,0.31925415992736816,,,,,,,,0.3201630115509033,,,0.3111691474914551,,,,,0.653900146484375,,,,,,,,0.36366891860961914,0.6459622383117676,,0.3395712375640869,,,0.2671382427215576,,,,,,,,,,,,,,,,,,,
3706,0.31342411041259766,,,,,,,,0.32609081268310547,,,0.3529989719390869,,,,,1.1989538669586182,,,,,,,,0.33350396156311035,1.1668751239776611,,0.3374319076538086,,,0.3327329158782959,,,,,,,,,,,,,,,,,,,
3707,0.2940089702606201,,,,,,,,0.33829188346862793,,,0.6666500568389893,,,,,0.6891849040985107,,,,,,,,0.3321239948272705,1.4713289737701416,,0.3326749801635742,,,0.29744482040405273,,,,,,,,,,,,,,,,,,,
3708,0.29389476776123047,,,,,,,,0.3350961208343506,,,0.34346604347229004,,,,,0.6914889812469482,,,,,,,,0.35810399055480957,0.6497440338134766,,0.33479928970336914,,,0.7030749320983887,,,,,,,,,,,,,,,,,,,
3709,0.31424999237060547,,,,,,,,0.3490269184112549,,,0.31984782218933105,,,,,0.6649558544158936,,,,,,,,0.6967618465423584,0.6367931365966797,,0.33358192443847656,,,0.29326581954956055,,,,,,,,,,,,,,,,,,,
3710,0.29398322105407715,,,,,,,,0.3378312587738037,,,0.7532141208648682,,,,,0.6685359477996826,,,,,,,,0.31227684020996094,0.6608002185821533,,0.3399238586425781,,,0.3145778179168701,,,,,,,,,,,,,,,,,,,
3711,0.3178420066833496,,,,,,,,0.32453227043151855,,,0.33141493797302246,,,,,0.6552259922027588,,,,,,,,0.3567800521850586,1.447620153427124,,0.32051873207092285,,,0.6938900947570801,,,,,,,,,,,,,,,,,,,
3712,0.3400838375091553,,,,,,,,0.3189666271209717,,,0.7468202114105225,,,,,0.7244679927825928,,,,,,,,0.33312416076660156,0.6600921154022217,,0.3238978385925293,,,0.2885768413543701,,,,,,,,,,,,,,,,,,,
3713,0.3185257911682129,,,,,,,,0.34566402435302734,,,0.3084540367126465,,,,,1.1327450275421143,,,,,,,,0.3542630672454834,0.6211471557617188,,0.3607046604156494,,,0.29323506355285645,,,,,,,,,,,,,,,,,,,
3714,0.32285618782043457,,,,,,,,0.34554505348205566,,,0.7379293441772461,,,,,0.6584439277648926,,,,,,,,0.7177999019622803,0.6394639015197754,,0.3322007656097412,,,0.2913479804992676,,,,,,,,,,,,,,,,,,,
3715,0.3008849620819092,,,,,,,,0.33992815017700195,,,0.33188891410827637,,,,,0.6802990436553955,,,,,,,,0.32877612113952637,0.6336612701416016,,0.31334519386291504,,,0.3339991569519043,,,,,,,,,,,,,,,,,,,
3716,0.31768226623535156,,,,,,,,0.33357810974121094,,,0.6931471824645996,,,,,0.6925818920135498,,,,,,,,0.35692405700683594,0.6193740367889404,,0.33013296127319336,,,0.29962587356567383,,,,,,,,,,,,,,,,,,,
3717,0.3391110897064209,,,,,,,,0.35207295417785645,,,0.6891319751739502,,,,,0.6472408771514893,,,,,,,,0.3584270477294922,0.6428089141845703,,0.3440120220184326,,,0.30744028091430664,,,,,,,,,,,,,,,,,,,
3718,0.32111120223999023,,,,,,,,0.32552504539489746,,,0.6988258361816406,,,,,0.6652030944824219,,,,,,,,0.33847713470458984,1.4121699333190918,,0.34109020233154297,,,0.30518603324890137,,,,,,,,,,,,,,,,,,,
3719,0.32280898094177246,,,,,,,,0.34776997566223145,,,0.6706790924072266,,,,,0.6593668460845947,,,,,,,,0.6552410125732422,0.6231439113616943,,0.3164191246032715,,,0.3103606700897217,,,,,,,,,,,,,,,,,,,
3720,0.31558704376220703,,,,,,,,0.3290238380432129,,,0.32047200202941895,,,,,0.6811709403991699,,,,,,,,0.33468008041381836,1.38466215133667,,0.32687807083129883,,,0.2932167053222656,,,,,,,,,,,,,,,,,,,
3721,0.3214409351348877,,,,,,,,0.35088419914245605,,,0.3184318542480469,,,,,1.3032639026641846,,,,,,,,1.1781461238861084,0.6480319499969482,,0.3368818759918213,,,0.3176751136779785,,,,,,,,,,,,,,,,,,,
3722,0.3158888816833496,,,,,,,,0.3344302177429199,,,0.3144979476928711,,,,,0.6374528408050537,,,,,,,,0.31425905227661133,0.6199800968170166,,0.3355429172515869,,,0.30146193504333496,,,,,,,,,,,,,,,,,,,
3723,0.3258998394012451,,,,,,,,0.3601360321044922,,,0.3290109634399414,,,,,0.303516149520874,,,,,,,,0.5693860054016113,1.442457914352417,,0.33463501930236816,,,0.2978849411010742,,,,,,,,,,,,,,,,,,,
3724,1.2834300994873047,,,,,,,,0.3819007873535156,,,0.321303129196167,,,,,0.6928930282592773,,,,,,,,0.3158588409423828,0.6490318775177002,,0.3302898406982422,,,0.3133080005645752,,,,,,,,,,,,,,,,,,,
3725,0.3063018321990967,,,,,,,,0.34447288513183594,,,0.32067298889160156,,,,,0.30881500244140625,,,,,,,,0.7308809757232666,0.6193439960479736,,0.34401416778564453,,,0.2963869571685791,,,,,,,,,,,,,,,,,,,
3726,0.30892014503479004,,,,,,,,0.35649895668029785,,,0.30936217308044434,,,,,0.7483646869659424,,,,,,,,0.32462000846862793,0.6290898323059082,,0.3175973892211914,,,0.29215216636657715,,,,,,,,,,,,,,,,,,,
3727,0.29830098152160645,,,,,,,,0.33570194244384766,,,0.32809019088745117,,,,,0.6650617122650146,,,,,,,,0.3309299945831299,1.4686930179595947,,0.3226180076599121,,,0.6688339710235596,,,,,,,,,,,,,,,,,,,
3728,0.32534289360046387,,,,,,,,0.3560810089111328,,,0.3369882106781006,,,,,1.0240719318389893,,,,,,,,0.319019079208374,0.6366450786590576,,0.3546919822692871,,,0.3116171360015869,,,,,,,,,,,,,,,,,,,
3729,0.3165740966796875,,,,,,,,0.37415313720703125,,,0.33539700508117676,,,,,0.6660270690917969,,,,,,,,0.6983451843261719,0.6408681869506836,,0.33951878547668457,,,0.31394004821777344,,,,,,,,,,,,,,,,,,,
3730,0.2924528121948242,,,,,,,,0.3622310161590576,,,0.32169318199157715,,,,,0.6844751834869385,,,,,,,,0.3511800765991211,0.650291919708252,,0.3249969482421875,,,0.2916898727416992,,,,,,,,,,,,,,,,,,,
3731,0.32924437522888184,,,,,,,,0.3397669792175293,,,0.31984806060791016,,,,,0.661505937576294,,,,,,,,0.6983339786529541,0.6719889640808105,,0.3247818946838379,,,0.3150327205657959,,,,,,,,,,,,,,,,,,,
3732,0.3207249641418457,,,,,,,,0.3502802848815918,,,0.31494808197021484,,,,,0.690561056137085,,,,,,,,0.6954419612884521,1.2034292221069336,,0.3299140930175781,,,0.29680490493774414,,,,,,,,,,,,,,,,,,,
3733,0.3000669479370117,,,,,,,,0.3543870449066162,,,0.3257100582122803,,,,,1.1894831657409668,,,,,,,,0.34243202209472656,1.4120399951934814,,0.36686015129089355,,,0.3349618911743164,,,,,,,,,,,,,,,,,,,
3734,0.291640043258667,,,,,,,,0.3545951843261719,,,0.34626293182373047,,,,,0.6290218830108643,,,,,,,,0.6562528610229492,1.472261905670166,,0.34660792350769043,,,0.288409948348999,,,,,,,,,,,,,,,,,,,
3735,0.3106119632720947,,,,,,,,0.3438429832458496,,,0.6572809219360352,,,,,0.6374011039733887,,,,,,,,0.31349873542785645,0.6496362686157227,,0.32320117950439453,,,0.6709589958190918,,,,,,,,,,,,,,,,,,,
3736,0.313845157623291,,,,,,,,0.34778594970703125,,,0.3420600891113281,,,,,0.6332199573516846,,,,,,,,0.5666141510009766,0.6145811080932617,,0.33330202102661133,,,0.3054051399230957,,,,,,,,,,,,,,,,,,,
3737,0.32179689407348633,,,,,,,,0.3494729995727539,,,0.31276583671569824,,,,,0.6745719909667969,,,,,,,,0.3513627052307129,0.6723437309265137,,0.3254730701446533,,,0.31412720680236816,,,,,,,,,,,,,,,,,,,
3738,0.3184828758239746,,,,,,,,0.3409278392791748,,,0.7469029426574707,,,,,0.7011470794677734,,,,,,,,0.6603899002075195,1.197948932647705,,0.3548390865325928,,,0.7136931419372559,,,,,,,,,,,,,,,,,,,
3739,0.32242894172668457,,,,,,,,0.35302186012268066,,,0.318375825881958,,,,,0.6648011207580566,,,,,,,,0.3433349132537842,1.915403127670288,,0.34242725372314453,,,0.3165769577026367,,,,,,,,,,,,,,,,,,,
3740,0.3177759647369385,,,,,,,,0.3528470993041992,,,0.3102869987487793,,,,,0.31415557861328125,,,,,,,,0.31525301933288574,1.4435219764709473,,0.3471660614013672,,,0.2983410358428955,,,,,,,,,,,,,,,,,,,
3741,0.31687092781066895,,,,,,,,0.329190731048584,,,0.7058901786804199,,,,,0.3452119827270508,,,,,,,,0.6631462574005127,1.4472718238830566,,0.35213398933410645,,,0.31319117546081543,,,,,,,,,,,,,,,,,,,
3742,0.2988741397857666,,,,,,,,0.34430909156799316,,,0.3129689693450928,,,,,0.6341180801391602,,,,,,,,0.38435983657836914,0.6590559482574463,,0.338242769241333,,,0.3145151138305664,,,,,,,,,,,,,,,,,,,
3743,0.3251020908355713,,,,,,,,0.3313322067260742,,,0.32845091819763184,,,,,0.6695308685302734,,,,,,,,0.6564469337463379,0.6468489170074463,,0.3581061363220215,,,0.289808988571167,,,,,,,,,,,,,,,,,,,
3744,1.0726470947265625,,,,,,,,0.3750307559967041,,,0.338590145111084,,,,,0.30903196334838867,,,,,,,,0.3534889221191406,0.6551952362060547,,0.3261129856109619,,,0.2915949821472168,,,,,,,,,,,,,,,,,,,
3745,0.3153257369995117,,,,,,,,0.35383129119873047,,,0.3466150760650635,,,,,0.6869392395019531,,,,,,,,0.3455071449279785,1.413511037826538,,0.320404052734375,,,0.3173398971557617,,,,,,,,,,,,,,,,,,,
3746,0.32557177543640137,,,,,,,,0.33350610733032227,,,0.7572581768035889,,,,,0.660862922668457,,,,,,,,0.3228919506072998,0.6462500095367432,,0.3425619602203369,,,0.2943730354309082,,,,,,,,,,,,,,,,,,,
3747,0.31630921363830566,,,,,,,,0.3446309566497803,,,0.6672360897064209,,,,,0.3145730495452881,,,,,,,,0.6443948745727539,0.6294739246368408,,0.3306849002838135,,,0.3268001079559326,,,,,,,,,,,,,,,,,,,
3748,0.3008430004119873,,,,,,,,0.32572126388549805,,,0.3329501152038574,,,,,0.2973027229309082,,,,,,,,0.326977014541626,0.615105152130127,,0.35565638542175293,,,0.3134129047393799,,,,,,,,,,,,,,,,,,,
3749,0.3389899730682373,,,,,,,,0.36696290969848633,,,0.3121349811553955,,,,,0.3028428554534912,,,,,,,,0.3343980312347412,1.4042940139770508,,0.3392331600189209,,,0.2856590747833252,,,,,,,,,,,,,,,,,,,
3750,0.32279014587402344,,,,,,,,0.35053491592407227,,,0.32747316360473633,,,,,0.3001279830932617,,,,,,,,0.987921953201294,0.6396658420562744,,0.3416922092437744,,,0.29526686668395996,,,,,,,,,,,,,,,,,,,
3751,0.318403959274292,,,,,,,,0.35283613204956055,,,0.3347508907318115,,,,,0.631721019744873,,,,,,,,0.3229238986968994,0.614995002746582,,0.3374819755554199,,,0.29154205322265625,,,,,,,,,,,,,,,,,,,
3752,0.322721004486084,,,,,,,,0.3468811511993408,,,0.315049409866333,,,,,0.6480429172515869,,,,,,,,0.7511448860168457,0.6438469886779785,,0.32608485221862793,,,0.43547487258911133,,,,,,,,,,,,,,,,,,,
3753,0.31653714179992676,,,,,,,,0.35010719299316406,,,0.6792898178100586,,,,,0.6985578536987305,,,,,,,,0.6762619018554688,0.6359660625457764,,0.36492395401000977,,,0.3072237968444824,,,,,,,,,,,,,,,,,,,
3754,0.32280611991882324,,,,,,,,0.3684098720550537,,,0.3300621509552002,,,,,0.298922061920166,,,,,,,,0.7189350128173828,0.6122109889984131,,0.33106207847595215,,,0.30559420585632324,,,,,,,,,,,,,,,,,,,
3755,0.29889678955078125,,,,,,,,0.35078001022338867,,,0.6629440784454346,,,,,0.6807229518890381,,,,,,,,0.33307790756225586,1.4008698463439941,,0.34241795539855957,,,0.3004908561706543,,,,,,,,,,,,,,,,,,,
3756,0.31878089904785156,,,,,,,,0.32569193840026855,,,0.3505709171295166,,,,,0.6596300601959229,,,,,,,,0.3492422103881836,1.4938008785247803,,0.344912052154541,,,0.30875110626220703,,,,,,,,,,,,,,,,,,,
3757,0.3382289409637451,,,,,,,,0.3458878993988037,,,0.6622300148010254,,,,,0.30512022972106934,,,,,,,,0.6580040454864502,0.2667520046234131,,0.32431674003601074,,,0.2975170612335205,,,,,,,,,,,,,,,,,,,
3758,2.35775089263916,,,,,,,,0.3532538414001465,,,0.3138427734375,,,,,0.6736798286437988,,,,,,,,0.6556439399719238,1.2385430335998535,,0.35611987113952637,,,0.28833794593811035,,,,,,,,,,,,,,,,,,,
3759,0.3452298641204834,,,,,,,,0.35568833351135254,,,0.3127920627593994,,,,,0.6459581851959229,,,,,,,,0.31196117401123047,0.6793777942657471,,0.3417391777038574,,,0.2853279113769531,,,,,,,,,,,,,,,,,,,
3760,0.5147371292114258,,,,,,,,0.3418080806732178,,,0.6523470878601074,,,,,0.6078732013702393,,,,,,,,0.6777102947235107,0.648834228515625,,0.3234691619873047,,,0.3145139217376709,,,,,,,,,,,,,,,,,,,
3761,0.31157994270324707,,,,,,,,0.35446977615356445,,,0.3188469409942627,,,,,0.35411930084228516,,,,,,,,0.3439638614654541,1.411134958267212,,0.3445620536804199,,,0.3050498962402344,,,,,,,,,,,,,,,,,,,
3762,3.457987070083618,,,,,,,,0.3374509811401367,,,0.32249975204467773,,,,,0.3928360939025879,,,,,,,,0.3362600803375244,1.4467389583587646,,0.3231160640716553,,,0.29842519760131836,,,,,,,,,,,,,,,,,,,
3763,1.1358330249786377,,,,,,,,0.32945895195007324,,,0.30722475051879883,,,,,0.6559228897094727,,,,,,,,0.673886775970459,1.4751620292663574,,0.3577141761779785,,,0.3050103187561035,,,,,,,,,,,,,,,,,,,
3764,0.3240499496459961,,,,,,,,0.3601951599121094,,,0.3547399044036865,,,,,0.32370829582214355,,,,,,,,0.3229179382324219,0.6563568115234375,,0.33511900901794434,,,0.31681013107299805,,,,,,,,,,,,,,,,,,,
3765,0.3254227638244629,,,,,,,,0.35095787048339844,,,0.6681890487670898,,,,,0.29833316802978516,,,,,,,,0.6522068977355957,1.4244928359985352,,0.3436408042907715,,,0.6469700336456299,,,,,,,,,,,,,,,,,,,
3766,0.31202197074890137,,,,,,,,0.34420084953308105,,,0.3088982105255127,,,,,0.34471678733825684,,,,,,,,0.3372220993041992,1.3870189189910889,,0.34450697898864746,,,0.31521081924438477,,,,,,,,,,,,,,,,,,,
3767,0.32605504989624023,,,,,,,,0.35088491439819336,,,0.6821639537811279,,,,,0.3691999912261963,,,,,,,,0.7101280689239502,1.4510772228240967,,0.3249990940093994,,,1.1088340282440186,,,,,,,,,,,,,,,,,,,
3768,0.29917216300964355,,,,,,,,0.34863805770874023,,,0.3141319751739502,,,,,0.32665109634399414,,,,,,,,0.6928927898406982,0.6594901084899902,,0.3712460994720459,,,0.29001498222351074,,,,,,,,,,,,,,,,,,,
3769,0.3104977607727051,,,,,,,,0.360929012298584,,,0.3291189670562744,,,,,0.3628239631652832,,,,,,,,0.5286362171173096,0.6342980861663818,,0.3473639488220215,,,0.31587886810302734,,,,,,,,,,,,,,,,,,,
3770,0.36708807945251465,,,,,,,,0.33299779891967773,,,0.3343021869659424,,,,,0.2996039390563965,,,,,,,,0.33766913414001465,1.4163117408752441,,0.35019803047180176,,,0.696544885635376,,,,,,,,,,,,,,,,,,,
3771,2.258309841156006,,,,,,,,0.331312894821167,,,0.33571791648864746,,,,,0.6586358547210693,,,,,,,,0.3338890075683594,0.8208878040313721,,0.34703993797302246,,,0.6681411266326904,,,,,,,,,,,,,,,,,,,
3772,0.2973020076751709,,,,,,,,0.33263683319091797,,,0.689877986907959,,,,,0.30121803283691406,,,,,,,,0.6865532398223877,1.153083086013794,,0.32450008392333984,,,0.3111112117767334,,,,,,,,,,,,,,,,,,,
3773,0.32947397232055664,,,,,,,,0.3544890880584717,,,0.6689679622650146,,,,,0.3069639205932617,,,,,,,,1.2190320491790771,1.2249281406402588,,0.35329627990722656,,,0.3070950508117676,,,,,,,,,,,,,,,,,,,
3774,1.769730806350708,,,,,,,,0.3817870616912842,,,0.3312978744506836,,,,,0.7098619937896729,,,,,,,,0.6814947128295898,0.645780086517334,,0.3295869827270508,,,0.2927529811859131,,,,,,,,,,,,,,,,,,,
3775,0.34766483306884766,,,,,,,,0.35152101516723633,,,0.3546931743621826,,,,,0.7078778743743896,,,,,,,,0.3399639129638672,1.409897804260254,,0.3347148895263672,,,0.29237914085388184,,,,,,,,,,,,,,,,,,,
3776,0.30848002433776855,,,,,,,,0.34992289543151855,,,0.40362000465393066,,,,,0.6965198516845703,,,,,,,,0.3153719902038574,0.6511971950531006,,0.33441877365112305,,,0.3142859935760498,,,,,,,,,,,,,,,,,,,
3777,0.3033130168914795,,,,,,,,0.33776116371154785,,,0.6645019054412842,,,,,0.6439011096954346,,,,,,,,0.3340761661529541,1.4708991050720215,,0.3497159481048584,,,0.29456377029418945,,,,,,,,,,,,,,,,,,,
3778,0.5164239406585693,,,,,,,,0.3311591148376465,,,0.3199501037597656,,,,,0.7013261318206787,,,,,,,,0.3195362091064453,1.4366321563720703,,0.3778038024902344,,,0.33563709259033203,,,,,,,,,,,,,,,,,,,
3779,0.38846898078918457,,,,,,,,0.38077211380004883,,,0.34416723251342773,,,,,0.321058988571167,,,,,,,,0.3160080909729004,1.4457802772521973,,0.33750295639038086,,,0.30752992630004883,,,,,,,,,,,,,,,,,,,
3780,0.2946629524230957,,,,,,,,0.3579137325286865,,,0.307863712310791,,,,,0.31993889808654785,,,,,,,,0.33732104301452637,0.67215895652771,,0.3311502933502197,,,0.2936420440673828,,,,,,,,,,,,,,,,,,,
3781,1.0459411144256592,,,,,,,,0.35481810569763184,,,0.30672693252563477,,,,,0.3186967372894287,,,,,,,,0.5908329486846924,1.4380171298980713,,0.3308401107788086,,,0.3130922317504883,,,,,,,,,,,,,,,,,,,
3782,0.3298318386077881,,,,,,,,0.3535900115966797,,,0.32915687561035156,,,,,0.6837289333343506,,,,,,,,0.6619367599487305,1.4092936515808105,,0.33809399604797363,,,0.2867398262023926,,,,,,,,,,,,,,,,,,,
3783,1.1484160423278809,,,,,,,,0.35655784606933594,,,0.3159210681915283,,,,,0.2960057258605957,,,,,,,,0.3557581901550293,0.8325886726379395,,0.3750321865081787,,,0.2958238124847412,,,,,,,,,,,,,,,,,,,
3784,0.6691961288452148,,,,,,,,0.37607717514038086,,,0.3357512950897217,,,,,0.36368322372436523,,,,,,,,0.358691930770874,1.43253493309021,,0.3420290946960449,,,0.2879760265350342,,,,,,,,,,,,,,,,,,,
3785,0.6723098754882812,,,,,,,,0.3295447826385498,,,0.658581018447876,,,,,0.7022068500518799,,,,,,,,0.3304572105407715,1.1881799697875977,,0.35233402252197266,,,0.31472206115722656,,,,,,,,,,,,,,,,,,,
3786,2.3588342666625977,,,,,,,,0.3264482021331787,,,0.6600022315979004,,,,,0.3243272304534912,,,,,,,,0.7753009796142578,0.6450209617614746,,0.34750890731811523,,,0.30837297439575195,,,,,,,,,,,,,,,,,,,
3787,2.380884885787964,,,,,,,,0.33531761169433594,,,0.3330800533294678,,,,,0.32031893730163574,,,,,,,,0.3431539535522461,1.193061113357544,,0.33800482749938965,,,0.3179309368133545,,,,,,,,,,,,,,,,,,,
3788,0.3179330825805664,,,,,,,,0.3355140686035156,,,0.6540870666503906,,,,,0.6838400363922119,,,,,,,,0.3501272201538086,0.9884727001190186,,0.3562140464782715,,,1.1201660633087158,,,,,,,,,,,,,,,,,,,
3789,0.47673606872558594,,,,,,,,0.3768761157989502,,,0.6623921394348145,,,,,0.33554720878601074,,,,,,,,0.7328319549560547,1.4091477394104004,,0.3247509002685547,,,0.3031899929046631,,,,,,,,,,,,,,,,,,,
3790,1.4287981986999512,,,,,,,,0.3524210453033447,,,0.33080506324768066,,,,,0.3677792549133301,,,,,,,,0.6962699890136719,1.4380621910095215,,0.3452470302581787,,,0.31747007369995117,,,,,,,,,,,,,,,,,,,
3791,0.28275203704833984,,,,,,,,0.33463621139526367,,,0.4392099380493164,,,,,0.3124721050262451,,,,,,,,0.3313140869140625,0.6226251125335693,,0.33766603469848633,,,0.3097419738769531,,,,,,,,,,,,,,,,,,,
3792,0.6381618976593018,,,,,,,,0.35867786407470703,,,0.737947940826416,,,,,0.2784860134124756,,,,,,,,0.6879189014434814,0.6234030723571777,,0.33145713806152344,,,0.7017741203308105,,,,,,,,,,,,,,,,,,,
3793,0.3182518482208252,,,,,,,,0.3285398483276367,,,0.29195713996887207,,,,,0.7129077911376953,,,,,,,,0.3364880084991455,0.6604490280151367,,0.35115790367126465,,,0.30860304832458496,,,,,,,,,,,,,,,,,,,
3794,0.6796081066131592,,,,,,,,0.3588831424713135,,,0.6947131156921387,,,,,0.29772305488586426,,,,,,,,0.33049988746643066,0.6220779418945312,,0.34143900871276855,,,0.309298038482666,,,,,,,,,,,,,,,,,,,
3795,1.9690229892730713,,,,,,,,0.33375072479248047,,,0.3189198970794678,,,,,0.32072973251342773,,,,,,,,0.685711145401001,1.4278910160064697,,0.34642601013183594,,,0.31704020500183105,,,,,,,,,,,,,,,,,,,
3796,0.6507630348205566,,,,,,,,0.3325812816619873,,,0.3444831371307373,,,,,1.4384410381317139,,,,,,,,0.7508730888366699,0.6773498058319092,,0.32755279541015625,,,0.3072550296783447,,,,,,,,,,,,,,,,,,,
3797,0.30014896392822266,,,,,,,,0.3511159420013428,,,0.6637580394744873,,,,,0.665092945098877,,,,,,,,0.6997008323669434,1.4499399662017822,,0.3514387607574463,,,0.3133430480957031,,,,,,,,,,,,,,,,,,,
3798,0.6977448463439941,,,,,,,,0.3559439182281494,,,0.33093810081481934,,,,,0.6838369369506836,,,,,,,,0.5252280235290527,0.6587927341461182,,0.36293911933898926,,,0.29158496856689453,,,,,,,,,,,,,,,,,,,
3799,0.2982470989227295,,,,,,,,0.3591878414154053,,,0.7031610012054443,,,,,0.315183162689209,,,,,,,,0.33214879035949707,1.4053127765655518,,0.3380851745605469,,,0.28833985328674316,,,,,,,,,,,,,,,,,,,
3800,1.9223389625549316,,,,,,,,0.3305788040161133,,,0.7060239315032959,,,,,0.8747620582580566,,,,,,,,0.666715145111084,0.64565110206604,,0.35412096977233887,,,0.7082371711730957,,,,,,,,,,,,,,,,,,,
3801,0.6681320667266846,,,,,,,,0.35650110244750977,,,0.338284969329834,,,,,1.545408010482788,,,,,,,,0.5473601818084717,0.6734857559204102,,0.3390681743621826,,,0.6720700263977051,,,,,,,,,,,,,,,,,,,
3802,0.3128852844238281,,,,,,,,0.3393709659576416,,,0.30640411376953125,,,,,0.4218559265136719,,,,,,,,0.6833610534667969,0.7038428783416748,,0.3573591709136963,,,0.31747007369995117,,,,,,,,,,,,,,,,,,,
3803,2.302992820739746,,,,,,,,0.35861682891845703,,,0.3122258186340332,,,,,0.2972109317779541,,,,,,,,0.6805989742279053,1.48366117477417,,0.35993289947509766,,,0.6704099178314209,,,,,,,,,,,,,,,,,,,
3804,0.6606302261352539,,,,,,,,0.36065673828125,,,0.4193859100341797,,,,,0.28222107887268066,,,,,,,,0.3113372325897217,0.6234931945800781,,0.33246803283691406,,,0.31522083282470703,,,,,,,,,,,,,,,,,,,
3805,1.1279008388519287,,,,,,,,0.3584749698638916,,,0.3532087802886963,,,,,0.6950950622558594,,,,,,,,0.355022668838501,1.4328620433807373,,0.3629937171936035,,,0.31101107597351074,,,,,,,,,,,,,,,,,,,
3806,0.3042781352996826,,,,,,,,0.34123897552490234,,,0.31321287155151367,,,,,0.6715724468231201,,,,,,,,0.7374751567840576,0.6636378765106201,,0.35572195053100586,,,0.32706379890441895,,,,,,,,,,,,,,,,,,,
3807,0.7410709857940674,,,,,,,,0.3334801197052002,,,0.3212869167327881,,,,,0.6630759239196777,,,,,,,,0.6900641918182373,1.476045846939087,,0.3433678150177002,,,0.2924020290374756,,,,,,,,,,,,,,,,,,,
3808,1.0435161590576172,,,,,,,,0.34822869300842285,,,0.3198699951171875,,,,,0.6742558479309082,,,,,,,,0.3541390895843506,0.6696357727050781,,0.377377986907959,,,0.6585690975189209,,,,,,,,,,,,,,,,,,,
3809,0.383544921875,,,,,,,,0.3756990432739258,,,0.6931850910186768,,,,,0.32697486877441406,,,,,,,,0.3293421268463135,1.3999578952789307,,0.3394038677215576,,,0.31573987007141113,,,,,,,,,,,,,,,,,,,
3810,0.6988580226898193,,,,,,,,0.33757686614990234,,,0.2873198986053467,,,,,0.2990758419036865,,,,,,,,0.34174394607543945,1.4734747409820557,,0.35727810859680176,,,0.3430647850036621,,,,,,,,,,,,,,,,,,,
3811,2.0063791275024414,,,,,,,,0.36065101623535156,,,0.7024328708648682,,,,,0.6635808944702148,,,,,,,,0.31607604026794434,1.4399230480194092,,0.32991504669189453,,,1.1041221618652344,,,,,,,,,,,,,,,,,,,
3812,0.6877727508544922,,,,,,,,0.36075377464294434,,,1.1976089477539062,,,,,0.6631851196289062,,,,,,,,0.6736938953399658,0.6252899169921875,,0.33141231536865234,,,1.1136550903320312,,,,,,,,,,,,,,,,,,,
3813,0.6807188987731934,,,,,,,,0.3663020133972168,,,0.7309360504150391,,,,,0.6629908084869385,,,,,,,,0.3630521297454834,1.4596548080444336,,0.36053991317749023,,,0.6709511280059814,,,,,,,,,,,,,,,,,,,
3814,0.6476821899414062,,,,,,,,0.3731729984283447,,,0.708590030670166,,,,,0.7254159450531006,,,,,,,,0.3510878086090088,1.4365158081054688,,0.35332798957824707,,,0.28848814964294434,,,,,,,,,,,,,,,,,,,
3815,0.6683969497680664,,,,,,,,0.3512098789215088,,,0.688277006149292,,,,,0.665302038192749,,,,,,,,0.7185239791870117,1.1454410552978516,,0.3527841567993164,,,0.31736111640930176,,,,,,,,,,,,,,,,,,,
3816,0.297163724899292,,,,,,,,0.3742361068725586,,,0.6978869438171387,,,,,0.680077075958252,,,,,,,,0.6930081844329834,1.4320361614227295,,0.35967588424682617,,,0.2947850227355957,,,,,,,,,,,,,,,,,,,
3817,0.28583502769470215,,,,,,,,0.3886740207672119,,,0.7061550617218018,,,,,0.6825370788574219,,,,,,,,0.3113389015197754,1.4492559432983398,,0.3466298580169678,,,0.3276810646057129,,,,,,,,,,,,,,,,,,,
3818,0.6488759517669678,,,,,,,,0.39197587966918945,,,0.7032828330993652,,,,,0.6633791923522949,,,,,,,,0.7580180168151855,1.4427950382232666,,0.35289597511291504,,,0.3046557903289795,,,,,,,,,,,,,,,,,,,
3819,0.6568241119384766,,,,,,,,0.4183690547943115,,,0.7105562686920166,,,,,0.3239598274230957,,,,,,,,0.6792929172515869,0.647078275680542,,0.33492302894592285,,,1.1342980861663818,,,,,,,,,,,,,,,,,,,
3820,0.534207820892334,,,,,,,,0.3830850124359131,,,0.7042291164398193,,,,,0.6505579948425293,,,,,,,,0.6841280460357666,1.1250660419464111,,0.35326123237609863,,,0.6723878383636475,,,,,,,,,,,,,,,,,,,
3821,0.7047419548034668,,,,,,,,0.39761805534362793,,,0.7314729690551758,,,,,0.3287479877471924,,,,,,,,0.31999802589416504,1.410430908203125,,0.3462209701538086,,,0.3169538974761963,,,,,,,,,,,,,,,,,,,
3822,0.6583616733551025,,,,,,,,0.3753511905670166,,,0.6977310180664062,,,,,0.29950499534606934,,,,,,,,0.31842684745788574,0.6445050239562988,,0.34181785583496094,,,0.6591830253601074,,,,,,,,,,,,,,,,,,,
3823,0.6978287696838379,,,,,,,,0.3985559940338135,,,0.3276040554046631,,,,,0.3174300193786621,,,,,,,,0.6915640830993652,0.8118009567260742,,0.3809840679168701,,,0.31443095207214355,,,,,,,,,,,,,,,,,,,
3824,0.3618612289428711,,,,,,,,0.4280860424041748,,,0.6901922225952148,,,,,0.3506488800048828,,,,,,,,1.4123427867889404,1.4922959804534912,,0.33315277099609375,,,0.29312801361083984,,,,,,,,,,,,,,,,,,,
3825,1.5512759685516357,,,,,,,,0.3879828453063965,,,0.7114758491516113,,,,,0.3270249366760254,,,,,,,,0.35953807830810547,1.4656481742858887,,0.33501315116882324,,,0.3176088333129883,,,,,,,,,,,,,,,,,,,
3826,0.5684900283813477,,,,,,,,0.377169132232666,,,0.6832759380340576,,,,,0.9547891616821289,,,,,,,,0.7172460556030273,1.4368529319763184,,0.3312947750091553,,,0.2929999828338623,,,,,,,,,,,,,,,,,,,
3827,0.2950100898742676,,,,,,,,0.3575558662414551,,,0.7492101192474365,,,,,0.3336808681488037,,,,,,,,0.6896157264709473,1.3998420238494873,,0.33177614212036133,,,0.3124868869781494,,,,,,,,,,,,,,,,,,,
3828,0.6858837604522705,,,,,,,,0.35462403297424316,,,0.7198128700256348,,,,,0.6802690029144287,,,,,,,,0.5351259708404541,1.440425157546997,,0.38031601905822754,,,0.320483922958374,,,,,,,,,,,,,,,,,,,
3829,0.6789429187774658,,,,,,,,0.39801597595214844,,,0.2981419563293457,,,,,0.6694979667663574,,,,,,,,0.7145838737487793,1.4557371139526367,,0.33552002906799316,,,0.28836703300476074,,,,,,,,,,,,,,,,,,,
3830,0.6770920753479004,,,,,,,,0.3462107181549072,,,0.7226307392120361,,,,,0.7206079959869385,,,,,,,,0.6635682582855225,1.1418888568878174,,0.3544447422027588,,,0.31157398223876953,,,,,,,,,,,,,,,,,,,
3831,0.6480441093444824,,,,,,,,0.35918307304382324,,,0.7087852954864502,,,,,0.6811649799346924,,,,,,,,0.344376802444458,1.3884952068328857,,0.3516829013824463,,,0.30876827239990234,,,,,,,,,,,,,,,,,,,
3832,0.300504207611084,,,,,,,,0.35457491874694824,,,0.5525989532470703,,,,,0.29781413078308105,,,,,,,,0.3155951499938965,0.2975029945373535,,0.3357539176940918,,,0.29340195655822754,,,,,,,,,,,,,,,,,,,
3833,0.641746997833252,,,,,,,,0.37374091148376465,,,0.3203160762786865,,,,,0.729708194732666,,,,,,,,0.7879338264465332,1.3786160945892334,,0.35082197189331055,,,0.33588671684265137,,,,,,,,,,,,,,,,,,,
3834,0.6717860698699951,,,,,,,,0.37236618995666504,,,0.6994140148162842,,,,,0.6676108837127686,,,,,,,,0.7515277862548828,0.647770881652832,,0.33402490615844727,,,0.2962038516998291,,,,,,,,,,,,,,,,,,,
3835,1.0219130516052246,,,,,,,,0.3722412586212158,,,0.32858800888061523,,,,,0.3275289535522461,,,,,,,,0.6544578075408936,1.4290578365325928,,0.3434469699859619,,,1.1369109153747559,,,,,,,,,,,,,,,,,,,
3836,0.6596839427947998,,,,,,,,0.3507099151611328,,,0.3116488456726074,,,,,0.6934189796447754,,,,,,,,0.329876184463501,1.3909001350402832,,0.34133410453796387,,,0.2971320152282715,,,,,,,,,,,,,,,,,,,
3837,0.7751908302307129,,,,,,,,0.3475179672241211,,,0.3181929588317871,,,,,0.6690428256988525,,,,,,,,0.35255002975463867,1.1311841011047363,,0.357011079788208,,,0.2999839782714844,,,,,,,,,,,,,,,,,,,
3838,0.6989548206329346,,,,,,,,0.3732600212097168,,,0.7113871574401855,,,,,0.6967599391937256,,,,,,,,0.3517110347747803,1.4113008975982666,,0.3587336540222168,,,0.29099607467651367,,,,,,,,,,,,,,,,,,,
3839,0.6801550388336182,,,,,,,,0.37346982955932617,,,0.30623292922973633,,,,,0.3063349723815918,,,,,,,,0.6355578899383545,1.4378602504730225,,0.33513617515563965,,,0.3132178783416748,,,,,,,,,,,,,,,,,,,
3840,0.6968560218811035,,,,,,,,0.3420851230621338,,,0.33542418479919434,,,,,0.29715704917907715,,,,,,,,0.4883420467376709,1.4330370426177979,,0.33473801612854004,,,0.2972841262817383,,,,,,,,,,,,,,,,,,,
3841,0.6730771064758301,,,,,,,,0.3611140251159668,,,0.31255078315734863,,,,,0.7360668182373047,,,,,,,,0.3424670696258545,1.4321749210357666,,0.332427978515625,,,0.33208298683166504,,,,,,,,,,,,,,,,,,,
3842,0.6624288558959961,,,,,,,,0.355180025100708,,,0.3419198989868164,,,,,0.6470756530761719,,,,,,,,0.6541361808776855,0.6183490753173828,,0.3457629680633545,,,0.3038961887359619,,,,,,,,,,,,,,,,,,,
3843,0.4725511074066162,,,,,,,,0.34128499031066895,,,0.320850133895874,,,,,0.6763930320739746,,,,,,,,0.3156616687774658,0.6450181007385254,,0.3647282123565674,,,0.6913902759552002,,,,,,,,,,,,,,,,,,,
3844,0.6590189933776855,,,,,,,,0.36095213890075684,,,0.6834619045257568,,,,,0.32498884201049805,,,,,,,,1.3345952033996582,0.6723098754882812,,0.3539149761199951,,,0.3118457794189453,,,,,,,,,,,,,,,,,,,
3845,0.4324460029602051,,,,,,,,0.341005802154541,,,0.3064241409301758,,,,,0.690927267074585,,,,,,,,0.7568099498748779,0.6442339420318604,,0.353320837020874,,,0.30768609046936035,,,,,,,,,,,,,,,,,,,
3846,0.676652193069458,,,,,,,,0.3615591526031494,,,0.3200809955596924,,,,,0.6724450588226318,,,,,,,,0.6574220657348633,0.6241416931152344,,0.3336007595062256,,,0.2920408248901367,,,,,,,,,,,,,,,,,,,
3847,0.38173627853393555,,,,,,,,0.358767032623291,,,0.35040712356567383,,,,,0.3736739158630371,,,,,,,,0.3483459949493408,1.4569110870361328,,0.3353919982910156,,,0.3197760581970215,,,,,,,,,,,,,,,,,,,
3848,0.6828501224517822,,,,,,,,0.34125494956970215,,,0.35929107666015625,,,,,0.2958378791809082,,,,,,,,0.3440582752227783,1.4184930324554443,,0.3588449954986572,,,0.28879308700561523,,,,,,,,,,,,,,,,,,,
3849,0.36293482780456543,,,,,,,,0.3656792640686035,,,0.7002010345458984,,,,,0.685042142868042,,,,,,,,0.6552929878234863,1.4319422245025635,,0.3471951484680176,,,0.31646013259887695,,,,,,,,,,,,,,,,,,,
3850,0.7040011882781982,,,,,,,,0.3581371307373047,,,0.7017519474029541,,,,,0.704667329788208,,,,,,,,0.3193998336791992,0.6456849575042725,,0.3478870391845703,,,0.31360816955566406,,,,,,,,,,,,,,,,,,,
3851,0.6842379570007324,,,,,,,,0.34148216247558594,,,0.7525639533996582,,,,,0.42879605293273926,,,,,,,,0.7761759757995605,1.119786024093628,,0.34284090995788574,,,0.2984650135040283,,,,,,,,,,,,,,,,,,,
3852,0.6602692604064941,,,,,,,,0.3352222442626953,,,0.6940679550170898,,,,,0.6580591201782227,,,,,,,,1.099081039428711,1.4350550174713135,,0.35454392433166504,,,0.3034811019897461,,,,,,,,,,,,,,,,,,,
3853,0.6808950901031494,,,,,,,,0.34311389923095703,,,0.7337961196899414,,,,,0.6879377365112305,,,,,,,,0.729219913482666,0.6219720840454102,,0.36064672470092773,,,0.3129100799560547,,,,,,,,,,,,,,,,,,,
3854,0.6989712715148926,,,,,,,,0.3847801685333252,,,0.4372520446777344,,,,,0.33595800399780273,,,,,,,,0.6730349063873291,0.6578061580657959,,0.3346281051635742,,,0.2921590805053711,,,,,,,,,,,,,,,,,,,
3855,0.6438629627227783,,,,,,,,0.3564720153808594,,,0.6635911464691162,,,,,0.665593147277832,,,,,,,,0.31580209732055664,0.8196568489074707,,0.3288698196411133,,,0.3363361358642578,,,,,,,,,,,,,,,,,,,
3856,0.6686477661132812,,,,,,,,0.34368419647216797,,,0.3103010654449463,,,,,0.6396322250366211,,,,,,,,0.6857450008392334,1.3854451179504395,,0.3304266929626465,,,0.2803981304168701,,,,,,,,,,,,,,,,,,,
3857,0.3160581588745117,,,,,,,,0.34405517578125,,,0.3576538562774658,,,,,0.3168330192565918,,,,,,,,0.3360631465911865,1.163743019104004,,0.3573579788208008,,,0.7163088321685791,,,,,,,,,,,,,,,,,,,
3858,0.6795308589935303,,,,,,,,0.3536980152130127,,,0.33565711975097656,,,,,0.6813499927520752,,,,,,,,0.3446979522705078,1.071890115737915,,0.3634979724884033,,,0.2859010696411133,,,,,,,,,,,,,,,,,,,
3859,0.6474888324737549,,,,,,,,0.35963892936706543,,,0.7093708515167236,,,,,0.686856746673584,,,,,,,,0.6870448589324951,1.4205710887908936,,0.353546142578125,,,1.1494557857513428,,,,,,,,,,,,,,,,,,,
3860,0.6519172191619873,,,,,,,,0.34632396697998047,,,0.7371988296508789,,,,,0.6874401569366455,,,,,,,,0.3579080104827881,2.741140842437744,,0.3524289131164551,,,0.29163599014282227,,,,,,,,,,,,,,,,,,,
3861,0.27809596061706543,,,,,,,,0.3435502052307129,,,0.7598400115966797,,,,,0.6557009220123291,,,,,,,,0.6565549373626709,1.470353126525879,,0.33284711837768555,,,0.3155629634857178,,,,,,,,,,,,,,,,,,,
3862,0.6459882259368896,,,,,,,,0.3589811325073242,,,0.31046509742736816,,,,,0.6231591701507568,,,,,,,,0.6765451431274414,1.4339399337768555,,0.32428503036499023,,,0.29533910751342773,,,,,,,,,,,,,,,,,,,
3863,0.676055908203125,,,,,,,,0.3529832363128662,,,0.30586814880371094,,,,,0.654958963394165,,,,,,,,0.7461099624633789,1.4305551052093506,,0.36945629119873047,,,0.2893941402435303,,,,,,,,,,,,,,,,,,,
3864,0.6804189682006836,,,,,,,,0.3728320598602295,,,0.7076830863952637,,,,,0.682542085647583,,,,,,,,0.36072397232055664,0.6613919734954834,,0.34996604919433594,,,0.3338611125946045,,,,,,,,,,,,,,,,,,,
3865,0.6809952259063721,,,,,,,,0.33744096755981445,,,0.3581249713897705,,,,,0.6461193561553955,,,,,,,,0.697390079498291,1.3921678066253662,,0.34935688972473145,,,0.29861998558044434,,,,,,,,,,,,,,,,,,,
3866,0.28865885734558105,,,,,,,,0.33475732803344727,,,0.3154470920562744,,,,,0.6546690464019775,,,,,,,,0.37105703353881836,1.456578016281128,,0.34083104133605957,,,0.3140408992767334,,,,,,,,,,,,,,,,,,,
3867,0.6730480194091797,,,,,,,,0.35938596725463867,,,0.339493989944458,,,,,0.6671452522277832,,,,,,,,0.32750821113586426,1.4687299728393555,,0.35549092292785645,,,0.2924678325653076,,,,,,,,,,,,,,,,,,,
3868,0.6587939262390137,,,,,,,,0.3456230163574219,,,0.31084299087524414,,,,,0.7333760261535645,,,,,,,,0.31240415573120117,1.4313342571258545,,0.3636469841003418,,,0.31587719917297363,,,,,,,,,,,,,,,,,,,
3869,0.2883729934692383,,,,,,,,0.3669157028198242,,,0.6814041137695312,,,,,0.6553390026092529,,,,,,,,0.7715599536895752,0.6489059925079346,,0.3482232093811035,,,0.6922938823699951,,,,,,,,,,,,,,,,,,,
3870,0.6683540344238281,,,,,,,,0.3550987243652344,,,0.3354527950286865,,,,,0.6903948783874512,,,,,,,,0.7607638835906982,0.6298670768737793,,0.33498120307922363,,,0.3008592128753662,,,,,,,,,,,,,,,,,,,
3871,0.6760070323944092,,,,,,,,0.36133384704589844,,,0.3197619915008545,,,,,0.7242927551269531,,,,,,,,0.3617668151855469,1.457754135131836,,0.3516731262207031,,,0.2928183078765869,,,,,,,,,,,,,,,,,,,
3872,0.6608459949493408,,,,,,,,0.3666391372680664,,,0.3576977252960205,,,,,0.32153916358947754,,,,,,,,0.7033390998840332,0.6444900035858154,,0.3431692123413086,,,1.1692631244659424,,,,,,,,,,,,,,,,,,,
3873,0.6356320381164551,,,,,,,,0.3391749858856201,,,0.3347952365875244,,,,,0.6885550022125244,,,,,,,,0.31382298469543457,1.1256871223449707,,0.3677387237548828,,,0.2716059684753418,,,,,,,,,,,,,,,,,,,
3874,0.6962118148803711,,,,,,,,0.3730812072753906,,,0.3300650119781494,,,,,1.00022292137146,,,,,,,,0.33979105949401855,1.1043941974639893,,0.3543539047241211,,,0.3162369728088379,,,,,,,,,,,,,,,,,,,
3875,0.6472289562225342,,,,,,,,0.35484886169433594,,,0.31621289253234863,,,,,0.7070729732513428,,,,,,,,0.7579612731933594,0.6564958095550537,,0.34363532066345215,,,0.2948789596557617,,,,,,,,,,,,,,,,,,,
3876,0.6764969825744629,,,,,,,,0.34612393379211426,,,0.35227203369140625,,,,,0.6842861175537109,,,,,,,,0.6550390720367432,0.622467041015625,,0.35518503189086914,,,0.6526188850402832,,,,,,,,,,,,,,,,,,,
3877,0.6453001499176025,,,,,,,,0.36617088317871094,,,0.32176804542541504,,,,,1.1534919738769531,,,,,,,,0.32753896713256836,0.6444969177246094,,0.3354160785675049,,,0.316143274307251,,,,,,,,,,,,,,,,,,,
3878,1.134854793548584,,,,,,,,0.3413560390472412,,,0.33640503883361816,,,,,0.6754729747772217,,,,,,,,0.7249500751495361,0.6713471412658691,,0.38220906257629395,,,0.2962660789489746,,,,,,,,,,,,,,,,,,,
3879,1.1264228820800781,,,,,,,,0.3645288944244385,,,0.33114194869995117,,,,,0.6498599052429199,,,,,,,,0.681556224822998,1.4794371128082275,,0.33974599838256836,,,0.28787994384765625,,,,,,,,,,,,,,,,,,,
3880,0.6744508743286133,,,,,,,,0.35843896865844727,,,0.338134765625,,,,,0.6433329582214355,,,,,,,,0.6763720512390137,0.6561319828033447,,0.36183786392211914,,,0.29281091690063477,,,,,,,,,,,,,,,,,,,
3881,0.6594099998474121,,,,,,,,0.33977699279785156,,,0.3432331085205078,,,,,0.6519107818603516,,,,,,,,0.33832383155822754,2.663742780685425,,0.3573732376098633,,,0.3161008358001709,,,,,,,,,,,,,,,,,,,
3882,0.6785509586334229,,,,,,,,0.36207103729248047,,,0.318361759185791,,,,,0.6675572395324707,,,,,,,,0.36657261848449707,1.4811220169067383,,0.34467577934265137,,,0.31465697288513184,,,,,,,,,,,,,,,,,,,
3883,0.7513918876647949,,,,,,,,0.36312294006347656,,,0.32274484634399414,,,,,0.6971662044525146,,,,,,,,0.7458269596099854,4.005168199539185,,0.36296892166137695,,,0.3254358768463135,,,,,,,,,,,,,,,,,,,
3884,0.8892419338226318,,,,,,,,0.3774380683898926,,,0.73573899269104,,,,,0.3252418041229248,,,,,,,,0.7419788837432861,14.896499872207642,,0.3353421688079834,,,0.2770812511444092,,,,,,,,,,,,,,,,,,,
3885,0.6477739810943604,,,,,,,,0.34431982040405273,,,0.3488471508026123,,,,,0.6607871055603027,,,,,,,,0.6579382419586182,1.125805139541626,,0.3354520797729492,,,1.1533808708190918,,,,,,,,,,,,,,,,,,,
3886,0.6607580184936523,,,,,,,,0.3565340042114258,,,0.3519890308380127,,,,,0.6669509410858154,,,,,,,,0.32084107398986816,1.4303381443023682,,0.3405880928039551,,,0.6930150985717773,,,,,,,,,,,,,,,,,,,
3887,0.6640939712524414,,,,,,,,0.35602712631225586,,,0.3061869144439697,,,,,0.6723158359527588,,,,,,,,0.6752090454101562,1.835623025894165,,0.3519411087036133,,,0.2982800006866455,,,,,,,,,,,,,,,,,,,
3888,0.6625862121582031,,,,,,,,0.33896708488464355,,,0.32985901832580566,,,,,0.6798250675201416,,,,,,,,0.3175008296966553,0.7014119625091553,,0.36922597885131836,,,0.31207990646362305,,,,,,,,,,,,,,,,,,,
3889,0.6993939876556396,,,,,,,,0.3738820552825928,,,0.31853389739990234,,,,,0.6662311553955078,,,,,,,,0.3558211326599121,5.483561038970947,,0.3536670207977295,,,0.28668689727783203,,,,,,,,,,,,,,,,,,,
3890,0.287463903427124,,,,,,,,0.3669309616088867,,,0.31307005882263184,,,,,0.6579341888427734,,,,,,,,0.34120798110961914,1.0771980285644531,,0.35105299949645996,,,0.29788804054260254,,,,,,,,,,,,,,,,,,,
3891,0.6447627544403076,,,,,,,,0.36350488662719727,,,0.34745097160339355,,,,,0.685399055480957,,,,,,,,0.3360929489135742,1.460886001586914,,0.33479785919189453,,,0.3389739990234375,,,,,,,,,,,,,,,,,,,
3892,1.1502790451049805,,,,,,,,0.35124921798706055,,,0.3543050289154053,,,,,1.1708579063415527,,,,,,,,0.5949709415435791,13.049444913864136,,0.33631205558776855,,,0.2716190814971924,,,,,,,,,,,,,,,,,,,
3893,0.6687490940093994,,,,,,,,0.3508799076080322,,,0.31312012672424316,,,,,0.6840229034423828,,,,,,,,0.6677000522613525,1.8700120449066162,,0.38562917709350586,,,0.3330099582672119,,,,,,,,,,,,,,,,,,,
3894,0.6819009780883789,,,,,,,,0.388916015625,,,0.3076920509338379,,,,,0.2974369525909424,,,,,,,,0.6730730533599854,1.4567956924438477,,0.35684776306152344,,,0.29789066314697266,,,,,,,,,,,,,,,,,,,
3895,0.7045478820800781,,,,,,,,0.35816073417663574,,,0.31589627265930176,,,,,0.6843938827514648,,,,,,,,0.37968897819519043,3.602221965789795,,0.3647158145904541,,,0.30823493003845215,,,,,,,,,,,,,,,,,,,
3896,0.6883120536804199,,,,,,,,0.35488009452819824,,,0.3330190181732178,,,,,0.6717069149017334,,,,,,,,0.6894299983978271,1.4283931255340576,,0.3546431064605713,,,0.3421211242675781,,,,,,,,,,,,,,,,,,,
3897,0.952765941619873,,,,,,,,0.36180901527404785,,,0.32972025871276855,,,,,0.6967599391937256,,,,,,,,0.33885908126831055,1.0559000968933105,,0.3540339469909668,,,0.29265904426574707,,,,,,,,,,,,,,,,,,,
3898,0.3063929080963135,,,,,,,,0.3570549488067627,,,0.3548562526702881,,,,,0.3139669895172119,,,,,,,,0.7286210060119629,12.744065046310425,,0.3879430294036865,,,0.3094961643218994,,,,,,,,,,,,,,,,,,,
3899,0.6192660331726074,,,,,,,,0.39369988441467285,,,0.3346529006958008,,,,,0.6532628536224365,,,,,,,,0.6700799465179443,1.4352388381958008,,0.34179019927978516,,,0.30510616302490234,,,,,,,,,,,,,,,,,,,
3900,0.6700701713562012,,,,,,,,0.37276482582092285,,,0.33648204803466797,,,,,0.6653690338134766,,,,,,,,0.3622629642486572,1.4745290279388428,,0.3607611656188965,,,0.2996532917022705,,,,,,,,,,,,,,,,,,,
3901,0.6733698844909668,,,,,,,,0.3590068817138672,,,0.34783267974853516,,,,,0.6700177192687988,,,,,,,,1.589832067489624,1.4103872776031494,,0.34204602241516113,,,0.32256627082824707,,,,,,,,,,,,,,,,,,,
3902,0.6542699337005615,,,,,,,,0.3557469844818115,,,0.3281130790710449,,,,,0.702308177947998,,,,,,,,0.3144199848175049,1.4091811180114746,,0.3375229835510254,,,0.31182098388671875,,,,,,,,,,,,,,,,,,,
3903,0.6831231117248535,,,,,,,,0.3513460159301758,,,0.34231114387512207,,,,,0.7072849273681641,,,,,,,,0.7400989532470703,3.519249200820923,,0.384411096572876,,,0.2982950210571289,,,,,,,,,,,,,,,,,,,
3904,0.6507761478424072,,,,,,,,0.39208388328552246,,,0.30481505393981934,,,,,0.679487943649292,,,,,,,,0.33562588691711426,3.5441548824310303,,0.3608589172363281,,,0.28928709030151367,,,,,,,,,,,,,,,,,,,
3905,0.6787981986999512,,,,,,,,0.36585187911987305,,,0.35448312759399414,,,,,0.6600489616394043,,,,,,,,0.6872551441192627,9.20228099822998,,0.33849096298217773,,,0.31310296058654785,,,,,,,,,,,,,,,,,,,
3906,0.61643385887146,,,,,,,,0.3488340377807617,,,0.35373806953430176,,,,,0.6573240756988525,,,,,,,,1.1976850032806396,0.6194522380828857,,0.3361470699310303,,,0.31432509422302246,,,,,,,,,,,,,,,,,,,
3907,0.6658101081848145,,,,,,,,0.37510013580322266,,,0.35683703422546387,,,,,1.2217762470245361,,,,,,,,0.3384439945220947,2.0442709922790527,,0.33473682403564453,,,0.312924861907959,,,,,,,,,,,,,,,,,,,
3908,0.9793200492858887,,,,,,,,0.37191104888916016,,,0.3356919288635254,,,,,0.6716248989105225,,,,,,,,1.6555061340332031,0.6519269943237305,,0.3814868927001953,,,0.3042781352996826,,,,,,,,,,,,,,,,,,,
3909,0.30283117294311523,,,,,,,,0.38619399070739746,,,0.7508640289306641,,,,,0.6294569969177246,,,,,,,,0.3584887981414795,1.4804511070251465,,0.33754706382751465,,,0.30791234970092773,,,,,,,,,,,,,,,,,,,
3910,0.6809780597686768,,,,,,,,0.34635400772094727,,,0.697019100189209,,,,,0.30640578269958496,,,,,,,,0.6887240409851074,0.6769070625305176,,0.35140204429626465,,,0.29520702362060547,,,,,,,,,,,,,,,,,,,
3911,0.6565208435058594,,,,,,,,0.3500828742980957,,,0.2965087890625,,,,,1.5257399082183838,,,,,,,,0.6821351051330566,1.4442176818847656,,0.34131407737731934,,,0.28913283348083496,,,,,,,,,,,,,,,,,,,
3912,0.673353910446167,,,,,,,,0.3665201663970947,,,0.3176538944244385,,,,,0.7055826187133789,,,,,,,,0.3537259101867676,1.0625391006469727,,0.3554859161376953,,,0.321016788482666,,,,,,,,,,,,,,,,,,,
3913,3.2084710597991943,,,,,,,,0.3681371212005615,,,0.3066868782043457,,,,,0.6886777877807617,,,,,,,,0.6834070682525635,1.8638479709625244,,0.372406005859375,,,0.3120739459991455,,,,,,,,,,,,,,,,,,,
3914,0.6991500854492188,,,,,,,,0.39809083938598633,,,0.3511619567871094,,,,,0.31052517890930176,,,,,,,,0.3407468795776367,1.4088058471679688,,0.3310890197753906,,,0.30062413215637207,,,,,,,,,,,,,,,,,,,
3915,0.8099699020385742,,,,,,,,0.3624110221862793,,,0.3572349548339844,,,,,0.29944515228271484,,,,,,,,0.745790958404541,1.1364190578460693,,0.3457338809967041,,,0.3110179901123047,,,,,,,,,,,,,,,,,,,
3916,0.6456618309020996,,,,,,,,0.35301804542541504,,,0.35852599143981934,,,,,0.652838945388794,,,,,,,,2.0362069606781006,7.438475608825684,,0.3406074047088623,,,0.29571986198425293,,,,,,,,,,,,,,,,,,,
3917,0.6585359573364258,,,,,,,,0.3731839656829834,,,0.32950592041015625,,,,,0.6857070922851562,,,,,,,,1.645305871963501,1.431049108505249,,0.32849884033203125,,,0.3157539367675781,,,,,,,,,,,,,,,,,,,
3918,0.6679480075836182,,,,,,,,0.3449568748474121,,,0.6961541175842285,,,,,0.6845409870147705,,,,,,,,0.6557786464691162,0.6229441165924072,,0.3547511100769043,,,0.29564380645751953,,,,,,,,,,,,,,,,,,,
3919,0.6547760963439941,,,,,,,,0.37371015548706055,,,0.7078969478607178,,,,,0.7068939208984375,,,,,,,,2.112504243850708,5.929383993148804,,0.33417510986328125,,,0.31291890144348145,,,,,,,,,,,,,,,,,,,
3920,0.6711747646331787,,,,,,,,0.349531888961792,,,0.7041993141174316,,,,,0.6853632926940918,,,,,,,,2.6063361167907715,1.0721819400787354,,0.35358190536499023,,,0.3130190372467041,,,,,,,,,,,,,,,,,,,
3921,0.6687228679656982,,,,,,,,0.3741471767425537,,,0.6936891078948975,,,,,1.1363410949707031,,,,,,,,0.7066571712493896,0.6809298992156982,,0.32753777503967285,,,1.1586229801177979,,,,,,,,,,,,,,,,,,,
3922,0.3927879333496094,,,,,,,,0.3645918369293213,,,0.3150482177734375,,,,,0.6582381725311279,,,,,,,,1.1856939792633057,0.6522061824798584,,0.3551452159881592,,,0.29352903366088867,,,,,,,,,,,,,,,,,,,
3923,0.6656379699707031,,,,,,,,0.37405896186828613,,,0.32892704010009766,,,,,0.6498851776123047,,,,,,,,1.637895107269287,1.0984702110290527,,0.3585526943206787,,,0.31214118003845215,,,,,,,,,,,,,,,,,,,
3924,0.6927790641784668,,,,,,,,0.39757704734802246,,,0.35622310638427734,,,,,0.6611058712005615,,,,,,,,1.247128963470459,0.6451892852783203,,0.3614811897277832,,,0.31186890602111816,,,,,,,,,,,,,,,,,,,
3925,0.6495099067687988,,,,,,,,0.3467409610748291,,,0.3359842300415039,,,,,0.6787569522857666,,,,,,,,1.248859167098999,1.5825121402740479,,0.3393290042877197,,,1.1337471008300781,,,,,,,,,,,,,,,,,,,
3926,0.6792409420013428,,,,,,,,0.3582730293273926,,,0.3468501567840576,,,,,0.6844911575317383,,,,,,,,0.7055699825286865,1.1465139389038086,,0.34289097785949707,,,0.6732919216156006,,,,,,,,,,,,,,,,,,,
3927,0.7655198574066162,,,,,,,,0.36145710945129395,,,0.2940342426300049,,,,,0.6857318878173828,,,,,,,,0.7024691104888916,1.4874370098114014,,0.35906100273132324,,,0.2914590835571289,,,,,,,,,,,,,,,,,,,
3928,0.6602060794830322,,,,,,,,0.3660440444946289,,,0.7055559158325195,,,,,0.6794109344482422,,,,,,,,0.7065708637237549,1.469296932220459,,0.3860347270965576,,,0.3159658908843994,,,,,,,,,,,,,,,,,,,
3929,0.6792659759521484,,,,,,,,0.3752110004425049,,,0.6704819202423096,,,,,0.6872448921203613,,,,,,,,0.7222459316253662,1.9605991840362549,,0.33420610427856445,,,0.28864121437072754,,,,,,,,,,,,,,,,,,,
3930,0.7407708168029785,,,,,,,,0.3725318908691406,,,0.3314247131347656,,,,,0.6649539470672607,,,,,,,,0.6981680393218994,0.6412169933319092,,0.3439948558807373,,,0.31520819664001465,,,,,,,,,,,,,,,,,,,
3931,0.6895930767059326,,,,,,,,0.3655259609222412,,,0.35329413414001465,,,,,1.1787338256835938,,,,,,,,0.6860179901123047,2.306810140609741,,0.3391580581665039,,,0.29657602310180664,,,,,,,,,,,,,,,,,,,
3932,0.6715681552886963,,,,,,,,0.3490598201751709,,,0.3116779327392578,,,,,0.6897110939025879,,,,,,,,0.7451238632202148,1.4443621635437012,,0.3575589656829834,,,0.3130979537963867,,,,,,,,,,,,,,,,,,,
3933,0.6795377731323242,,,,,,,,0.37256574630737305,,,0.3173677921295166,,,,,0.696012020111084,,,,,,,,1.6931557655334473,0.8972671031951904,,0.3875119686126709,,,0.29567718505859375,,,,,,,,,,,,,,,,,,,
3934,0.7050960063934326,,,,,,,,0.38034510612487793,,,0.3171241283416748,,,,,0.6662912368774414,,,,,,,,1.2054939270019531,0.6448383331298828,,0.33712100982666016,,,0.31599903106689453,,,,,,,,,,,,,,,,,,,
3935,0.6852269172668457,,,,,,,,0.3624088764190674,,,0.3053901195526123,,,,,0.6678547859191895,,,,,,,,2.110581874847412,0.648900032043457,,0.3604891300201416,,,0.34167027473449707,,,,,,,,,,,,,,,,,,,
3936,0.6539311408996582,,,,,,,,0.3647191524505615,,,0.3152759075164795,,,,,0.6963310241699219,,,,,,,,0.7360761165618896,0.6638200283050537,,0.3315761089324951,,,0.26783299446105957,,,,,,,,,,,,,,,,,,,
3937,0.3274850845336914,,,,,,,,0.3519291877746582,,,0.2915329933166504,,,,,0.7126810550689697,,,,,,,,0.7096741199493408,0.637009859085083,,0.33617520332336426,,,0.3199148178100586,,,,,,,,,,,,,,,,,,,
3938,0.6335580348968506,,,,,,,,0.3744821548461914,,,0.350966215133667,,,,,0.6867568492889404,,,,,,,,0.7143042087554932,1.1331791877746582,,0.38332176208496094,,,0.6814498901367188,,,,,,,,,,,,,,,,,,,
3939,0.697929859161377,,,,,,,,0.3999061584472656,,,0.3527512550354004,,,,,0.6506202220916748,,,,,,,,0.6796140670776367,1.4388511180877686,,0.362407922744751,,,0.31626009941101074,,,,,,,,,,,,,,,,,,,
3940,0.6483769416809082,,,,,,,,0.349703311920166,,,0.33519697189331055,,,,,0.7006759643554688,,,,,,,,0.7030308246612549,1.4583051204681396,,0.33968400955200195,,,0.3024871349334717,,,,,,,,,,,,,,,,,,,
3941,0.6702067852020264,,,,,,,,0.35391998291015625,,,0.7117350101470947,,,,,0.6569118499755859,,,,,,,,0.6730091571807861,0.6537208557128906,,0.3439319133758545,,,0.301422119140625,,,,,,,,,,,,,,,,,,,
3942,0.5362980365753174,,,,,,,,0.3691120147705078,,,0.7149629592895508,,,,,0.6921858787536621,,,,,,,,0.6987490653991699,0.6581690311431885,,0.35945677757263184,,,0.3138291835784912,,,,,,,,,,,,,,,,,,,
3943,0.3094611167907715,,,,,,,,0.3518059253692627,,,0.7263147830963135,,,,,1.5583460330963135,,,,,,,,0.7291059494018555,0.6519370079040527,,0.3638279438018799,,,0.29205822944641113,,,,,,,,,,,,,,,,,,,
3944,0.6848537921905518,,,,,,,,0.3906271457672119,,,0.7086868286132812,,,,,1.4868438243865967,,,,,,,,0.6995670795440674,1.0754718780517578,,0.3371150493621826,,,0.304271936416626,,,,,,,,,,,,,,,,,,,
3945,0.6763870716094971,,,,,,,,0.36509013175964355,,,0.7359020709991455,,,,,0.6675519943237305,,,,,,,,0.6760449409484863,0.6251227855682373,,0.353363037109375,,,0.3353688716888428,,,,,,,,,,,,,,,,,,,
3946,0.6550719738006592,,,,,,,,0.355823278427124,,,0.33501100540161133,,,,,0.7670180797576904,,,,,,,,0.6982159614562988,0.6222913265228271,,0.34711599349975586,,,0.3113410472869873,,,,,,,,,,,,,,,,,,,
3947,0.6594350337982178,,,,,,,,0.34603285789489746,,,0.7578921318054199,,,,,0.674515962600708,,,,,,,,1.1818830966949463,0.6295680999755859,,0.3651869297027588,,,0.31572604179382324,,,,,,,,,,,,,,,,,,,
3948,0.6076490879058838,,,,,,,,0.3736240863800049,,,0.6941461563110352,,,,,0.6842150688171387,,,,,,,,1.5556111335754395,0.6373529434204102,,0.36658716201782227,,,0.29885315895080566,,,,,,,,,,,,,,,,,,,
3949,0.7197897434234619,,,,,,,,0.4012019634246826,,,0.7052111625671387,,,,,0.8320491313934326,,,,,,,,0.6997518539428711,0.6504390239715576,,0.34145212173461914,,,0.3102998733520508,,,,,,,,,,,,,,,,,,,
3950,0.6593761444091797,,,,,,,,0.35613107681274414,,,0.70536208152771,,,,,0.6792290210723877,,,,,,,,1.1741151809692383,0.6556541919708252,,0.35988783836364746,,,0.2990682125091553,,,,,,,,,,,,,,,,,,,
3951,0.677617073059082,,,,,,,,0.3604862689971924,,,0.7098841667175293,,,,,0.9552590847015381,,,,,,,,2.57920503616333,1.4128797054290771,,0.33437395095825195,,,0.2901761531829834,,,,,,,,,,,,,,,,,,,
3952,0.6673431396484375,,,,,,,,0.3697352409362793,,,0.7330870628356934,,,,,0.7134501934051514,,,,,,,,1.1886539459228516,1.4301481246948242,,0.3376200199127197,,,0.3302652835845947,,,,,,,,,,,,,,,,,,,
3953,0.6588578224182129,,,,,,,,0.37230801582336426,,,0.7341077327728271,,,,,0.6832282543182373,,,,,,,,1.7044320106506348,0.6509490013122559,,0.3795461654663086,,,0.3064708709716797,,,,,,,,,,,,,,,,,,,
3954,0.6831796169281006,,,,,,,,0.3890869617462158,,,0.7363636493682861,,,,,0.6774249076843262,,,,,,,,3.8346450328826904,1.4088630676269531,,0.33849501609802246,,,0.30193305015563965,,,,,,,,,,,,,,,,,,,
3955,0.7073757648468018,,,,,,,,0.3466019630432129,,,0.716606855392456,,,,,0.7210779190063477,,,,,,,,0.7222869396209717,0.8724119663238525,,0.34825587272644043,,,0.29971909523010254,,,,,,,,,,,,,,,,,,,
3956,0.6848881244659424,,,,,,,,0.3652360439300537,,,1.1915912628173828,,,,,1.1360011100769043,,,,,,,,0.6835641860961914,1.4780640602111816,,0.35068798065185547,,,0.3156580924987793,,,,,,,,,,,,,,,,,,,
3957,0.6778361797332764,,,,,,,,0.35019397735595703,,,0.33304691314697266,,,,,0.6766700744628906,,,,,,,,0.3340280055999756,0.6293108463287354,,0.33940792083740234,,,0.31629419326782227,,,,,,,,,,,,,,,,,,,
3958,0.6489789485931396,,,,,,,,0.3731269836425781,,,0.6747047901153564,,,,,0.6968348026275635,,,,,,,,0.684149980545044,0.2916281223297119,,0.36051487922668457,,,0.29447317123413086,,,,,,,,,,,,,,,,,,,
3959,0.6467559337615967,,,,,,,,0.4001741409301758,,,0.5684409141540527,,,,,0.6679940223693848,,,,,,,,0.7176768779754639,1.4155681133270264,,0.35542988777160645,,,0.30795788764953613,,,,,,,,,,,,,,,,,,,
3960,0.6582591533660889,,,,,,,,0.365692138671875,,,0.3769490718841553,,,,,0.7131719589233398,,,,,,,,0.7099380493164062,0.2899801731109619,,0.34137511253356934,,,0.2971351146697998,,,,,,,,,,,,,,,,,,,
3961,0.679556131362915,,,,,,,,0.3716433048248291,,,0.29278087615966797,,,,,0.6752781867980957,,,,,,,,1.6943366527557373,1.4357287883758545,,0.34177589416503906,,,0.31459808349609375,,,,,,,,,,,,,,,,,,,
3962,0.6491880416870117,,,,,,,,0.34638428688049316,,,0.7096421718597412,,,,,0.6712582111358643,,,,,,,,0.679603099822998,0.28676295280456543,,0.36281394958496094,,,0.31780028343200684,,,,,,,,,,,,,,,,,,,
3963,0.5904500484466553,,,,,,,,0.36962890625,,,0.31730198860168457,,,,,0.7075297832489014,,,,,,,,0.684053897857666,1.491988182067871,,0.3845992088317871,,,0.2980520725250244,,,,,,,,,,,,,,,,,,,
3964,0.7024340629577637,,,,,,,,0.39191412925720215,,,1.199739694595337,,,,,0.6757118701934814,,,,,,,,1.1764719486236572,1.1214909553527832,,0.3648059368133545,,,0.3176438808441162,,,,,,,,,,,,,,,,,,,
3965,0.7017803192138672,,,,,,,,0.36982297897338867,,,0.37703514099121094,,,,,0.6710991859436035,,,,,,,,2.1071701049804688,0.30193281173706055,,0.3344271183013916,,,0.292417049407959,,,,,,,,,,,,,,,,,,,
3966,0.27497029304504395,,,,,,,,0.3577580451965332,,,0.6935219764709473,,,,,0.7164909839630127,,,,,,,,0.7356863021850586,1.4460480213165283,,0.35880017280578613,,,0.33853697776794434,,,,,,,,,,,,,,,,,,,
3967,0.6994297504425049,,,,,,,,0.35558485984802246,,,0.344433069229126,,,,,0.6392920017242432,,,,,,,,0.68650221824646,1.4078459739685059,,0.34339380264282227,,,0.29585719108581543,,,,,,,,,,,,,,,,,,,
3968,0.3300490379333496,,,,,,,,0.37187671661376953,,,0.7067720890045166,,,,,0.696479082107544,,,,,,,,0.7305662631988525,0.6441202163696289,,0.3664226531982422,,,0.3111598491668701,,,,,,,,,,,,,,,,,,,
3969,0.6791410446166992,,,,,,,,0.37212085723876953,,,0.6813240051269531,,,,,0.7058811187744141,,,,,,,,0.6726868152618408,1.439530611038208,,0.35303497314453125,,,0.29700803756713867,,,,,,,,,,,,,,,,,,,
3970,0.6890361309051514,,,,,,,,0.3711402416229248,,,0.662696361541748,,,,,1.194007158279419,,,,,,,,0.6834940910339355,1.4211249351501465,,0.3520541191101074,,,0.30035901069641113,,,,,,,,,,,,,,,,,,,
3971,0.655430793762207,,,,,,,,0.3636360168457031,,,0.7261598110198975,,,,,0.6712579727172852,,,,,,,,0.6760509014129639,1.411783218383789,,0.36316895484924316,,,0.3180537223815918,,,,,,,,,,,,,,,,,,,
3972,0.3644087314605713,,,,,,,,0.3531148433685303,,,0.3248558044433594,,,,,0.7051331996917725,,,,,,,,0.7234742641448975,2.1957952976226807,,0.33994483947753906,,,0.294003963470459,,,,,,,,,,,,,,,,,,,
3973,0.29380035400390625,,,,,,,,0.3736569881439209,,,0.6812877655029297,,,,,0.68084716796875,,,,,,,,0.677192211151123,0.6182372570037842,,0.36062097549438477,,,0.33845996856689453,,,,,,,,,,,,,,,,,,,
3974,0.29795098304748535,,,,,,,,0.3976898193359375,,,0.6837542057037354,,,,,0.6845240592956543,,,,,,,,0.7097399234771729,0.2706186771392822,,0.34618687629699707,,,0.2757291793823242,,,,,,,,,,,,,,,,,,,
3975,0.7046339511871338,,,,,,,,0.36072874069213867,,,0.6999998092651367,,,,,0.6744649410247803,,,,,,,,1.2978708744049072,3.09643292427063,,0.348236083984375,,,0.3356208801269531,,,,,,,,,,,,,,,,,,,
3976,0.6445701122283936,,,,,,,,0.36820030212402344,,,0.7554419040679932,,,,,0.6901679039001465,,,,,,,,0.7274880409240723,0.6503171920776367,,0.3649449348449707,,,0.2996690273284912,,,,,,,,,,,,,,,,,,,
3977,1.7181100845336914,,,,,,,,0.34845423698425293,,,0.7129731178283691,,,,,0.6793510913848877,,,,,,,,0.7008099555969238,1.3920798301696777,,0.33969593048095703,,,0.31935620307922363,,,,,,,,,,,,,,,,,,,
3978,0.6751530170440674,,,,,,,,0.3753390312194824,,,0.3199748992919922,,,,,0.711461067199707,,,,,,,,0.6977498531341553,1.3822407722473145,,0.37196803092956543,,,0.7003767490386963,,,,,,,,,,,,,,,,,,,
3979,0.6440918445587158,,,,,,,,0.3803110122680664,,,0.7747488021850586,,,,,0.6798741817474365,,,,,,,,1.6814651489257812,0.6190669536590576,,0.3488807678222656,,,0.2906210422515869,,,,,,,,,,,,,,,,,,,
3980,1.242210865020752,,,,,,,,0.3624269962310791,,,0.6820387840270996,,,,,0.6745030879974365,,,,,,,,0.7095649242401123,1.4680519104003906,,0.33722901344299316,,,0.3115878105163574,,,,,,,,,,,,,,,,,,,
3981,0.37203192710876465,,,,,,,,0.3582301139831543,,,0.312039852142334,,,,,0.6986768245697021,,,,,,,,0.6787891387939453,1.438044786453247,,0.35439491271972656,,,0.2997548580169678,,,,,,,,,,,,,,,,,,,
3982,0.6597840785980225,,,,,,,,0.3630709648132324,,,0.4998610019683838,,,,,0.6614861488342285,,,,,,,,0.6543831825256348,1.4335689544677734,,0.36229991912841797,,,0.30704808235168457,,,,,,,,,,,,,,,,,,,
3983,1.1357789039611816,,,,,,,,0.3661680221557617,,,0.7248399257659912,,,,,0.7041380405426025,,,,,,,,0.6781768798828125,0.6481223106384277,,0.3623790740966797,,,0.3082609176635742,,,,,,,,,,,,,,,,,,,
3984,1.235572099685669,,,,,,,,0.37202000617980957,,,0.3188488483428955,,,,,0.3680131435394287,,,,,,,,0.700840950012207,1.1166930198669434,,0.34401679039001465,,,0.32178306579589844,,,,,,,,,,,,,,,,,,,
3985,1.5090758800506592,,,,,,,,0.36127519607543945,,,1.0826430320739746,,,,,0.6952149868011475,,,,,,,,0.7000019550323486,1.4504189491271973,,0.35509586334228516,,,0.2806069850921631,,,,,,,,,,,,,,,,,,,
3986,0.2805051803588867,,,,,,,,0.3528919219970703,,,0.7024438381195068,,,,,0.6702373027801514,,,,,,,,0.6998860836029053,0.6756241321563721,,0.36060333251953125,,,1.170583963394165,,,,,,,,,,,,,,,,,,,
3987,0.6656351089477539,,,,,,,,0.3738212585449219,,,0.6887791156768799,,,,,0.678372859954834,,,,,,,,0.7285549640655518,0.6168708801269531,,0.3360748291015625,,,1.1896867752075195,,,,,,,,,,,,,,,,,,,
3988,1.4278099536895752,,,,,,,,0.3756389617919922,,,0.33618688583374023,,,,,0.6822609901428223,,,,,,,,0.6871051788330078,3.8697509765625,,0.3724088668823242,,,0.3039529323577881,,,,,,,,,,,,,,,,,,,
3989,0.5366053581237793,,,,,,,,0.38466620445251465,,,0.2853670120239258,,,,,0.7032461166381836,,,,,,,,0.6876590251922607,1.947072982788086,,0.3445110321044922,,,0.303164005279541,,,,,,,,,,,,,,,,,,,
3990,1.216844081878662,,,,,,,,0.3528728485107422,,,1.2053611278533936,,,,,0.6756889820098877,,,,,,,,0.6921389102935791,1.1187660694122314,,0.3406541347503662,,,0.3073432445526123,,,,,,,,,,,,,,,,,,,
3991,1.4938969612121582,,,,,,,,0.34702491760253906,,,1.2029821872711182,,,,,0.6678371429443359,,,,,,,,0.7144701480865479,1.4003839492797852,,0.36099886894226074,,,0.2889678478240967,,,,,,,,,,,,,,,,,,,
3992,1.12693190574646,,,,,,,,0.3759191036224365,,,0.53000807762146,,,,,0.6997671127319336,,,,,,,,0.7152838706970215,0.6181330680847168,,0.36024904251098633,,,0.3138868808746338,,,,,,,,,,,,,,,,,,,
3993,0.6468009948730469,,,,,,,,0.3532400131225586,,,0.688878059387207,,,,,0.7068350315093994,,,,,,,,0.7316269874572754,0.6064319610595703,,0.39058995246887207,,,0.3414120674133301,,,,,,,,,,,,,,,,,,,
3994,1.2272861003875732,,,,,,,,0.3842320442199707,,,0.31594109535217285,,,,,0.6855478286743164,,,,,,,,0.7249860763549805,1.4616601467132568,,0.358867883682251,,,0.2767527103424072,,,,,,,,,,,,,,,,,,,
3995,0.7013571262359619,,,,,,,,0.371474027633667,,,0.29987120628356934,,,,,0.6598200798034668,,,,,,,,0.6668479442596436,1.94156813621521,,0.3391098976135254,,,0.32306718826293945,,,,,,,,,,,,,,,,,,,
3996,1.4422729015350342,,,,,,,,0.37491512298583984,,,0.3993968963623047,,,,,0.6860182285308838,,,,,,,,1.2300961017608643,2.2725820541381836,,0.3683011531829834,,,0.31461596488952637,,,,,,,,,,,,,,,,,,,
3997,0.7788071632385254,,,,,,,,0.35720086097717285,,,0.6566269397735596,,,,,0.6828641891479492,,,,,,,,0.309920072555542,1.439466953277588,,0.36551785469055176,,,0.3200392723083496,,,,,,,,,,,,,,,,,,,
3998,1.1030490398406982,,,,,,,,0.34772419929504395,,,0.30779480934143066,,,,,0.6715161800384521,,,,,,,,0.7010102272033691,0.6451559066772461,,0.3771481513977051,,,0.29048991203308105,,,,,,,,,,,,,,,,,,,
3999,0.4569082260131836,,,,,,,,0.37973713874816895,,,1.182602882385254,,,,,0.6521921157836914,,,,,,,,0.32653379440307617,1.4461548328399658,,0.3424229621887207,,,0.29461097717285156,,,,,,,,,,,,,,,,,,,
4000,1.12534499168396,,,,,,,,0.37394165992736816,,,1.2026829719543457,,,,,0.6751790046691895,,,,,,,,0.7090339660644531,0.6544649600982666,,0.3707888126373291,,,0.2929658889770508,,,,,,,,,,,,,,,,,,,
4001,0.6568398475646973,,,,,,,,0.35776710510253906,,,0.3027842044830322,,,,,0.6769192218780518,,,,,,,,1.2291290760040283,0.6269609928131104,,0.35975003242492676,,,0.3175699710845947,,,,,,,,,,,,,,,,,,,
4002,1.4947452545166016,,,,,,,,0.36082005500793457,,,0.7207739353179932,,,,,0.6748793125152588,,,,,,,,0.35120272636413574,2.687091827392578,,0.3440871238708496,,,0.2976219654083252,,,,,,,,,,,,,,,,,,,
4003,0.7069098949432373,,,,,,,,0.3575417995452881,,,0.35169219970703125,,,,,0.6706268787384033,,,,,,,,0.7425580024719238,0.6175858974456787,,0.38216590881347656,,,0.34046292304992676,,,,,,,,,,,,,,,,,,,
4004,0.6500091552734375,,,,,,,,0.39257383346557617,,,0.6818199157714844,,,,,0.7003257274627686,,,,,,,,0.7151060104370117,1.4315588474273682,,0.3705630302429199,,,0.3196392059326172,,,,,,,,,,,,,,,,,,,
4005,1.146662950515747,,,,,,,,0.35993289947509766,,,1.2036643028259277,,,,,0.7058010101318359,,,,,,,,0.34107398986816406,2.723691940307617,,0.3627021312713623,,,0.29091405868530273,,,,,,,,,,,,,,,,,,,
4006,1.4727511405944824,,,,,,,,0.34687280654907227,,,0.31145691871643066,,,,,0.6810379028320312,,,,,,,,2.5362942218780518,2.6759679317474365,,0.3556959629058838,,,0.2986311912536621,,,,,,,,,,,,,,,,,,,
4007,0.6704092025756836,,,,,,,,0.3564460277557373,,,0.7100238800048828,,,,,0.7086489200592041,,,,,,,,0.3320939540863037,1.92374587059021,,0.36926913261413574,,,0.30861806869506836,,,,,,,,,,,,,,,,,,,
4008,1.5104858875274658,,,,,,,,0.3691740036010742,,,0.9680502414703369,,,,,0.7037460803985596,,,,,,,,0.35162997245788574,0.6475141048431396,,0.38477420806884766,,,0.3013322353363037,,,,,,,,,,,,,,,,,,,
4009,0.6330051422119141,,,,,,,,0.3749558925628662,,,0.6757957935333252,,,,,0.6823291778564453,,,,,,,,0.3108031749725342,1.4359519481658936,,0.36397314071655273,,,0.3051950931549072,,,,,,,,,,,,,,,,,,,
4010,1.4691810607910156,,,,,,,,0.3729431629180908,,,0.3171041011810303,,,,,0.6664912700653076,,,,,,,,0.3268270492553711,1.9131550788879395,,0.3426659107208252,,,0.32637596130371094,,,,,,,,,,,,,,,,,,,
4011,1.4339649677276611,,,,,,,,0.36645078659057617,,,0.6758058071136475,,,,,0.695275068283081,,,,,,,,0.3507559299468994,1.423482894897461,,0.3481330871582031,,,0.2990531921386719,,,,,,,,,,,,,,,,,,,
4012,1.4609310626983643,,,,,,,,0.37206315994262695,,,0.3286478519439697,,,,,0.675915002822876,,,,,,,,0.2979261875152588,1.4063968658447266,,0.34680676460266113,,,0.2879362106323242,,,,,,,,,,,,,,,,,,,
4013,0.9697468280792236,,,,,,,,0.34786105155944824,,,0.3210487365722656,,,,,0.6959269046783447,,,,,,,,0.3114950656890869,0.6689348220825195,,0.39243626594543457,,,0.31748294830322266,,,,,,,,,,,,,,,,,,,
4014,0.31578493118286133,,,,,,,,0.3804347515106201,,,0.7253808975219727,,,,,0.7072980403900146,,,,,,,,0.34067296981811523,0.5984911918640137,,0.3579878807067871,,,0.29826784133911133,,,,,,,,,,,,,,,,,,,
4015,0.6680982112884521,,,,,,,,0.3682591915130615,,,1.2050201892852783,,,,,0.7041900157928467,,,,,,,,0.7414090633392334,1.0928370952606201,,0.3525660037994385,,,0.2847568988800049,,,,,,,,,,,,,,,,,,,
4016,0.6536529064178467,,,,,,,,0.35669684410095215,,,0.2911841869354248,,,,,0.6899600028991699,,,,,,,,1.2055778503417969,1.9187908172607422,,0.36233997344970703,,,0.3068838119506836,,,,,,,,,,,,,,,,,,,
4017,0.3784661293029785,,,,,,,,0.35801172256469727,,,2.5100080966949463,,,,,0.6503820419311523,,,,,,,,0.32704782485961914,1.4390251636505127,,0.33463120460510254,,,0.30789804458618164,,,,,,,,,,,,,,,,,,,
4018,0.5938849449157715,,,,,,,,0.37022900581359863,,,0.7019941806793213,,,,,0.6732068061828613,,,,,,,,0.3356490135192871,1.08211088180542,,0.3681070804595947,,,0.290179967880249,,,,,,,,,,,,,,,,,,,
4019,0.31856608390808105,,,,,,,,0.3982079029083252,,,0.29079675674438477,,,,,0.6716651916503906,,,,,,,,0.34072089195251465,0.6328330039978027,,0.3407161235809326,,,0.29607391357421875,,,,,,,,,,,,,,,,,,,
4020,1.4344100952148438,,,,,,,,0.3643069267272949,,,1.2413601875305176,,,,,0.7047100067138672,,,,,,,,0.31968212127685547,1.394484281539917,,0.36056089401245117,,,0.31121397018432617,,,,,,,,,,,,,,,,,,,
4021,0.6348888874053955,,,,,,,,0.3464193344116211,,,0.36434483528137207,,,,,2.8990721702575684,,,,,,,,0.33481621742248535,1.8924000263214111,,0.35010313987731934,,,0.2975890636444092,,,,,,,,,,,,,,,,,,,
4022,1.924818992614746,,,,,,,,0.36725521087646484,,,0.723869800567627,,,,,3.3195810317993164,,,,,,,,0.6230239868164062,1.8948910236358643,,0.3562788963317871,,,0.3038499355316162,,,,,,,,,,,,,,,,,,,
4023,1.4488089084625244,,,,,,,,0.37811994552612305,,,0.7166488170623779,,,,,0.6838068962097168,,,,,,,,0.3419358730316162,1.4090638160705566,,0.38361191749572754,,,0.3108501434326172,,,,,,,,,,,,,,,,,,,
4024,1.4513750076293945,,,,,,,,0.37667131423950195,,,0.2997152805328369,,,,,0.671867847442627,,,,,,,,0.3335862159729004,1.4000928401947021,,0.3430368900299072,,,0.3127250671386719,,,,,,,,,,,,,,,,,,,
4025,1.4625890254974365,,,,,,,,0.3625168800354004,,,0.7209060192108154,,,,,0.6749050617218018,,,,,,,,0.32886195182800293,1.4706828594207764,,0.3618171215057373,,,0.28904080390930176,,,,,,,,,,,,,,,,,,,
4026,0.7195472717285156,,,,,,,,0.3685309886932373,,,0.702124834060669,,,,,0.6825032234191895,,,,,,,,0.3360168933868408,1.0966081619262695,,0.34440112113952637,,,0.2906308174133301,,,,,,,,,,,,,,,,,,,
4027,1.1198010444641113,,,,,,,,0.3477518558502197,,,0.719362735748291,,,,,0.6956229209899902,,,,,,,,0.3186061382293701,1.3896939754486084,,0.36559581756591797,,,0.3409857749938965,,,,,,,,,,,,,,,,,,,
4028,0.6665651798248291,,,,,,,,0.34781694412231445,,,1.480375051498413,,,,,0.6600420475006104,,,,,,,,0.3330721855163574,1.4210460186004639,,0.39317989349365234,,,0.2718639373779297,,,,,,,,,,,,,,,,,,,
4029,0.6957399845123291,,,,,,,,0.3965568542480469,,,1.2604069709777832,,,,,0.6982460021972656,,,,,,,,0.31339502334594727,0.6680810451507568,,0.34749507904052734,,,0.33592700958251953,,,,,,,,,,,,,,,,,,,
4030,1.1249380111694336,,,,,,,,0.3633241653442383,,,1.249880075454712,,,,,0.6953332424163818,,,,,,,,0.34154224395751953,1.118783950805664,,0.35263895988464355,,,0.2935829162597656,,,,,,,,,,,,,,,,,,,
4031,0.7306740283966064,,,,,,,,0.35326099395751953,,,0.7037301063537598,,,,,0.7003259658813477,,,,,,,,0.4064602851867676,1.0346910953521729,,0.34389805793762207,,,0.3147587776184082,,,,,,,,,,,,,,,,,,,
4032,1.4229240417480469,,,,,,,,0.37152099609375,,,1.2657418251037598,,,,,0.7201611995697021,,,,,,,,0.3375680446624756,2.252840280532837,,0.35271501541137695,,,0.29065895080566406,,,,,,,,,,,,,,,,,,,
4033,0.6781837940216064,,,,,,,,0.3750786781311035,,,0.30837202072143555,,,,,0.662409782409668,,,,,,,,0.3516511917114258,0.6527552604675293,,0.38230085372924805,,,0.29372286796569824,,,,,,,,,,,,,,,,,,,
4034,0.6529357433319092,,,,,,,,0.3813197612762451,,,1.3231990337371826,,,,,0.6696691513061523,,,,,,,,1.2291269302368164,0.29226088523864746,,0.36984896659851074,,,0.31495213508605957,,,,,,,,,,,,,,,,,,,
4035,0.6809132099151611,,,,,,,,0.34719324111938477,,,0.31319308280944824,,,,,0.6703457832336426,,,,,,,,0.7104301452636719,1.423017978668213,,0.3478200435638428,,,0.3009920120239258,,,,,,,,,,,,,,,,,,,
4036,1.460819959640503,,,,,,,,0.3522508144378662,,,1.2428390979766846,,,,,0.6814379692077637,,,,,,,,1.2046818733215332,1.3539180755615234,,0.3531758785247803,,,0.29853081703186035,,,,,,,,,,,,,,,,,,,
4037,0.6624886989593506,,,,,,,,0.35895800590515137,,,0.7311241626739502,,,,,0.7030410766601562,,,,,,,,0.3663322925567627,1.464076042175293,,0.36963987350463867,,,0.31065893173217773,,,,,,,,,,,,,,,,,,,
4038,0.6776218414306641,,,,,,,,0.37448692321777344,,,1.130256175994873,,,,,0.697425127029419,,,,,,,,0.6800351142883301,0.8502779006958008,,0.38176774978637695,,,0.32059693336486816,,,,,,,,,,,,,,,,,,,
4039,0.6595098972320557,,,,,,,,0.39859771728515625,,,1.3063468933105469,,,,,0.6666569709777832,,,,,,,,0.6930770874023438,0.7069339752197266,,0.3409302234649658,,,0.29366421699523926,,,,,,,,,,,,,,,,,,,
4040,0.7026960849761963,,,,,,,,0.3554041385650635,,,0.2921180725097656,,,,,1.494452953338623,,,,,,,,1.1391191482543945,1.0880818367004395,,0.37309718132019043,,,0.3086709976196289,,,,,,,,,,,,,,,,,,,
4041,0.6678180694580078,,,,,,,,0.36153602600097656,,,1.2949302196502686,,,,,0.6687233448028564,,,,,,,,1.1899471282958984,0.6602687835693359,,0.36994481086730957,,,0.30347585678100586,,,,,,,,,,,,,,,,,,,
4042,0.6991238594055176,,,,,,,,0.3629720211029053,,,1.3110599517822266,,,,,0.7142989635467529,,,,,,,,1.2245779037475586,0.6274073123931885,,0.3672771453857422,,,0.29917383193969727,,,,,,,,,,,,,,,,,,,
4043,0.6391222476959229,,,,,,,,0.3504030704498291,,,1.2548248767852783,,,,,1.5372917652130127,,,,,,,,1.209779977798462,1.4694297313690186,,0.40077996253967285,,,0.31935811042785645,,,,,,,,,,,,,,,,,,,
4044,1.1047968864440918,,,,,,,,0.3755059242248535,,,0.7329061031341553,,,,,0.6800429821014404,,,,,,,,2.9793241024017334,21.26373028755188,,0.3580780029296875,,,0.30773401260375977,,,,,,,,,,,,,,,,,,,
4045,0.6686561107635498,,,,,,,,0.3750641345977783,,,0.31682729721069336,,,,,0.708385705947876,,,,,,,,0.6611130237579346,0.5156948566436768,,0.3591427803039551,,,0.31653499603271484,,,,,,,,,,,,,,,,,,,
4046,0.923084020614624,,,,,,,,0.3600282669067383,,,0.2843053340911865,,,,,0.7074971199035645,,,,,,,,3.390211820602417,1.3990099430084229,,0.34205102920532227,,,0.2897298336029053,,,,,,,,,,,,,,,,,,,
4047,1.3985710144042969,,,,,,,,0.35401201248168945,,,0.3260657787322998,,,,,0.7028360366821289,,,,,,,,1.2101421356201172,0.29660511016845703,,0.36982202529907227,,,0.33879995346069336,,,,,,,,,,,,,,,,,,,
4048,0.6757502555847168,,,,,,,,0.3691573143005371,,,2.168494939804077,,,,,1.1967287063598633,,,,,,,,0.3062598705291748,1.3857080936431885,,0.3766181468963623,,,0.29743003845214844,,,,,,,,,,,,,,,,,,,
4049,0.6310920715332031,,,,,,,,0.376788854598999,,,0.7318971157073975,,,,,0.6605749130249023,,,,,,,,1.2491650581359863,0.6512641906738281,,0.3751678466796875,,,0.31441307067871094,,,,,,,,,,,,,,,,,,,
4050,0.6785390377044678,,,,,,,,0.34721994400024414,,,1.8549168109893799,,,,,0.7136342525482178,,,,,,,,1.224273920059204,1.1091279983520508,,0.3625171184539795,,,0.31850600242614746,,,,,,,,,,,,,,,,,,,
4051,0.6747236251831055,,,,,,,,0.3700520992279053,,,0.698199987411499,,,,,0.6737439632415771,,,,,,,,1.2106959819793701,1.1185390949249268,,0.3480989933013916,,,0.2980659008026123,,,,,,,,,,,,,,,,,,,
4052,1.416383981704712,,,,,,,,0.3510000705718994,,,1.382220983505249,,,,,0.6714410781860352,,,,,,,,0.6921319961547852,0.6472277641296387,,0.3598661422729492,,,0.313443660736084,,,,,,,,,,,,,,,,,,,
4053,1.4307630062103271,,,,,,,,0.3762502670288086,,,1.74623703956604,,,,,0.6921021938323975,,,,,,,,0.6794757843017578,6.222834825515747,,0.37376999855041504,,,0.29266881942749023,,,,,,,,,,,,,,,,,,,
4054,1.4287066459655762,,,,,,,,0.3863379955291748,,,1.6880462169647217,,,,,0.6833269596099854,,,,,,,,2.5344769954681396,0.6265008449554443,,0.34238195419311523,,,0.2926640510559082,,,,,,,,,,,,,,,,,,,
4055,0.6704452037811279,,,,,,,,0.37490105628967285,,,0.6827089786529541,,,,,0.7074251174926758,,,,,,,,1.16422700881958,3.142299175262451,,0.34603381156921387,,,0.3127176761627197,,,,,,,,,,,,,,,,,,,
4056,0.2869119644165039,,,,,,,,0.3576529026031494,,,3.597460985183716,,,,,0.6798131465911865,,,,,,,,0.6982190608978271,1.4235038757324219,,0.3403623104095459,,,0.2978229522705078,,,,,,,,,,,,,,,,,,,
4057,1.4894909858703613,,,,,,,,0.3478260040283203,,,0.6553380489349365,,,,,0.6858267784118652,,,,,,,,0.6739258766174316,0.6167700290679932,,0.35727715492248535,,,0.3118929862976074,,,,,,,,,,,,,,,,,,,
4058,0.651846170425415,,,,,,,,0.3545060157775879,,,1.7298548221588135,,,,,0.6500608921051025,,,,,,,,1.594602108001709,1.4695701599121094,,0.38430213928222656,,,0.29666996002197266,,,,,,,,,,,,,,,,,,,
4059,0.6533360481262207,,,,,,,,0.4012610912322998,,,1.9126946926116943,,,,,0.6743080615997314,,,,,,,,1.198777675628662,8.883549928665161,,0.36821794509887695,,,0.31704020500183105,,,,,,,,,,,,,,,,,,,
4060,0.6629419326782227,,,,,,,,0.37198591232299805,,,3.0386297702789307,,,,,0.7129290103912354,,,,,,,,2.0597190856933594,4.93411111831665,,0.3641691207885742,,,0.2949368953704834,,,,,,,,,,,,,,,,,,,
4061,0.6564059257507324,,,,,,,,0.35691213607788086,,,2.4681310653686523,,,,,2.6500139236450195,,,,,,,,1.2104260921478271,1.063720941543579,,0.33931612968444824,,,0.311718225479126,,,,,,,,,,,,,,,,,,,
4062,0.694972038269043,,,,,,,,0.3674492835998535,,,2.1468281745910645,,,,,0.6780228614807129,,,,,,,,1.204601764678955,0.6479418277740479,,0.3629429340362549,,,0.3294670581817627,,,,,,,,,,,,,,,,,,,
4063,0.6960890293121338,,,,,,,,0.3532748222351074,,,1.9670588970184326,,,,,1.5170972347259521,,,,,,,,0.4229309558868408,1.865220069885254,,0.3971221446990967,,,0.29347991943359375,,,,,,,,,,,,,,,,,,,
4064,0.31392884254455566,,,,,,,,0.38372206687927246,,,2.1925251483917236,,,,,0.7064790725708008,,,,,,,,0.6997208595275879,4.285023927688599,,0.36623406410217285,,,0.31789588928222656,,,,,,,,,,,,,,,,,,,
4065,0.6822950839996338,,,,,,,,0.3488802909851074,,,0.8516988754272461,,,,,0.706110954284668,,,,,,,,0.6560308933258057,3.5756659507751465,,0.36466526985168457,,,0.3201439380645752,,,,,,,,,,,,,,,,,,,
4066,1.4259271621704102,,,,,,,,0.3745450973510742,,,1.0510849952697754,,,,,1.4712929725646973,,,,,,,,0.7116239070892334,2.2889130115509033,,0.3789808750152588,,,0.29449987411499023,,,,,,,,,,,,,,,,,,,
4067,0.5150542259216309,,,,,,,,0.3580951690673828,,,0.5429770946502686,,,,,0.6884570121765137,,,,,,,,0.7295551300048828,1.4148199558258057,,0.35639190673828125,,,0.2909369468688965,,,,,,,,,,,,,,,,,,,
4068,0.6613020896911621,,,,,,,,0.3756990432739258,,,1.2033870220184326,,,,,0.713834285736084,,,,,,,,0.6962471008300781,2.2250261306762695,,0.37325119972229004,,,0.3140857219696045,,,,,,,,,,,,,,,,,,,
4069,0.6557462215423584,,,,,,,,0.3807649612426758,,,1.0804238319396973,,,,,0.6490082740783691,,,,,,,,0.6984307765960693,2.760714054107666,,0.34459710121154785,,,0.2949061393737793,,,,,,,,,,,,,,,,,,,
4070,0.7073698043823242,,,,,,,,0.36189699172973633,,,1.6960010528564453,,,,,0.6726539134979248,,,,,,,,0.6762120723724365,10.8105149269104,,0.37554097175598145,,,0.31404709815979004,,,,,,,,,,,,,,,,,,,
4071,0.6717970371246338,,,,,,,,0.3687717914581299,,,0.6800761222839355,,,,,0.705333948135376,,,,,,,,0.6789307594299316,0.6149580478668213,,0.361469030380249,,,0.31430912017822266,,,,,,,,,,,,,,,,,,,
4072,1.5033478736877441,,,,,,,,0.348339319229126,,,0.683143138885498,,,,,0.6826412677764893,,,,,,,,1.456942081451416,1.4018361568450928,,0.3482847213745117,,,0.30998921394348145,,,,,,,,,,,,,,,,,,,
4073,1.4161701202392578,,,,,,,,0.35500597953796387,,,0.7152650356292725,,,,,0.6879780292510986,,,,,,,,0.37610721588134766,0.6347630023956299,,0.4028348922729492,,,0.3059208393096924,,,,,,,,,,,,,,,,,,,
4074,0.653933048248291,,,,,,,,0.38958287239074707,,,0.8844008445739746,,,,,0.674889087677002,,,,,,,,0.7113890647888184,0.6429522037506104,,0.3744161128997803,,,0.2883470058441162,,,,,,,,,,,,,,,,,,,
4075,0.48476099967956543,,,,,,,,0.36882901191711426,,,1.1171979904174805,,,,,0.9328160285949707,,,,,,,,0.688706636428833,0.6248469352722168,,0.3534359931945801,,,0.3026859760284424,,,,,,,,,,,,,,,,,,,
4076,0.6480419635772705,,,,,,,,0.3737068176269531,,,0.7755920886993408,,,,,1.1729068756103516,,,,,,,,0.7162141799926758,0.6125309467315674,,0.3475649356842041,,,0.3152890205383301,,,,,,,,,,,,,,,,,,,
4077,0.7206988334655762,,,,,,,,0.35884618759155273,,,0.7111251354217529,,,,,0.7036781311035156,,,,,,,,1.1819841861724854,0.6251747608184814,,0.3792300224304199,,,0.29212331771850586,,,,,,,,,,,,,,,,,,,
4078,1.4463632106781006,,,,,,,,0.35354018211364746,,,1.0514979362487793,,,,,0.7061810493469238,,,,,,,,0.6853160858154297,0.6454699039459229,,0.3936598300933838,,,0.3370187282562256,,,,,,,,,,,,,,,,,,,
4079,0.6590540409088135,,,,,,,,0.39728474617004395,,,1.9924869537353516,,,,,1.4546918869018555,,,,,,,,1.5867691040039062,0.6159300804138184,,0.3575589656829834,,,0.27462077140808105,,,,,,,,,,,,,,,,,,,
4080,2.0571370124816895,,,,,,,,0.3482847213745117,,,0.7040209770202637,,,,,0.7130770683288574,,,,,,,,0.7104089260101318,3.088495969772339,,0.3596937656402588,,,0.31403088569641113,,,,,,,,,,,,,,,,,,,
4081,0.6653640270233154,,,,,,,,0.3663499355316162,,,1.053741216659546,,,,,1.5191011428833008,,,,,,,,0.7158069610595703,2.174571990966797,,0.3702428340911865,,,0.29482483863830566,,,,,,,,,,,,,,,,,,,
4082,0.6755809783935547,,,,,,,,0.37362098693847656,,,1.0131361484527588,,,,,0.6981949806213379,,,,,,,,0.6692581176757812,1.915937900543213,,0.37148523330688477,,,0.31520986557006836,,,,,,,,,,,,,,,,,,,
4083,0.6461329460144043,,,,,,,,0.3681519031524658,,,1.0301790237426758,,,,,0.7059738636016846,,,,,,,,0.6676850318908691,1.4393961429595947,,0.37567996978759766,,,0.2957441806793213,,,,,,,,,,,,,,,,,,,
4084,0.6959471702575684,,,,,,,,0.3852510452270508,,,0.6867859363555908,,,,,0.6826093196868896,,,,,,,,0.7946059703826904,1.3768219947814941,,0.3542020320892334,,,0.3176538944244385,,,,,,,,,,,,,,,,,,,
4085,0.6324660778045654,,,,,,,,0.3741729259490967,,,0.67500901222229,,,,,0.7120580673217773,,,,,,,,0.6936252117156982,0.6200320720672607,,0.37566208839416504,,,0.31923413276672363,,,,,,,,,,,,,,,,,,,
4086,0.729276180267334,,,,,,,,0.3722240924835205,,,0.7047243118286133,,,,,0.6766042709350586,,,,,,,,0.7223949432373047,1.8970160484313965,,0.3695821762084961,,,0.29749512672424316,,,,,,,,,,,,,,,,,,,
4087,0.30166101455688477,,,,,,,,0.3516051769256592,,,4.557575225830078,,,,,0.7047998905181885,,,,,,,,0.7085189819335938,1.4146208763122559,,0.3696720600128174,,,0.3030381202697754,,,,,,,,,,,,,,,,,,,
4088,0.3202381134033203,,,,,,,,0.35068321228027344,,,0.7401540279388428,,,,,1.4143807888031006,,,,,,,,0.719693660736084,1.3937280178070068,,0.3991239070892334,,,0.3141899108886719,,,,,,,,,,,,,,,,,,,
4089,0.5130538940429688,,,,,,,,0.38715696334838867,,,0.6683828830718994,,,,,0.67600417137146,,,,,,,,3.378485918045044,1.0969529151916504,,0.3530619144439697,,,0.31081199645996094,,,,,,,,,,,,,,,,,,,
4090,0.655627965927124,,,,,,,,0.37244224548339844,,,1.0458731651306152,,,,,0.6457858085632324,,,,,,,,1.3360912799835205,0.6268560886383057,,0.3541860580444336,,,0.29492878913879395,,,,,,,,,,,,,,,,,,,
4091,0.6289949417114258,,,,,,,,0.35471606254577637,,,0.6887049674987793,,,,,0.678433895111084,,,,,,,,0.717534065246582,0.6840050220489502,,0.38225889205932617,,,0.320270299911499,,,,,,,,,,,,,,,,,,,
4092,1.5171170234680176,,,,,,,,0.3608419895172119,,,1.043381929397583,,,,,1.4759349822998047,,,,,,,,0.7093429565429688,1.4260060787200928,,0.3798820972442627,,,0.3183448314666748,,,,,,,,,,,,,,,,,,,
4093,1.4202301502227783,,,,,,,,0.3669471740722656,,,1.028935194015503,,,,,0.6622128486633301,,,,,,,,0.7083117961883545,5.211529016494751,,0.39077186584472656,,,0.31309080123901367,,,,,,,,,,,,,,,,,,,
4094,0.6484129428863525,,,,,,,,0.37575507164001465,,,0.6640617847442627,,,,,0.6754350662231445,,,,,,,,0.6953790187835693,20.943265199661255,,0.36192989349365234,,,0.3191852569580078,,,,,,,,,,,,,,,,,,,
4095,0.6783750057220459,,,,,,,,0.37310290336608887,,,0.7012627124786377,,,,,0.6706550121307373,,,,,,,,0.6827740669250488,0.10505104064941406,,0.3663768768310547,,,0.28822779655456543,,,,,,,,,,,,,,,,,,,
4096,1.4335741996765137,,,,,,,,0.3598940372467041,,,0.6553218364715576,,,,,1.242475986480713,,,,,,,,0.7161257266998291,0.6759390830993652,,0.37499475479125977,,,0.32193684577941895,,,,,,,,,,,,,,,,,,,
4097,0.880791187286377,,,,,,,,0.3647887706756592,,,1.0474140644073486,,,,,0.7005267143249512,,,,,,,,0.6619858741760254,0.6386048793792725,,0.36110901832580566,,,0.29416823387145996,,,,,,,,,,,,,,,,,,,
4098,0.6575109958648682,,,,,,,,0.35402417182922363,,,0.6733531951904297,,,,,1.4598278999328613,,,,,,,,0.6953299045562744,1.1148788928985596,,0.3776111602783203,,,0.312330961227417,,,,,,,,,,,,,,,,,,,
4099,0.682466983795166,,,,,,,,0.37941598892211914,,,0.3088722229003906,,,,,0.7003672122955322,,,,,,,,0.7082440853118896,0.6202619075775146,,0.3808469772338867,,,0.29924917221069336,,,,,,,,,,,,,,,,,,,
4100,0.3613557815551758,,,,,,,,0.3746047019958496,,,0.32372522354125977,,,,,1.4562077522277832,,,,,,,,0.7492861747741699,13.85094928741455,,0.37845492362976074,,,0.31203293800354004,,,,,,,,,,,,,,,,,,,
4101,0.7116000652313232,,,,,,,,0.35570573806762695,,,0.633814811706543,,,,,1.4097340106964111,,,,,,,,0.6988160610198975,14.451082944869995,,0.3785691261291504,,,0.31426000595092773,,,,,,,,,,,,,,,,,,,
4102,0.6613020896911621,,,,,,,,0.3489830493927002,,,0.955352783203125,,,,,0.6666641235351562,,,,,,,,1.5454158782958984,0.6474390029907227,,0.3694767951965332,,,0.3164830207824707,,,,,,,,,,,,,,,,,,,
4103,0.6859958171844482,,,,,,,,0.3586440086364746,,,0.43630266189575195,,,,,0.492872953414917,,,,,,,,0.6894338130950928,1.420140027999878,,0.40494608879089355,,,0.29108715057373047,,,,,,,,,,,,,,,,,,,
4104,1.1522517204284668,,,,,,,,0.39829301834106445,,,0.38037800788879395,,,,,1.4721519947052002,,,,,,,,0.6502690315246582,1.9214489459991455,,0.3536350727081299,,,0.3117690086364746,,,,,,,,,,,,,,,,,,,
4105,0.27489519119262695,,,,,,,,0.3739640712738037,,,0.6656448841094971,,,,,1.2492868900299072,,,,,,,,0.7040228843688965,21.0991849899292,,0.3511059284210205,,,0.30339622497558594,,,,,,,,,,,,,,,,,,,
4106,0.6529848575592041,,,,,,,,0.3566017150878906,,,0.6967592239379883,,,,,0.6772520542144775,,,,,,,,3.3526179790496826,0.040409088134765625,,0.3701481819152832,,,0.29769206047058105,,,,,,,,,,,,,,,,,,,
4107,1.3206219673156738,,,,,,,,0.35402798652648926,,,0.3320808410644531,,,,,0.6839039325714111,,,,,,,,0.734713077545166,1.4441490173339844,,0.3775289058685303,,,0.3354330062866211,,,,,,,,,,,,,,,,,,,
4108,1.557384967803955,,,,,,,,0.366574764251709,,,1.470592975616455,,,,,1.6416890621185303,,,,,,,,2.5010499954223633,0.6483950614929199,,0.3779940605163574,,,0.29741811752319336,,,,,,,,,,,,,,,,,,,
4109,0.6554970741271973,,,,,,,,0.3712277412414551,,,0.7034249305725098,,,,,0.6755738258361816,,,,,,,,0.7254741191864014,0.6566939353942871,,0.356961727142334,,,0.3145122528076172,,,,,,,,,,,,,,,,,,,
4110,0.6642012596130371,,,,,,,,0.37471890449523926,,,0.6725060939788818,,,,,0.6563920974731445,,,,,,,,0.3840320110321045,0.2892298698425293,,0.37075304985046387,,,1.567204236984253,,,,,,,,,,,,,,,,,,,
4111,0.6796000003814697,,,,,,,,0.3728780746459961,,,0.6789028644561768,,,,,0.6647212505340576,,,,,,,,0.708428144454956,20.86771512031555,,0.37717199325561523,,,0.29572486877441406,,,,,,,,,,,,,,,,,,,
4112,0.6659140586853027,,,,,,,,0.3583559989929199,,,0.7298228740692139,,,,,0.7310237884521484,,,,,,,,0.6501498222351074,21.383260011672974,,0.35352301597595215,,,0.29205989837646484,,,,,,,,,,,,,,,,,,,
4113,1.1055068969726562,,,,,,,,0.35566115379333496,,,0.668363094329834,,,,,0.823826789855957,,,,,,,,0.6835231781005859,0.3719441890716553,,0.402116060256958,,,0.3024718761444092,,,,,,,,,,,,,,,,,,,
4114,0.6234703063964844,,,,,,,,0.39686107635498047,,,0.3442051410675049,,,,,0.6880660057067871,,,,,,,,0.7060239315032959,1.437040090560913,,0.35277795791625977,,,0.3186359405517578,,,,,,,,,,,,,,,,,,,
4115,0.6543331146240234,,,,,,,,0.3745732307434082,,,0.6548030376434326,,,,,1.198843002319336,,,,,,,,1.5746738910675049,21.26503086090088,,0.3674929141998291,,,0.29586100578308105,,,,,,,,,,,,,,,,,,,
4116,0.6851730346679688,,,,,,,,0.35155582427978516,,,0.67641282081604,,,,,1.559973955154419,,,,,,,,1.6211521625518799,1.7461040019989014,,0.3549830913543701,,,0.310413122177124,,,,,,,,,,,,,,,,,,,
4117,0.6832120418548584,,,,,,,,0.3775522708892822,,,0.6835503578186035,,,,,1.158952236175537,,,,,,,,0.7234706878662109,8.755905866622925,,0.3588998317718506,,,0.30271291732788086,,,,,,,,,,,,,,,,,,,
4118,0.6373341083526611,,,,,,,,0.36027002334594727,,,0.6762073040008545,,,,,0.6802258491516113,,,,,,,,0.32019591331481934,0.6783580780029297,,0.3872640132904053,,,0.30008602142333984,,,,,,,,,,,,,,,,,,,
4119,0.3028860092163086,,,,,,,,0.37627601623535156,,,0.31690311431884766,,,,,0.661060094833374,,,,,,,,0.38605284690856934,0.613940954208374,,0.38287830352783203,,,0.29320478439331055,,,,,,,,,,,,,,,,,,,
4120,1.4725749492645264,,,,,,,,0.37595200538635254,,,0.3147461414337158,,,,,0.8589298725128174,,,,,,,,0.6875960826873779,4.293761968612671,,0.35550904273986816,,,0.3080179691314697,,,,,,,,,,,,,,,,,,,
4121,0.6824088096618652,,,,,,,,0.3708040714263916,,,1.4527380466461182,,,,,0.6527378559112549,,,,,,,,0.9511761665344238,1.4351580142974854,,0.37430882453918457,,,0.30968284606933594,,,,,,,,,,,,,,,,,,,
4122,0.6532044410705566,,,,,,,,0.3620610237121582,,,0.6841537952423096,,,,,1.2393949031829834,,,,,,,,0.31920695304870605,2.3459651470184326,,0.3595552444458008,,,0.28974413871765137,,,,,,,,,,,,,,,,,,,
4123,0.40592527389526367,,,,,,,,0.3520481586456299,,,0.32953882217407227,,,,,1.5183260440826416,,,,,,,,0.6516540050506592,0.6778428554534912,,0.3779447078704834,,,0.32173967361450195,,,,,,,,,,,,,,,,,,,
4124,0.27895617485046387,,,,,,,,0.397921085357666,,,0.3526482582092285,,,,,0.6516120433807373,,,,,,,,0.6896922588348389,0.6531009674072266,,0.3764359951019287,,,0.33196401596069336,,,,,,,,,,,,,,,,,,,
4125,1.43464994430542,,,,,,,,0.36134982109069824,,,1.0285449028015137,,,,,0.6494641304016113,,,,,,,,0.33162498474121094,0.628157377243042,,0.36532139778137207,,,0.315504789352417,,,,,,,,,,,,,,,,,,,
4126,0.7085378170013428,,,,,,,,0.36632490158081055,,,0.6641671657562256,,,,,1.2695209980010986,,,,,,,,0.6713662147521973,1.4169199466705322,,0.36173224449157715,,,0.28801393508911133,,,,,,,,,,,,,,,,,,,
4127,0.7009820938110352,,,,,,,,0.37674498558044434,,,0.3028550148010254,,,,,0.7001762390136719,,,,,,,,0.7346198558807373,1.454770803451538,,0.35488295555114746,,,0.32086992263793945,,,,,,,,,,,,,,,,,,,
4128,0.2811398506164551,,,,,,,,0.35562992095947266,,,0.6753787994384766,,,,,1.528498888015747,,,,,,,,0.6930761337280273,0.6345901489257812,,0.40033817291259766,,,0.29756903648376465,,,,,,,,,,,,,,,,,,,
4129,1.4747231006622314,,,,,,,,0.38393092155456543,,,0.6631288528442383,,,,,1.2643780708312988,,,,,,,,1.2926750183105469,1.473252773284912,,0.36092686653137207,,,0.29469919204711914,,,,,,,,,,,,,,,,,,,
4130,0.299206018447876,,,,,,,,0.37071800231933594,,,0.3282909393310547,,,,,1.4553437232971191,,,,,,,,0.7137429714202881,1.7140300273895264,,0.3592100143432617,,,0.3383209705352783,,,,,,,,,,,,,,,,,,,
4131,0.6750259399414062,,,,,,,,0.34909486770629883,,,1.4267010688781738,,,,,1.493818759918213,,,,,,,,0.6969201564788818,1.4564259052276611,,0.3584446907043457,,,0.2960991859436035,,,,,,,,,,,,,,,,,,,
4132,0.6499960422515869,,,,,,,,0.37351107597351074,,,0.671583890914917,,,,,1.4961907863616943,,,,,,,,1.257504940032959,1.1438868045806885,,0.3724968433380127,,,0.3065640926361084,,,,,,,,,,,,,,,,,,,
4133,0.6496272087097168,,,,,,,,0.3568251132965088,,,0.7151198387145996,,,,,1.2464828491210938,,,,,,,,0.7122941017150879,1.5176570415496826,,0.4009218215942383,,,0.2949192523956299,,,,,,,,,,,,,,,,,,,
4134,0.677016019821167,,,,,,,,0.38014984130859375,,,0.3529350757598877,,,,,0.6732041835784912,,,,,,,,0.7126610279083252,2.3158369064331055,,0.3781108856201172,,,0.2975749969482422,,,,,,,,,,,,,,,,,,,
4135,0.6447160243988037,,,,,,,,0.3735940456390381,,,0.3380401134490967,,,,,0.6979193687438965,,,,,,,,0.6541502475738525,0.62359619140625,,0.35224127769470215,,,0.3326246738433838,,,,,,,,,,,,,,,,,,,
4136,0.6494321823120117,,,,,,,,0.3639819622039795,,,0.3573629856109619,,,,,0.6798019409179688,,,,,,,,0.7019040584564209,12.924360036849976,,0.3713979721069336,,,0.3008561134338379,,,,,,,,,,,,,,,,,,,
4137,0.6652758121490479,,,,,,,,0.37569093704223633,,,0.6893210411071777,,,,,0.6823489665985107,,,,,,,,0.7060537338256836,0.6362259387969971,,0.3801259994506836,,,0.3011159896850586,,,,,,,,,,,,,,,,,,,
4138,0.3283100128173828,,,,,,,,0.3504369258880615,,,0.4198567867279053,,,,,0.6831748485565186,,,,,,,,0.6674947738647461,0.6199259757995605,,0.3958899974822998,,,0.3127720355987549,,,,,,,,,,,,,,,,,,,
4139,0.27830028533935547,,,,,,,,0.37876391410827637,,,0.6905438899993896,,,,,0.9395577907562256,,,,,,,,0.6612839698791504,1.4666450023651123,,0.35854482650756836,,,1.5560870170593262,,,,,,,,,,,,,,,,,,,
4140,2.300723075866699,,,,,,,,0.35889196395874023,,,0.9545130729675293,,,,,0.6864349842071533,,,,,,,,0.691943883895874,4.425229072570801,,0.37276506423950195,,,0.29148316383361816,,,,,,,,,,,,,,,,,,,
4141,0.8833818435668945,,,,,,,,0.3682239055633545,,,0.32436609268188477,,,,,1.2745778560638428,,,,,,,,0.6996829509735107,0.6535098552703857,,0.3732459545135498,,,0.3356039524078369,,,,,,,,,,,,,,,,,,,
4142,0.2978179454803467,,,,,,,,0.349376916885376,,,5.376433849334717,,,,,4.739102363586426,,,,,,,,2.953575849533081,0.6477000713348389,,0.3484010696411133,,,0.3198208808898926,,,,,,,,,,,,,,,,,,,
4143,0.6545259952545166,,,,,,,,0.37523913383483887,,,0.7053871154785156,,,,,0.701815128326416,,,,,,,,0.6885280609130859,0.6415259838104248,,0.3801121711730957,,,0.30312514305114746,,,,,,,,,,,,,,,,,,,
4144,0.41922783851623535,,,,,,,,0.39661383628845215,,,11.934521913528442,,,,,0.6692359447479248,,,,,,,,0.6834790706634521,1.4564619064331055,,0.36136913299560547,,,0.28993701934814453,,,,,,,,,,,,,,,,,,,
4145,0.6408267021179199,,,,,,,,0.35660600662231445,,,0.3214988708496094,,,,,0.6512556076049805,,,,,,,,0.6981298923492432,0.6321847438812256,,0.36726808547973633,,,0.29809999465942383,,,,,,,,,,,,,,,,,,,
4146,0.6729109287261963,,,,,,,,0.35152316093444824,,,0.6525931358337402,,,,,1.9932479858398438,,,,,,,,0.7448391914367676,0.6396448612213135,,0.37302398681640625,,,0.31981325149536133,,,,,,,,,,,,,,,,,,,
4147,0.6789247989654541,,,,,,,,0.37271976470947266,,,3.1983439922332764,,,,,0.6504287719726562,,,,,,,,1.6498548984527588,1.4346599578857422,,0.3600351810455322,,,0.31400394439697266,,,,,,,,,,,,,,,,,,,
4148,0.6699450016021729,,,,,,,,0.3752708435058594,,,1.9828641414642334,,,,,0.6766781806945801,,,,,,,,1.231557846069336,5.528345108032227,,0.3797280788421631,,,0.305499792098999,,,,,,,,,,,,,,,,,,,
4149,0.6399092674255371,,,,,,,,0.3780791759490967,,,1.4721758365631104,,,,,0.742340087890625,,,,,,,,1.605813980102539,0.6481573581695557,,0.3511369228363037,,,0.30004096031188965,,,,,,,,,,,,,,,,,,,
4150,0.6820418834686279,,,,,,,,0.3573482036590576,,,0.6781520843505859,,,,,0.669619083404541,,,,,,,,1.1605937480926514,16.13657808303833,,0.37250399589538574,,,0.29205799102783203,,,,,,,,,,,,,,,,,,,
4151,0.6799261569976807,,,,,,,,0.372020959854126,,,0.691051721572876,,,,,0.6473379135131836,,,,,,,,1.2940778732299805,0.6349248886108398,,0.3572089672088623,,,0.31261372566223145,,,,,,,,,,,,,,,,,,,
4152,0.6395609378814697,,,,,,,,0.37403082847595215,,,0.39729905128479004,,,,,0.6919829845428467,,,,,,,,1.415895938873291,2.199054002761841,,0.3544917106628418,,,0.3187568187713623,,,,,,,,,,,,,,,,,,,
4153,0.6756479740142822,,,,,,,,0.3497941493988037,,,0.6428639888763428,,,,,0.6553709506988525,,,,,,,,0.7044508457183838,0.6376192569732666,,0.39530491828918457,,,0.296893835067749,,,,,,,,,,,,,,,,,,,
4154,0.6827328205108643,,,,,,,,0.3779909610748291,,,0.34888386726379395,,,,,1.5099849700927734,,,,,,,,0.6906712055206299,0.6220972537994385,,0.379101037979126,,,0.2911722660064697,,,,,,,,,,,,,,,,,,,
4155,0.2843141555786133,,,,,,,,0.37667417526245117,,,0.33302903175354004,,,,,0.6864907741546631,,,,,,,,1.1727800369262695,0.6232707500457764,,0.38094496726989746,,,0.3136129379272461,,,,,,,,,,,,,,,,,,,
4156,1.0892279148101807,,,,,,,,0.3740060329437256,,,0.7720720767974854,,,,,0.7467279434204102,,,,,,,,0.7592442035675049,1.4221429824829102,,0.3521139621734619,,,0.2979319095611572,,,,,,,,,,,,,,,,,,,
4157,0.29524683952331543,,,,,,,,0.3534560203552246,,,0.6895039081573486,,,,,0.6577169895172119,,,,,,,,0.6849291324615479,2.3547911643981934,,0.3596210479736328,,,0.2926759719848633,,,,,,,,,,,,,,,,,,,
4158,0.6186308860778809,,,,,,,,0.36444091796875,,,0.6653409004211426,,,,,1.5360462665557861,,,,,,,,1.1534459590911865,1.3697311878204346,,0.40755414962768555,,,0.2936098575592041,,,,,,,,,,,,,,,,,,,
4159,0.3621969223022461,,,,,,,,0.38985109329223633,,,1.4815728664398193,,,,,0.6815207004547119,,,,,,,,0.6980020999908447,1.4272267818450928,,0.37863588333129883,,,0.3126060962677002,,,,,,,,,,,,,,,,,,,
4160,0.6762073040008545,,,,,,,,0.3512899875640869,,,1.9231040477752686,,,,,0.7014949321746826,,,,,,,,0.7084910869598389,0.6275467872619629,,0.37105298042297363,,,0.2976949214935303,,,,,,,,,,,,,,,,,,,
4161,0.6545391082763672,,,,,,,,0.3542919158935547,,,7.498239040374756,,,,,1.1797211170196533,,,,,,,,0.6917221546173096,1.9622089862823486,,0.3814363479614258,,,0.3010587692260742,,,,,,,,,,,,,,,,,,,
4162,0.6805551052093506,,,,,,,,0.35798001289367676,,,0.7995247840881348,,,,,0.6615979671478271,,,,,,,,0.6836721897125244,0.6240978240966797,,0.3647749423980713,,,0.3174440860748291,,,,,,,,,,,,,,,,,,,
4163,0.6612768173217773,,,,,,,,0.3734130859375,,,1.3919639587402344,,,,,0.6878631114959717,,,,,,,,0.674901008605957,1.4130921363830566,,0.38875818252563477,,,0.32032275199890137,,,,,,,,,,,,,,,,,,,
4164,0.3175969123840332,,,,,,,,0.3980867862701416,,,0.6813812255859375,,,,,0.7146711349487305,,,,,,,,0.6763160228729248,1.1140689849853516,,0.3572518825531006,,,0.2993321418762207,,,,,,,,,,,,,,,,,,,
4165,0.2974836826324463,,,,,,,,0.35574913024902344,,,1.4782824516296387,,,,,0.6736581325531006,,,,,,,,0.6796517372131348,19.680984020233154,,0.3643310070037842,,,0.2921149730682373,,,,,,,,,,,,,,,,,,,
4166,1.151930809020996,,,,,,,,0.36406517028808594,,,0.6986172199249268,,,,,3.3335039615631104,,,,,,,,1.1784923076629639,1.4167611598968506,,0.378939151763916,,,0.3097102642059326,,,,,,,,,,,,,,,,,,,
4167,0.6804423332214355,,,,,,,,0.36081981658935547,,,4.542536735534668,,,,,0.6501071453094482,,,,,,,,1.4764180183410645,0.29154515266418457,,0.3810279369354248,,,0.30240821838378906,,,,,,,,,,,,,,,,,,,
4168,0.6873657703399658,,,,,,,,0.35277318954467773,,,0.6798720359802246,,,,,0.6732001304626465,,,,,,,,1.1173641681671143,11.354812145233154,,0.38996195793151855,,,0.31468796730041504,,,,,,,,,,,,,,,,,,,
4169,0.6470029354095459,,,,,,,,0.40013813972473145,,,0.7300689220428467,,,,,0.6659929752349854,,,,,,,,0.6872110366821289,0.2732861042022705,,0.36017918586730957,,,0.2917351722717285,,,,,,,,,,,,,,,,,,,
4170,0.6901400089263916,,,,,,,,0.3593740463256836,,,1.533189058303833,,,,,1.4065628051757812,,,,,,,,1.2249112129211426,1.9459340572357178,,0.35614776611328125,,,0.3068099021911621,,,,,,,,,,,,,,,,,,,
4171,0.6593389511108398,,,,,,,,0.36901283264160156,,,0.6592550277709961,,,,,0.6809790134429932,,,,,,,,2.0856547355651855,21.272897005081177,,0.3544340133666992,,,0.2906019687652588,,,,,,,,,,,,,,,,,,,
4172,1.6534347534179688,,,,,,,,0.36699891090393066,,,0.6838622093200684,,,,,0.6467001438140869,,,,,,,,2.499880075454712,21.054877996444702,,0.37056589126586914,,,0.3325169086456299,,,,,,,,,,,,,,,,,,,
4173,1.1959140300750732,,,,,,,,0.3718881607055664,,,0.7104418277740479,,,,,0.6739120483398438,,,,,,,,1.6082420349121094,11.163352966308594,,0.40299487113952637,,,0.2975199222564697,,,,,,,,,,,,,,,,,,,
4174,0.6521239280700684,,,,,,,,0.3950369358062744,,,1.4782218933105469,,,,,1.963927984237671,,,,,,,,0.7064788341522217,1.9102041721343994,,0.375744104385376,,,0.31644415855407715,,,,,,,,,,,,,,,,,,,
4175,0.6754820346832275,,,,,,,,0.3496558666229248,,,0.691417932510376,,,,,1.9974122047424316,,,,,,,,2.984292984008789,0.6905941963195801,,0.3801562786102295,,,0.3170781135559082,,,,,,,,,,,,,,,,,,,
4176,0.6448290348052979,,,,,,,,0.35938000679016113,,,0.664719820022583,,,,,0.622567892074585,,,,,,,,0.7068910598754883,1.4591920375823975,,0.3769068717956543,,,0.2955167293548584,,,,,,,,,,,,,,,,,,,
4177,0.6684210300445557,,,,,,,,0.35564112663269043,,,1.4614310264587402,,,,,1.1472008228302002,,,,,,,,0.7292428016662598,0.5994410514831543,,0.376389741897583,,,0.31481194496154785,,,,,,,,,,,,,,,,,,,
4178,1.0440340042114258,,,,,,,,0.37587404251098633,,,1.4479401111602783,,,,,0.6524450778961182,,,,,,,,1.1887211799621582,0.7048938274383545,,0.39049601554870605,,,0.2948312759399414,,,,,,,,,,,,,,,,,,,
4179,0.6484441757202148,,,,,,,,0.390017032623291,,,3.607480049133301,,,,,1.992173194885254,,,,,,,,0.6763839721679688,2.1847829818725586,,0.3555290699005127,,,0.2940101623535156,,,,,,,,,,,,,,,,,,,
4180,0.6709413528442383,,,,,,,,0.36809706687927246,,,0.6419472694396973,,,,,1.5525290966033936,,,,,,,,0.7102148532867432,1.383866786956787,,0.3599836826324463,,,0.30474114418029785,,,,,,,,,,,,,,,,,,,
4181,0.6762199401855469,,,,,,,,0.35927510261535645,,,0.7072811126708984,,,,,1.1194322109222412,,,,,,,,1.2024238109588623,21.168627977371216,,0.3580131530761719,,,0.3107740879058838,,,,,,,,,,,,,,,,,,,
4182,1.2002220153808594,,,,,,,,0.3506660461425781,,,0.6978209018707275,,,,,1.5195949077606201,,,,,,,,0.6875708103179932,0.8394489288330078,,0.365734338760376,,,0.32001280784606934,,,,,,,,,,,,,,,,,,,
4183,1.2091639041900635,,,,,,,,0.3542649745941162,,,1.427621841430664,,,,,0.68585205078125,,,,,,,,0.6853718757629395,1.45747709274292,,0.40660715103149414,,,0.29700779914855957,,,,,,,,,,,,,,,,,,,
4184,0.6629869937896729,,,,,,,,0.39798402786254883,,,0.707679033279419,,,,,0.6508557796478271,,,,,,,,1.1990838050842285,1.407261848449707,,0.37700676918029785,,,0.3164100646972656,,,,,,,,,,,,,,,,,,,
4185,0.29457592964172363,,,,,,,,0.3755929470062256,,,1.482097864151001,,,,,3.2249550819396973,,,,,,,,1.5714900493621826,12.890887260437012,,0.384141206741333,,,0.33917903900146484,,,,,,,,,,,,,,,,,,,
4186,1.1753921508789062,,,,,,,,0.35298895835876465,,,1.157500982284546,,,,,0.6852409839630127,,,,,,,,5.162528038024902,21.353138208389282,,0.3573617935180664,,,0.2946450710296631,,,,,,,,,,,,,,,,,,,
4187,0.6813058853149414,,,,,,,,0.3572099208831787,,,0.680793285369873,,,,,1.1377289295196533,,,,,,,,1.1811997890472412,,,0.35782909393310547,,,0.3224148750305176,,,,,,,,,,,,,,,,,,,
4188,0.2755770683288574,,,,,,,,0.3634638786315918,,,0.6758019924163818,,,,,0.7083089351654053,,,,,,,,2.4898250102996826,,,0.38936495780944824,,,0.3176288604736328,,,,,,,,,,,,,,,,,,,
4189,0.676790714263916,,,,,,,,0.4091520309448242,,,0.6830029487609863,,,,,1.1760950088500977,,,,,,,,6.024355173110962,,,0.3796401023864746,,,0.293428897857666,,,,,,,,,,,,,,,,,,,
4190,2.1278042793273926,,,,,,,,0.3507347106933594,,,0.6602528095245361,,,,,1.9295423030853271,,,,,,,,1.1681029796600342,,,0.3826291561126709,,,0.3135819435119629,,,,,,,,,,,,,,,,,,,
4191,0.7132887840270996,,,,,,,,0.35323500633239746,,,1.4324581623077393,,,,,0.628986120223999,,,,,,,,0.6854002475738525,,,0.36157894134521484,,,0.29828977584838867,,,,,,,,,,,,,,,,,,,
4192,1.198333978652954,,,,,,,,0.37373971939086914,,,0.7435951232910156,,,,,0.6490387916564941,,,,,,,,6.819976091384888,,,0.36716175079345703,,,0.29160189628601074,,,,,,,,,,,,,,,,,,,
4193,0.6689019203186035,,,,,,,,0.3751261234283447,,,0.30376768112182617,,,,,0.6771769523620605,,,,,,,,3.3700411319732666,,,0.3875861167907715,,,0.3016088008880615,,,,,,,,,,,,,,,,,,,
4194,0.6510710716247559,,,,,,,,0.38094210624694824,,,0.6833617687225342,,,,,1.5604331493377686,,,,,,,,1.1581838130950928,,,0.3647501468658447,,,0.28739380836486816,,,,,,,,,,,,,,,,,,,
4195,1.2103958129882812,,,,,,,,0.3542778491973877,,,0.7096922397613525,,,,,1.1507349014282227,,,,,,,,3.3066298961639404,,,0.3894002437591553,,,0.2959318161010742,,,,,,,,,,,,,,,,,,,
4196,0.643949031829834,,,,,,,,0.37259817123413086,,,0.6717121601104736,,,,,0.6872529983520508,,,,,,,,1.2162139415740967,,,0.3973689079284668,,,0.3037838935852051,,,,,,,,,,,,,,,,,,,
4197,0.6829268932342529,,,,,,,,0.3488478660583496,,,1.7988090515136719,,,,,0.6692628860473633,,,,,,,,0.7358393669128418,,,0.4004788398742676,,,0.30421900749206543,,,,,,,,,,,,,,,,,,,
4198,0.6999139785766602,,,,,,,,0.35854172706604004,,,0.6810908317565918,,,,,0.6557440757751465,,,,,,,,2.476785898208618,,,0.4219088554382324,,,0.33528876304626465,,,,,,,,,,,,,,,,,,,
4199,1.4200549125671387,,,,,,,,0.38032007217407227,,,2.7704362869262695,,,,,3.6798410415649414,,,,,,,,0.7026450634002686,,,0.40254902839660645,,,0.3219280242919922,,,,,,,,,,,,,,,,,,,
4200,1.190201759338379,,,,,,,,0.3704960346221924,,,0.7254700660705566,,,,,0.6832849979400635,,,,,,,,4.6581761837005615,,,0.3893458843231201,,,0.2900571823120117,,,,,,,,,,,,,,,,,,,
4201,0.7019891738891602,,,,,,,,0.3729250431060791,,,0.6888649463653564,,,,,0.6712310314178467,,,,,,,,0.7092900276184082,,,0.37877917289733887,,,0.30552172660827637,,,,,,,,,,,,,,,,,,,
4202,0.36196303367614746,,,,,,,,0.3679029941558838,,,0.7124531269073486,,,,,3.3287129402160645,,,,,,,,2.4763686656951904,,,0.3920738697052002,,,0.2909529209136963,,,,,,,,,,,,,,,,,,,
4203,0.7620768547058105,,,,,,,,0.3715071678161621,,,0.7011549472808838,,,,,2.008599042892456,,,,,,,,4.192666292190552,,,0.40112805366516113,,,0.3398399353027344,,,,,,,,,,,,,,,,,,,
4204,0.671022891998291,,,,,,,,0.38528895378112793,,,0.6804201602935791,,,,,1.5689618587493896,,,,,,,,0.6924741268157959,,,0.388063907623291,,,0.7083442211151123,,,,,,,,,,,,,,,,,,,
4205,0.6492431163787842,,,,,,,,0.34909677505493164,,,0.6859169006347656,,,,,1.1597912311553955,,,,,,,,6.7686052322387695,,,0.3761138916015625,,,0.31889891624450684,,,,,,,,,,,,,,,,,,,
4206,1.4521522521972656,,,,,,,,0.36864209175109863,,,0.790956974029541,,,,,2.5116188526153564,,,,,,,,1.1438469886779785,,,0.38116908073425293,,,0.323261022567749,,,,,,,,,,,,,,,,,,,
4207,0.6583559513092041,,,,,,,,0.3771986961364746,,,1.4458611011505127,,,,,0.646554708480835,,,,,,,,21.370400190353394,,,0.39180803298950195,,,0.2972748279571533,,,,,,,,,,,,,,,,,,,
4208,1.4936041831970215,,,,,,,,0.35713791847229004,,,0.6605648994445801,,,,,0.6710119247436523,,,,,,,,9.047321796417236,,,0.3944423198699951,,,0.3153963088989258,,,,,,,,,,,,,,,,,,,
4209,1.4413611888885498,,,,,,,,0.37942004203796387,,,0.7534689903259277,,,,,1.5348148345947266,,,,,,,,0.7160208225250244,,,0.3976931571960449,,,0.343533992767334,,,,,,,,,,,,,,,,,,,
4210,0.6344687938690186,,,,,,,,0.37271690368652344,,,0.6791203022003174,,,,,0.6368238925933838,,,,,,,,0.6756532192230225,,,0.39028501510620117,,,0.7081992626190186,,,,,,,,,,,,,,,,,,,
4211,0.3162519931793213,,,,,,,,0.37482190132141113,,,0.6992180347442627,,,,,3.2992870807647705,,,,,,,,0.7058699131011963,,,0.3837568759918213,,,0.6994922161102295,,,,,,,,,,,,,,,,,,,
4212,0.680793046951294,,,,,,,,0.35216689109802246,,,0.6648669242858887,,,,,0.6530086994171143,,,,,,,,0.686438798904419,,,0.3719949722290039,,,0.324847936630249,,,,,,,,,,,,,,,,,,,
4213,0.681833028793335,,,,,,,,0.3774831295013428,,,1.4944908618927002,,,,,0.6400561332702637,,,,,,,,2.3941922187805176,,,0.4127659797668457,,,0.29644107818603516,,,,,,,,,,,,,,,,,,,
4214,0.6605608463287354,,,,,,,,0.3961920738220215,,,6.904546022415161,,,,,2.902543783187866,,,,,,,,1.1585428714752197,,,0.3878636360168457,,,0.31287288665771484,,,,,,,,,,,,,,,,,,,
4215,0.32788610458374023,,,,,,,,0.36009693145751953,,,2.2396469116210938,,,,,3.2927889823913574,,,,,,,,1.611860990524292,,,0.3684208393096924,,,0.29555702209472656,,,,,,,,,,,,,,,,,,,
4216,0.6980128288269043,,,,,,,,0.3711400032043457,,,1.4292371273040771,,,,,0.648082971572876,,,,,,,,1.6078009605407715,,,0.38521528244018555,,,0.31414008140563965,,,,,,,,,,,,,,,,,,,
4217,0.6574451923370361,,,,,,,,0.373093843460083,,,1.4463129043579102,,,,,0.7014358043670654,,,,,,,,6.516100883483887,,,0.4001169204711914,,,0.2968180179595947,,,,,,,,,,,,,,,,,,,
4218,1.5005297660827637,,,,,,,,0.38274121284484863,,,1.5212018489837646,,,,,1.1813700199127197,,,,,,,,1.5997061729431152,,,0.40086913108825684,,,0.31761813163757324,,,,,,,,,,,,,,,,,,,
4219,0.6591579914093018,,,,,,,,0.374082088470459,,,1.4344470500946045,,,,,0.6331040859222412,,,,,,,,0.7054018974304199,,,0.3823080062866211,,,0.2953310012817383,,,,,,,,,,,,,,,,,,,
4220,0.9287312030792236,,,,,,,,0.37074708938598633,,,0.6771838665008545,,,,,1.5627570152282715,,,,,,,,0.7158479690551758,,,0.3716609477996826,,,0.323422908782959,,,,,,,,,,,,,,,,,,,
4221,0.6449098587036133,,,,,,,,0.359529972076416,,,1.0117239952087402,,,,,4.561275959014893,,,,,,,,1.4205377101898193,,,0.377730131149292,,,1.18719482421875,,,,,,,,,,,,,,,,,,,
4222,1.4533181190490723,,,,,,,,0.3546411991119385,,,1.5834379196166992,,,,,5.400909662246704,,,,,,,,1.626105785369873,,,0.38126683235168457,,,0.29914379119873047,,,,,,,,,,,,,,,,,,,
4223,1.4517109394073486,,,,,,,,0.37133193016052246,,,1.44997239112854,,,,,0.6371970176696777,,,,,,,,0.8444609642028809,,,0.38677501678466797,,,0.3021068572998047,,,,,,,,,,,,,,,,,,,
4224,0.6579709053039551,,,,,,,,0.3985590934753418,,,0.7187280654907227,,,,,0.6882932186126709,,,,,,,,1.5432260036468506,,,0.39179277420043945,,,0.2940998077392578,,,,,,,,,,,,,,,,,,,
4225,0.6521899700164795,,,,,,,,0.3601810932159424,,,0.6803851127624512,,,,,1.5573339462280273,,,,,,,,0.6786508560180664,,,0.3659508228302002,,,0.3051891326904297,,,,,,,,,,,,,,,,,,,
4226,0.6515688896179199,,,,,,,,0.37036991119384766,,,3.745120048522949,,,,,0.7249569892883301,,,,,,,,0.6796009540557861,,,0.37523794174194336,,,0.31243276596069336,,,,,,,,,,,,,,,,,,,
4227,1.4299798011779785,,,,,,,,0.3488330841064453,,,0.7003369331359863,,,,,1.1254591941833496,,,,,,,,0.9479501247406006,,,0.38298606872558594,,,0.34275031089782715,,,,,,,,,,,,,,,,,,,
4228,0.671090841293335,,,,,,,,0.37409496307373047,,,1.4549472332000732,,,,,1.5750749111175537,,,,,,,,0.6899077892303467,,,0.4163849353790283,,,0.2925248146057129,,,,,,,,,,,,,,,,,,,
4229,0.6451959609985352,,,,,,,,0.3791491985321045,,,0.8074870109558105,,,,,0.6607277393341064,,,,,,,,0.6909730434417725,,,0.37025880813598633,,,0.31253790855407715,,,,,,,,,,,,,,,,,,,
4230,0.6990070343017578,,,,,,,,0.3616361618041992,,,1.7952690124511719,,,,,1.692162036895752,,,,,,,,3.3953750133514404,,,0.3669309616088867,,,0.29997801780700684,,,,,,,,,,,,,,,,,,,
4231,1.179933786392212,,,,,,,,0.3647348880767822,,,0.6429979801177979,,,,,0.6575219631195068,,,,,,,,0.6918580532073975,,,0.3802318572998047,,,0.29538893699645996,,,,,,,,,,,,,,,,,,,
4232,0.669356107711792,,,,,,,,0.3538200855255127,,,0.7109110355377197,,,,,1.9786620140075684,,,,,,,,11.226286888122559,,,0.39130687713623047,,,3.350770950317383,,,,,,,,,,,,,,,,,,,
4233,0.2967228889465332,,,,,,,,0.3660120964050293,,,0.8614330291748047,,,,,0.6785719394683838,,,,,,,,1.5605907440185547,,,0.3948988914489746,,,0.29372501373291016,,,,,,,,,,,,,,,,,,,
4234,1.1505820751190186,,,,,,,,0.3739500045776367,,,3.985305070877075,,,,,1.9886987209320068,,,,,,,,1.6433541774749756,,,0.3715708255767822,,,0.34290099143981934,,,,,,,,,,,,,,,,,,,
4235,0.2879502773284912,,,,,,,,0.36950087547302246,,,1.5633111000061035,,,,,0.6526720523834229,,,,,,,,0.6772832870483398,,,0.3896162509918213,,,0.29352569580078125,,,,,,,,,,,,,,,,,,,
4236,0.6799459457397461,,,,,,,,0.377957820892334,,,0.673771858215332,,,,,0.6681756973266602,,,,,,,,0.6964659690856934,,,0.37672901153564453,,,0.31191015243530273,,,,,,,,,,,,,,,,,,,
4237,0.6536240577697754,,,,,,,,0.3571808338165283,,,0.755861759185791,,,,,6.708796977996826,,,,,,,,0.7019326686859131,,,0.37345194816589355,,,0.29612183570861816,,,,,,,,,,,,,,,,,,,
4238,0.649144172668457,,,,,,,,0.37334108352661133,,,1.4723680019378662,,,,,2.02656888961792,,,,,,,,0.7518930435180664,,,0.40199804306030273,,,0.3130638599395752,,,,,,,,,,,,,,,,,,,
4239,0.6775481700897217,,,,,,,,0.3951759338378906,,,1.816723108291626,,,,,0.6656990051269531,,,,,,,,1.2154607772827148,,,0.3782320022583008,,,0.3183600902557373,,,,,,,,,,,,,,,,,,,
4240,0.6595237255096436,,,,,,,,0.3722047805786133,,,0.6823909282684326,,,,,4.099077939987183,,,,,,,,0.6745710372924805,,,0.3937859535217285,,,0.29276418685913086,,,,,,,,,,,,,,,,,,,
4241,1.4697041511535645,,,,,,,,0.35356712341308594,,,1.4667000770568848,,,,,1.147979974746704,,,,,,,,22.95815896987915,,,0.3981819152832031,,,1.1303088665008545,,,,,,,,,,,,,,,,,,,
4242,1.4650518894195557,,,,,,,,0.3775637149810791,,,1.6269569396972656,,,,,4.919780969619751,,,,,,,,6.341303110122681,,,0.3947477340698242,,,0.2881028652191162,,,,,,,,,,,,,,,,,,,
4243,0.6773431301116943,,,,,,,,0.357043981552124,,,0.6953699588775635,,,,,1.5122570991516113,,,,,,,,0.7549057006835938,,,0.42833614349365234,,,0.3029768466949463,,,,,,,,,,,,,,,,,,,
4244,0.6826269626617432,,,,,,,,0.38091278076171875,,,0.6847012042999268,,,,,1.8289458751678467,,,,,,,,2.095900058746338,,,0.37299203872680664,,,0.30898308753967285,,,,,,,,,,,,,,,,,,,
4245,0.6956772804260254,,,,,,,,0.3752021789550781,,,1.6406137943267822,,,,,0.6633989810943604,,,,,,,,0.6932799816131592,,,0.37421274185180664,,,0.3130791187286377,,,,,,,,,,,,,,,,,,,
4246,0.6328270435333252,,,,,,,,0.3705611228942871,,,1.5146050453186035,,,,,2.791790008544922,,,,,,,,2.8456640243530273,,,0.374542236328125,,,0.2932131290435791,,,,,,,,,,,,,,,,,,,
4247,0.29489994049072266,,,,,,,,0.3565850257873535,,,0.6924841403961182,,,,,3.6272459030151367,,,,,,,,0.7456037998199463,,,0.3807060718536377,,,0.30932092666625977,,,,,,,,,,,,,,,,,,,
4248,0.6994760036468506,,,,,,,,0.35062384605407715,,,2.4767513275146484,,,,,1.1306769847869873,,,,,,,,3.8551831245422363,,,0.42348408699035645,,,0.31142401695251465,,,,,,,,,,,,,,,,,,,
4249,0.6706891059875488,,,,,,,,0.38092613220214844,,,0.6684560775756836,,,,,2.7734551429748535,,,,,,,,3.6183581352233887,,,0.41040492057800293,,,0.295367956161499,,,,,,,,,,,,,,,,,,,
4250,0.6492819786071777,,,,,,,,0.3744230270385742,,,4.510619878768921,,,,,0.7009878158569336,,,,,,,,1.1638121604919434,,,0.4224889278411865,,,0.3139019012451172,,,,,,,,,,,,,,,,,,,
4251,0.676760196685791,,,,,,,,0.35779714584350586,,,1.5009808540344238,,,,,2.3753647804260254,,,,,,,,2.473703384399414,,,0.3968839645385742,,,0.3038918972015381,,,,,,,,,,,,,,,,,,,
4252,0.6557660102844238,,,,,,,,0.37864017486572266,,,1.9164960384368896,,,,,8.302588939666748,,,,,,,,0.7729830741882324,,,0.3866307735443115,,,0.4399387836456299,,,,,,,,,,,,,,,,,,,
4253,0.6974442005157471,,,,,,,,0.3570899963378906,,,0.6771490573883057,,,,,0.684791088104248,,,,,,,,5.170368909835815,,,0.43947720527648926,,,2.050819158554077,,,,,,,,,,,,,,,,,,,
4254,0.6211252212524414,,,,,,,,0.38091611862182617,,,1.2148489952087402,,,,,6.794593811035156,,,,,,,,2.0684549808502197,,,0.4036240577697754,,,0.3170199394226074,,,,,,,,,,,,,,,,,,,
4255,1.450592041015625,,,,,,,,0.36817312240600586,,,0.6768488883972168,,,,,1.1427879333496094,,,,,,,,1.5633389949798584,,,0.41129326820373535,,,0.31008005142211914,,,,,,,,,,,,,,,,,,,
4256,0.6528279781341553,,,,,,,,0.35077977180480957,,,1.8382670879364014,,,,,3.6450071334838867,,,,,,,,2.5067756175994873,,,0.4117879867553711,,,0.29810094833374023,,,,,,,,,,,,,,,,,,,
4257,0.6528010368347168,,,,,,,,0.3756999969482422,,,0.6890828609466553,,,,,0.6729168891906738,,,,,,,,2.4468748569488525,,,0.41490983963012695,,,0.3050360679626465,,,,,,,,,,,,,,,,,,,
4258,0.6333229541778564,,,,,,,,0.3640146255493164,,,1.8735847473144531,,,,,0.6360828876495361,,,,,,,,1.7041757106781006,,,0.4413151741027832,,,0.29030513763427734,,,,,,,,,,,,,,,,,,,
4259,0.6543290615081787,,,,,,,,0.3983778953552246,,,1.3994958400726318,,,,,5.128124952316284,,,,,,,,3.791900157928467,,,0.40523386001586914,,,0.3350400924682617,,,,,,,,,,,,,,,,,,,
4260,0.6523211002349854,,,,,,,,0.3588738441467285,,,0.6761088371276855,,,,,9.558095693588257,,,,,,,,2.4526710510253906,,,0.3794429302215576,,,0.2976100444793701,,,,,,,,,,,,,,,,,,,
4261,1.2840330600738525,,,,,,,,0.3652522563934326,,,0.8202879428863525,,,,,2.4297409057617188,,,,,,,,1.913957118988037,,,0.4027397632598877,,,0.31252384185791016,,,,,,,,,,,,,,,,,,,
4262,0.6157310009002686,,,,,,,,0.35294389724731445,,,2.0892908573150635,,,,,15.919861078262329,,,,,,,,1.1985020637512207,,,0.3832371234893799,,,0.2918660640716553,,,,,,,,,,,,,,,,,,,
4263,0.6539831161499023,,,,,,,,0.3474140167236328,,,1.6247458457946777,,,,,3.2533397674560547,,,,,,,,1.2307348251342773,,,0.4101531505584717,,,0.3175172805786133,,,,,,,,,,,,,,,,,,,
4264,1.4493110179901123,,,,,,,,0.4006071090698242,,,0.7009677886962891,,,,,2.401702880859375,,,,,,,,1.6427099704742432,,,0.3793330192565918,,,0.31705594062805176,,,,,,,,,,,,,,,,,,,
4265,0.6492428779602051,,,,,,,,0.37810707092285156,,,0.6805539131164551,,,,,3.6309242248535156,,,,,,,,1.6406221389770508,,,0.40332698822021484,,,0.2934749126434326,,,,,,,,,,,,,,,,,,,
4266,0.6521179676055908,,,,,,,,0.3743710517883301,,,1.5451018810272217,,,,,1.9551987648010254,,,,,,,,1.5538020133972168,,,0.3991129398345947,,,0.3058199882507324,,,,,,,,,,,,,,,,,,,
4267,1.0026297569274902,,,,,,,,0.37792205810546875,,,0.6947410106658936,,,,,8.715601205825806,,,,,,,,2.4661970138549805,,,0.37497806549072266,,,0.2996070384979248,,,,,,,,,,,,,,,,,,,
4268,0.6323070526123047,,,,,,,,0.38190317153930664,,,0.809830904006958,,,,,19.923899173736572,,,,,,,,0.7004611492156982,,,0.42014479637145996,,,0.3182978630065918,,,,,,,,,,,,,,,,,,,
4269,1.4712440967559814,,,,,,,,0.39281797409057617,,,0.6851460933685303,,,,,1.9886760711669922,,,,,,,,1.1716270446777344,,,0.4070119857788086,,,0.33867502212524414,,,,,,,,,,,,,,,,,,,
4270,0.6230511665344238,,,,,,,,0.3638441562652588,,,1.445976972579956,,,,,12.776076078414917,,,,,,,,3.2625949382781982,,,0.3796818256378174,,,0.29390597343444824,,,,,,,,,,,,,,,,,,,
4271,0.31579113006591797,,,,,,,,0.35172486305236816,,,1.4231688976287842,,,,,1.1060349941253662,,,,,,,,2.948669910430908,,,0.38985490798950195,,,0.310183048248291,,,,,,,,,,,,,,,,,,,
4272,0.9494967460632324,,,,,,,,0.3576691150665283,,,0.6735420227050781,,,,,0.9323999881744385,,,,,,,,8.395212888717651,,,0.3985750675201416,,,0.29174184799194336,,,,,,,,,,,,,,,,,,,
4273,0.46718597412109375,,,,,,,,0.3606250286102295,,,1.2179608345031738,,,,,0.6302640438079834,,,,,,,,1.9783618450164795,,,0.42666196823120117,,,0.29444289207458496,,,,,,,,,,,,,,,,,,,
4274,0.31772518157958984,,,,,,,,0.39055371284484863,,,1.7885701656341553,,,,,7.156496047973633,,,,,,,,0.8153679370880127,,,0.3793458938598633,,,0.33251094818115234,,,,,,,,,,,,,,,,,,,
4275,0.37829089164733887,,,,,,,,0.3699812889099121,,,0.6897060871124268,,,,,22.002759218215942,,,,,,,,0.8116390705108643,,,0.3853797912597656,,,0.2987678050994873,,,,,,,,,,,,,,,,,,,
4276,1.2084789276123047,,,,,,,,0.3700559139251709,,,0.7157471179962158,,,,,21.890090942382812,,,,,,,,1.5381648540496826,,,0.3970038890838623,,,0.30700087547302246,,,,,,,,,,,,,,,,,,,
4277,0.6515629291534424,,,,,,,,0.3499290943145752,,,0.6825511455535889,,,,,21.79936909675598,,,,,,,,19.093095064163208,,,0.3806889057159424,,,0.3037078380584717,,,,,,,,,,,,,,,,,,,
4278,0.6684942245483398,,,,,,,,0.3568391799926758,,,1.9436612129211426,,,,,1.8020861148834229,,,,,,,,1.184098720550537,,,0.42514824867248535,,,0.3097672462463379,,,,,,,,,,,,,,,,,,,
4279,0.3337540626525879,,,,,,,,0.38269734382629395,,,1.3822028636932373,,,,,21.95982265472412,,,,,,,,1.2088780403137207,,,0.4061281681060791,,,0.31574201583862305,,,,,,,,,,,,,,,,,,,
4280,0.6522338390350342,,,,,,,,0.37083888053894043,,,2.0629422664642334,,,,,21.875866174697876,,,,,,,,6.839648008346558,,,0.38330602645874023,,,0.28775978088378906,,,,,,,,,,,,,,,,,,,
4281,0.6439518928527832,,,,,,,,0.37538933753967285,,,1.4390809535980225,,,,,21.872355937957764,,,,,,,,0.699882984161377,,,0.3791201114654541,,,0.3214247226715088,,,,,,,,,,,,,,,,,,,
4282,0.6537699699401855,,,,,,,,0.3558380603790283,,,0.6818499565124512,,,,,0.44125819206237793,,,,,,,,2.1407132148742676,,,0.3786439895629883,,,0.3149759769439697,,,,,,,,,,,,,,,,,,,
4283,0.7148489952087402,,,,,,,,0.35417699813842773,,,1.5571131706237793,,,,,21.82631230354309,,,,,,,,2.8970189094543457,,,0.430286169052124,,,0.29795098304748535,,,,,,,,,,,,,,,,,,,
4284,0.3766820430755615,,,,,,,,0.39937901496887207,,,1.8348510265350342,,,,,10.781485080718994,,,,,,,,3.8229198455810547,,,0.38271498680114746,,,0.3209199905395508,,,,,,,,,,,,,,,,,,,
4285,0.7209961414337158,,,,,,,,0.3515961170196533,,,0.6767270565032959,,,,,21.73130202293396,,,,,,,,8.63775086402893,,,0.38105082511901855,,,0.3100309371948242,,,,,,,,,,,,,,,,,,,
4286,0.6497647762298584,,,,,,,,0.35965394973754883,,,0.6913619041442871,,,,,0.10488295555114746,,,,,,,,3.860077142715454,,,0.37594008445739746,,,0.30370092391967773,,,,,,,,,,,,,,,,,,,
4287,0.3009200096130371,,,,,,,,0.35431408882141113,,,1.498335838317871,,,,,21.77934694290161,,,,,,,,2.1618356704711914,,,0.4135739803314209,,,0.2943408489227295,,,,,,,,,,,,,,,,,,,
4288,0.6610920429229736,,,,,,,,0.3744933605194092,,,2.3377127647399902,,,,,,,,,,,,,22.813294887542725,,,0.4110829830169678,,,0.30854129791259766,,,,,,,,,,,,,,,,,,,
4289,0.6551418304443359,,,,,,,,0.3970937728881836,,,1.5238888263702393,,,,,,,,,,,,,7.240058898925781,,,0.37813711166381836,,,0.3197059631347656,,,,,,,,,,,,,,,,,,,
4290,0.650583028793335,,,,,,,,0.35630106925964355,,,3.6873137950897217,,,,,,,,,,,,,8.646267890930176,,,0.39885497093200684,,,0.3114480972290039,,,,,,,,,,,,,,,,,,,
4291,0.7286829948425293,,,,,,,,0.35577893257141113,,,1.9016427993774414,,,,,,,,,,,,,1.1864650249481201,,,0.4004490375518799,,,0.29607295989990234,,,,,,,,,,,,,,,,,,,
4292,0.6845712661743164,,,,,,,,0.37163805961608887,,,1.5221648216247559,,,,,,,,,,,,,3.825814962387085,,,0.3940300941467285,,,0.3130452632904053,,,,,,,,,,,,,,,,,,,
4293,0.6543631553649902,,,,,,,,0.3532228469848633,,,0.6912381649017334,,,,,,,,,,,,,2.044196128845215,,,0.42965197563171387,,,0.29933691024780273,,,,,,,,,,,,,,,,,,,
4294,1.146545171737671,,,,,,,,0.39588117599487305,,,0.6878540515899658,,,,,,,,,,,,,22.888451099395752,,,0.3915390968322754,,,0.3320779800415039,,,,,,,,,,,,,,,,,,,
4295,0.30417919158935547,,,,,,,,0.35828471183776855,,,2.9888477325439453,,,,,,,,,,,,,2.8020992279052734,,,0.3795969486236572,,,0.2901158332824707,,,,,,,,,,,,,,,,,,,
4296,0.3686189651489258,,,,,,,,0.3721480369567871,,,0.7138090133666992,,,,,,,,,,,,,1.2107508182525635,,,0.37818479537963867,,,0.6916139125823975,,,,,,,,,,,,,,,,,,,
4297,0.6577808856964111,,,,,,,,0.363847017288208,,,0.6671700477600098,,,,,,,,,,,,,1.2288799285888672,,,0.3991661071777344,,,0.32718467712402344,,,,,,,,,,,,,,,,,,,
4298,0.31184983253479004,,,,,,,,0.3737940788269043,,,2.27751088142395,,,,,,,,,,,,,22.8529212474823,,,0.43007397651672363,,,0.7020912170410156,,,,,,,,,,,,,,,,,,,
4299,0.6708338260650635,,,,,,,,0.3974030017852783,,,1.4117579460144043,,,,,,,,,,,,,0.17714166641235352,,,0.3856852054595947,,,1.1602370738983154,,,,,,,,,,,,,,,,,,,
4300,0.6425800323486328,,,,,,,,0.3468501567840576,,,1.3421409130096436,,,,,,,,,,,,,2.050128221511841,,,0.40366196632385254,,,0.6783919334411621,,,,,,,,,,,,,,,,,,,
4301,0.6459288597106934,,,,,,,,0.36069798469543457,,,0.6667001247406006,,,,,,,,,,,,,3.3346481323242188,,,0.42020368576049805,,,0.31641197204589844,,,,,,,,,,,,,,,,,,,
4302,0.698784351348877,,,,,,,,0.3556380271911621,,,1.5786149501800537,,,,,,,,,,,,,2.0442497730255127,,,0.40167808532714844,,,0.31989240646362305,,,,,,,,,,,,,,,,,,,
4303,0.30092906951904297,,,,,,,,0.36968111991882324,,,1.175077199935913,,,,,,,,,,,,,3.7747998237609863,,,0.42374396324157715,,,0.31389284133911133,,,,,,,,,,,,,,,,,,,
4304,0.6573231220245361,,,,,,,,0.39088916778564453,,,0.6918540000915527,,,,,,,,,,,,,13.765447854995728,,,0.39364099502563477,,,0.3458881378173828,,,,,,,,,,,,,,,,,,,
4305,0.6822409629821777,,,,,,,,0.3765139579772949,,,0.6889998912811279,,,,,,,,,,,,,19.003169059753418,,,0.41561007499694824,,,0.31960201263427734,,,,,,,,,,,,,,,,,,,
4306,0.6591527462005615,,,,,,,,0.352215051651001,,,0.8929529190063477,,,,,,,,,,,,,22.785030126571655,,,0.412416934967041,,,0.29239606857299805,,,,,,,,,,,,,,,,,,,
4307,1.2029659748077393,,,,,,,,0.3482699394226074,,,1.516427993774414,,,,,,,,,,,,,22.851624011993408,,,0.40746617317199707,,,0.2934441566467285,,,,,,,,,,,,,,,,,,,
4308,0.669008731842041,,,,,,,,0.36359405517578125,,,0.6911230087280273,,,,,,,,,,,,,22.986983060836792,,,0.4453461170196533,,,0.3367009162902832,,,,,,,,,,,,,,,,,,,
4309,0.6718783378601074,,,,,,,,0.3906240463256836,,,1.396902322769165,,,,,,,,,,,,,22.776252031326294,,,0.3750340938568115,,,0.27508997917175293,,,,,,,,,,,,,,,,,,,
4310,0.4845888614654541,,,,,,,,0.37597012519836426,,,1.1932590007781982,,,,,,,,,,,,,1.4832782745361328,,,0.3806939125061035,,,0.33417677879333496,,,,,,,,,,,,,,,,,,,
4311,0.6770341396331787,,,,,,,,0.35689711570739746,,,1.4912099838256836,,,,,,,,,,,,,22.816881895065308,,,0.3728501796722412,,,0.7162308692932129,,,,,,,,,,,,,,,,,,,
4312,1.1389429569244385,,,,,,,,0.3583250045776367,,,0.6838419437408447,,,,,,,,,,,,,,,,0.3877241611480713,,,0.3780808448791504,,,,,,,,,,,,,,,,,,,
4313,0.29910993576049805,,,,,,,,0.3686850070953369,,,1.1500580310821533,,,,,,,,,,,,,,,,0.4002659320831299,,,0.2995469570159912,,,,,,,,,,,,,,,,,,,
4314,0.6349821090698242,,,,,,,,0.40056800842285156,,,0.7284538745880127,,,,,,,,,,,,,,,,0.3909261226654053,,,0.31406307220458984,,,,,,,,,,,,,,,,,,,
4315,0.6320078372955322,,,,,,,,0.351438045501709,,,2.293503999710083,,,,,,,,,,,,,,,,0.39752697944641113,,,0.6510679721832275,,,,,,,,,,,,,,,,,,,
4316,0.7751359939575195,,,,,,,,0.3565080165863037,,,0.6737620830535889,,,,,,,,,,,,,,,,0.37364792823791504,,,0.31473708152770996,,,,,,,,,,,,,,,,,,,
4317,1.6228740215301514,,,,,,,,0.36834716796875,,,0.6856949329376221,,,,,,,,,,,,,,,,0.3886148929595947,,,0.2939441204071045,,,,,,,,,,,,,,,,,,,
4318,1.626194953918457,,,,,,,,0.3771860599517822,,,0.6857259273529053,,,,,,,,,,,,,,,,0.3979029655456543,,,1.5381388664245605,,,,,,,,,,,,,,,,,,,
4319,0.7381558418273926,,,,,,,,0.38139796257019043,,,1.5404071807861328,,,,,,,,,,,,,,,,0.36876606941223145,,,0.3229520320892334,,,,,,,,,,,,,,,,,,,
4320,0.3816080093383789,,,,,,,,0.3577432632446289,,,0.7053079605102539,,,,,,,,,,,,,,,,0.38543200492858887,,,0.2994201183319092,,,,,,,,,,,,,,,,,,,
4321,0.6715950965881348,,,,,,,,0.3614521026611328,,,1.5295159816741943,,,,,,,,,,,,,,,,0.36873912811279297,,,1.5363702774047852,,,,,,,,,,,,,,,,,,,
4322,0.6482188701629639,,,,,,,,0.35030603408813477,,,0.7067608833312988,,,,,,,,,,,,,,,,0.3944549560546875,,,0.3173191547393799,,,,,,,,,,,,,,,,,,,
4323,0.6529040336608887,,,,,,,,0.37202000617980957,,,0.6916389465332031,,,,,,,,,,,,,,,,0.3955702781677246,,,0.3172290325164795,,,,,,,,,,,,,,,,,,,
4324,0.49509286880493164,,,,,,,,0.398590087890625,,,1.5362658500671387,,,,,,,,,,,,,,,,0.3710968494415283,,,0.6875729560852051,,,,,,,,,,,,,,,,,,,
4325,0.4113788604736328,,,,,,,,0.358165979385376,,,1.4139199256896973,,,,,,,,,,,,,,,,0.3828010559082031,,,1.5329229831695557,,,,,,,,,,,,,,,,,,,
4326,0.480910062789917,,,,,,,,0.35736680030822754,,,4.67005181312561,,,,,,,,,,,,,,,,0.3698129653930664,,,0.3123440742492676,,,,,,,,,,,,,,,,,,,
4327,0.30777597427368164,,,,,,,,0.37090420722961426,,,1.1807279586791992,,,,,,,,,,,,,,,,0.373244047164917,,,0.3200571537017822,,,,,,,,,,,,,,,,,,,
4328,0.6370458602905273,,,,,,,,0.37413978576660156,,,1.5461480617523193,,,,,,,,,,,,,,,,0.4184260368347168,,,0.35837602615356445,,,,,,,,,,,,,,,,,,,
4329,1.1939172744750977,,,,,,,,0.40422892570495605,,,0.6811389923095703,,,,,,,,,,,,,,,,0.37079334259033203,,,0.6732168197631836,,,,,,,,,,,,,,,,,,,
4330,1.4728667736053467,,,,,,,,0.35161399841308594,,,0.7523820400238037,,,,,,,,,,,,,,,,0.3669288158416748,,,0.3332180976867676,,,,,,,,,,,,,,,,,,,
4331,0.6757478713989258,,,,,,,,0.3558981418609619,,,1.1770877838134766,,,,,,,,,,,,,,,,0.3913552761077881,,,0.2962460517883301,,,,,,,,,,,,,,,,,,,
4332,0.3613121509552002,,,,,,,,0.35422492027282715,,,1.5222668647766113,,,,,,,,,,,,,,,,0.37708091735839844,,,0.3077530860900879,,,,,,,,,,,,,,,,,,,
4333,2.2918410301208496,,,,,,,,0.37468814849853516,,,0.7005980014801025,,,,,,,,,,,,,,,,0.3879067897796631,,,0.28914403915405273,,,,,,,,,,,,,,,,,,,
4334,1.4973468780517578,,,,,,,,0.39815402030944824,,,1.473229169845581,,,,,,,,,,,,,,,,0.3919949531555176,,,0.31040000915527344,,,,,,,,,,,,,,,,,,,
4335,1.4716598987579346,,,,,,,,0.3554210662841797,,,1.5170738697052002,,,,,,,,,,,,,,,,0.367387056350708,,,0.32484984397888184,,,,,,,,,,,,,,,,,,,
4336,0.6685099601745605,,,,,,,,0.3554718494415283,,,0.6690821647644043,,,,,,,,,,,,,,,,0.37201595306396484,,,0.29933595657348633,,,,,,,,,,,,,,,,,,,
4337,0.6772048473358154,,,,,,,,0.35358476638793945,,,2.1084728240966797,,,,,,,,,,,,,,,,0.3834688663482666,,,0.3120427131652832,,,,,,,,,,,,,,,,,,,
4338,1.4635860919952393,,,,,,,,0.36760997772216797,,,1.5196590423583984,,,,,,,,,,,,,,,,0.4145548343658447,,,0.295396089553833,,,,,,,,,,,,,,,,,,,
4339,0.6505270004272461,,,,,,,,0.4024851322174072,,,0.7127389907836914,,,,,,,,,,,,,,,,0.394442081451416,,,0.32923078536987305,,,,,,,,,,,,,,,,,,,
4340,1.126067876815796,,,,,,,,0.356640100479126,,,0.6837131977081299,,,,,,,,,,,,,,,,0.3904099464416504,,,0.6853740215301514,,,,,,,,,,,,,,,,,,,
4341,0.2923848628997803,,,,,,,,0.3709559440612793,,,0.6947939395904541,,,,,,,,,,,,,,,,0.39288902282714844,,,0.3541450500488281,,,,,,,,,,,,,,,,,,,
4342,0.4101431369781494,,,,,,,,0.3735799789428711,,,1.4683048725128174,,,,,,,,,,,,,,,,0.3929860591888428,,,0.6505270004272461,,,,,,,,,,,,,,,,,,,
4343,1.4958350658416748,,,,,,,,0.3557431697845459,,,0.688633918762207,,,,,,,,,,,,,,,,0.43271398544311523,,,0.29149889945983887,,,,,,,,,,,,,,,,,,,
4344,0.32738614082336426,,,,,,,,0.375629186630249,,,0.7398040294647217,,,,,,,,,,,,,,,,0.41370201110839844,,,0.6995141506195068,,,,,,,,,,,,,,,,,,,
4345,0.31899094581604004,,,,,,,,0.35816216468811035,,,0.7561233043670654,,,,,,,,,,,,,,,,0.4083850383758545,,,0.6733906269073486,,,,,,,,,,,,,,,,,,,
4346,0.8773641586303711,,,,,,,,0.3736391067504883,,,1.5198631286621094,,,,,,,,,,,,,,,,0.38641905784606934,,,0.34337592124938965,,,,,,,,,,,,,,,,,,,
4347,0.7515699863433838,,,,,,,,0.3703038692474365,,,2.1983280181884766,,,,,,,,,,,,,,,,0.4027888774871826,,,0.31064295768737793,,,,,,,,,,,,,,,,,,,
4348,0.6795189380645752,,,,,,,,0.3566410541534424,,,1.522974967956543,,,,,,,,,,,,,,,,0.41019201278686523,,,0.31529903411865234,,,,,,,,,,,,,,,,,,,
4349,0.3536109924316406,,,,,,,,0.38299083709716797,,,1.4918489456176758,,,,,,,,,,,,,,,,0.3869471549987793,,,0.3330512046813965,,,,,,,,,,,,,,,,,,,
4350,1.4589781761169434,,,,,,,,0.3636908531188965,,,0.6657111644744873,,,,,,,,,,,,,,,,0.40170717239379883,,,1.519449234008789,,,,,,,,,,,,,,,,,,,
4351,1.1763200759887695,,,,,,,,0.3709251880645752,,,1.43255615234375,,,,,,,,,,,,,,,,0.40090489387512207,,,1.0971620082855225,,,,,,,,,,,,,,,,,,,
4352,0.6785790920257568,,,,,,,,0.351550817489624,,,2.918107271194458,,,,,,,,,,,,,,,,0.38530683517456055,,,0.3097970485687256,,,,,,,,,,,,,,,,,,,
4353,1.0152559280395508,,,,,,,,0.3722820281982422,,,1.385392189025879,,,,,,,,,,,,,,,,0.41358208656311035,,,0.39443302154541016,,,,,,,,,,,,,,,,,,,
4354,0.6314668655395508,,,,,,,,0.3822011947631836,,,2.9581360816955566,,,,,,,,,,,,,,,,0.40120387077331543,,,0.6874470710754395,,,,,,,,,,,,,,,,,,,
4355,0.6771271228790283,,,,,,,,0.3579227924346924,,,1.1920711994171143,,,,,,,,,,,,,,,,0.376004695892334,,,1.4833900928497314,,,,,,,,,,,,,,,,,,,
4356,0.6552071571350098,,,,,,,,0.36191678047180176,,,1.61326003074646,,,,,,,,,,,,,,,,0.3809370994567871,,,0.6494698524475098,,,,,,,,,,,,,,,,,,,
4357,0.6325440406799316,,,,,,,,0.355820894241333,,,1.5494022369384766,,,,,,,,,,,,,,,,0.39386415481567383,,,0.29685282707214355,,,,,,,,,,,,,,,,,,,
4358,0.6932029724121094,,,,,,,,0.3723108768463135,,,1.6143898963928223,,,,,,,,,,,,,,,,0.4212639331817627,,,0.2890439033508301,,,,,,,,,,,,,,,,,,,
4359,0.6293990612030029,,,,,,,,0.37926697731018066,,,0.693856954574585,,,,,,,,,,,,,,,,0.3991999626159668,,,0.31777286529541016,,,,,,,,,,,,,,,,,,,
4360,0.8385400772094727,,,,,,,,0.3575468063354492,,,1.496016263961792,,,,,,,,,,,,,,,,0.3891167640686035,,,1.1558446884155273,,,,,,,,,,,,,,,,,,,
4361,0.6535849571228027,,,,,,,,0.3786928653717041,,,5.608701944351196,,,,,,,,,,,,,,,,0.38804006576538086,,,0.7174389362335205,,,,,,,,,,,,,,,,,,,
4362,0.671964168548584,,,,,,,,0.3571481704711914,,,0.6890690326690674,,,,,,,,,,,,,,,,0.37601304054260254,,,0.6743831634521484,,,,,,,,,,,,,,,,,,,
4363,0.6484370231628418,,,,,,,,0.35422301292419434,,,1.5162968635559082,,,,,,,,,,,,,,,,0.42611193656921387,,,0.29531192779541016,,,,,,,,,,,,,,,,,,,
4364,0.6534271240234375,,,,,,,,0.396730899810791,,,1.2234067916870117,,,,,,,,,,,,,,,,0.38677501678466797,,,0.33716511726379395,,,,,,,,,,,,,,,,,,,
4365,0.6685769557952881,,,,,,,,0.37377309799194336,,,1.510329008102417,,,,,,,,,,,,,,,,0.38359808921813965,,,0.31753110885620117,,,,,,,,,,,,,,,,,,,
4366,0.6756789684295654,,,,,,,,0.349884033203125,,,1.5482072830200195,,,,,,,,,,,,,,,,0.3978555202484131,,,0.29576706886291504,,,,,,,,,,,,,,,,,,,
4367,0.6703381538391113,,,,,,,,0.35704898834228516,,,2.025102138519287,,,,,,,,,,,,,,,,0.37726306915283203,,,0.31522417068481445,,,,,,,,,,,,,,,,,,,
4368,0.3187389373779297,,,,,,,,0.37363195419311523,,,2.0122339725494385,,,,,,,,,,,,,,,,0.43327784538269043,,,0.3003358840942383,,,,,,,,,,,,,,,,,,,
4369,0.6592059135437012,,,,,,,,0.39794111251831055,,,1.5196032524108887,,,,,,,,,,,,,,,,0.39795708656311035,,,0.30970072746276855,,,,,,,,,,,,,,,,,,,
4370,0.8889181613922119,,,,,,,,0.3591470718383789,,,2.423159122467041,,,,,,,,,,,,,,,,0.37767887115478516,,,0.29915285110473633,,,,,,,,,,,,,,,,,,,
4371,0.6362669467926025,,,,,,,,0.35271406173706055,,,1.8828041553497314,,,,,,,,,,,,,,,,0.3864889144897461,,,0.31060314178466797,,,,,,,,,,,,,,,,,,,
4372,0.6522922515869141,,,,,,,,0.3730740547180176,,,1.5153038501739502,,,,,,,,,,,,,,,,0.40141916275024414,,,0.3010518550872803,,,,,,,,,,,,,,,,,,,
4373,0.6536190509796143,,,,,,,,0.3527252674102783,,,0.6799013614654541,,,,,,,,,,,,,,,,0.424976110458374,,,0.31699299812316895,,,,,,,,,,,,,,,,,,,
4374,0.7024388313293457,,,,,,,,0.3931996822357178,,,1.5266478061676025,,,,,,,,,,,,,,,,0.3962528705596924,,,0.3175320625305176,,,,,,,,,,,,,,,,,,,
4375,0.3218820095062256,,,,,,,,0.35912203788757324,,,1.541551113128662,,,,,,,,,,,,,,,,0.40312886238098145,,,0.315654993057251,,,,,,,,,,,,,,,,,,,
4376,0.6066570281982422,,,,,,,,0.37326693534851074,,,1.515990972518921,,,,,,,,,,,,,,,,0.3824949264526367,,,0.2871260643005371,,,,,,,,,,,,,,,,,,,
4377,0.3203132152557373,,,,,,,,0.37192511558532715,,,1.5167319774627686,,,,,,,,,,,,,,,,0.3781707286834717,,,0.2959749698638916,,,,,,,,,,,,,,,,,,,
4378,0.656505823135376,,,,,,,,0.3565990924835205,,,2.924928903579712,,,,,,,,,,,,,,,,0.40631890296936035,,,0.30764174461364746,,,,,,,,,,,,,,,,,,,
4379,0.649644136428833,,,,,,,,0.37967610359191895,,,0.6782970428466797,,,,,,,,,,,,,,,,0.402987003326416,,,0.3050370216369629,,,,,,,,,,,,,,,,,,,
4380,0.619575023651123,,,,,,,,0.3719010353088379,,,1.5432240962982178,,,,,,,,,,,,,,,,0.3955230712890625,,,0.34775400161743164,,,,,,,,,,,,,,,,,,,
4381,1.4970502853393555,,,,,,,,0.3542749881744385,,,1.2531781196594238,,,,,,,,,,,,,,,,0.4034700393676758,,,0.3030250072479248,,,,,,,,,,,,,,,,,,,
4382,0.6577599048614502,,,,,,,,0.3689901828765869,,,1.5377779006958008,,,,,,,,,,,,,,,,0.3840157985687256,,,0.31818222999572754,,,,,,,,,,,,,,,,,,,
4383,0.6285860538482666,,,,,,,,0.36217689514160156,,,2.8843839168548584,,,,,,,,,,,,,,,,0.41083431243896484,,,0.30929017066955566,,,,,,,,,,,,,,,,,,,
4384,0.7855689525604248,,,,,,,,0.3817868232727051,,,2.359381914138794,,,,,,,,,,,,,,,,0.4023139476776123,,,0.2918388843536377,,,,,,,,,,,,,,,,,,,
4385,0.38240623474121094,,,,,,,,0.3712449073791504,,,1.514258861541748,,,,,,,,,,,,,,,,0.38300299644470215,,,0.3163909912109375,,,,,,,,,,,,,,,,,,,
4386,1.12968111038208,,,,,,,,0.3538079261779785,,,1.2967770099639893,,,,,,,,,,,,,,,,0.3945481777191162,,,0.31455111503601074,,,,,,,,,,,,,,,,,,,
4387,0.6529421806335449,,,,,,,,0.3566930294036865,,,0.7115752696990967,,,,,,,,,,,,,,,,0.39635396003723145,,,0.31967735290527344,,,,,,,,,,,,,,,,,,,
4388,1.9013051986694336,,,,,,,,0.35094499588012695,,,1.2126810550689697,,,,,,,,,,,,,,,,0.4578089714050293,,,0.31244325637817383,,,,,,,,,,,,,,,,,,,
4389,0.6545059680938721,,,,,,,,0.3973259925842285,,,1.5233979225158691,,,,,,,,,,,,,,,,0.4206528663635254,,,0.7087922096252441,,,,,,,,,,,,,,,,,,,
4390,0.6902587413787842,,,,,,,,0.37216711044311523,,,1.301793098449707,,,,,,,,,,,,,,,,0.4256448745727539,,,1.0624079704284668,,,,,,,,,,,,,,,,,,,
4391,1.1124999523162842,,,,,,,,0.35881686210632324,,,1.5053491592407227,,,,,,,,,,,,,,,,0.4026448726654053,,,0.29999375343322754,,,,,,,,,,,,,,,,,,,
4392,0.3885350227355957,,,,,,,,0.354168176651001,,,1.5109670162200928,,,,,,,,,,,,,,,,0.39658594131469727,,,0.3294498920440674,,,,,,,,,,,,,,,,,,,
4393,1.4764091968536377,,,,,,,,0.372509241104126,,,1.5145440101623535,,,,,,,,,,,,,,,,0.4448378086090088,,,0.6765282154083252,,,,,,,,,,,,,,,,,,,
4394,1.9486749172210693,,,,,,,,0.39821791648864746,,,1.5438568592071533,,,,,,,,,,,,,,,,0.41130900382995605,,,0.31859374046325684,,,,,,,,,,,,,,,,,,,
4395,0.6738932132720947,,,,,,,,0.35564708709716797,,,1.5293910503387451,,,,,,,,,,,,,,,,0.42923784255981445,,,0.2963829040527344,,,,,,,,,,,,,,,,,,,
4396,0.7710070610046387,,,,,,,,0.3529999256134033,,,1.5361390113830566,,,,,,,,,,,,,,,,0.40038299560546875,,,0.3166337013244629,,,,,,,,,,,,,,,,,,,
4397,0.31235694885253906,,,,,,,,0.3691518306732178,,,1.2057468891143799,,,,,,,,,,,,,,,,0.3879082202911377,,,0.31857800483703613,,,,,,,,,,,,,,,,,,,
4398,1.5080928802490234,,,,,,,,0.3756279945373535,,,0.6838850975036621,,,,,,,,,,,,,,,,0.40994787216186523,,,0.30014801025390625,,,,,,,,,,,,,,,,,,,
4399,1.1568777561187744,,,,,,,,0.38215208053588867,,,1.4952590465545654,,,,,,,,,,,,,,,,0.3790450096130371,,,0.32932090759277344,,,,,,,,,,,,,,,,,,,
4400,3.6476590633392334,,,,,,,,0.35514211654663086,,,0.6609208583831787,,,,,,,,,,,,,,,,0.4015331268310547,,,0.297590970993042,,,,,,,,,,,,,,,,,,,
4401,2.3637681007385254,,,,,,,,0.37325096130371094,,,0.669975996017456,,,,,,,,,,,,,,,,0.388308048248291,,,0.2983057498931885,,,,,,,,,,,,,,,,,,,
4402,0.6513242721557617,,,,,,,,0.36835193634033203,,,1.2243211269378662,,,,,,,,,,,,,,,,0.38547396659851074,,,0.6801328659057617,,,,,,,,,,,,,,,,,,,
4403,0.6312651634216309,,,,,,,,0.35306501388549805,,,0.6943328380584717,,,,,,,,,,,,,,,,0.4232330322265625,,,0.7138528823852539,,,,,,,,,,,,,,,,,,,
4404,1.9464311599731445,,,,,,,,0.3832378387451172,,,0.6754350662231445,,,,,,,,,,,,,,,,0.4033689498901367,,,0.3635108470916748,,,,,,,,,,,,,,,,,,,
4405,1.8930630683898926,,,,,,,,0.37290120124816895,,,1.5359232425689697,,,,,,,,,,,,,,,,0.38379526138305664,,,0.289294958114624,,,,,,,,,,,,,,,,,,,
4406,0.36934804916381836,,,,,,,,0.3682119846343994,,,0.6862902641296387,,,,,,,,,,,,,,,,0.37587976455688477,,,0.7362978458404541,,,,,,,,,,,,,,,,,,,
4407,1.1002709865570068,,,,,,,,0.36809659004211426,,,1.516909122467041,,,,,,,,,,,,,,,,0.3782641887664795,,,0.33681797981262207,,,,,,,,,,,,,,,,,,,
4408,0.7482931613922119,,,,,,,,0.3757917881011963,,,1.5635159015655518,,,,,,,,,,,,,,,,0.4311349391937256,,,0.37056899070739746,,,,,,,,,,,,,,,,,,,
4409,0.8482310771942139,,,,,,,,0.40622520446777344,,,0.7103919982910156,,,,,,,,,,,,,,,,0.37645387649536133,,,0.7195188999176025,,,,,,,,,,,,,,,,,,,
4410,0.6903500556945801,,,,,,,,0.3498728275299072,,,0.6753017902374268,,,,,,,,,,,,,,,,0.3959519863128662,,,0.395129919052124,,,,,,,,,,,,,,,,,,,
4411,0.6117651462554932,,,,,,,,0.3572390079498291,,,1.5181670188903809,,,,,,,,,,,,,,,,0.3874471187591553,,,0.6920130252838135,,,,,,,,,,,,,,,,,,,
4412,1.8960330486297607,,,,,,,,0.35771608352661133,,,1.5444328784942627,,,,,,,,,,,,,,,,0.38351893424987793,,,0.3554539680480957,,,,,,,,,,,,,,,,,,,
4413,0.6204168796539307,,,,,,,,0.37313103675842285,,,0.9457049369812012,,,,,,,,,,,,,,,,0.4278872013092041,,,0.2854940891265869,,,,,,,,,,,,,,,,,,,
4414,2.3885257244110107,,,,,,,,0.397122859954834,,,0.6842989921569824,,,,,,,,,,,,,,,,0.377424955368042,,,0.29170989990234375,,,,,,,,,,,,,,,,,,,
4415,0.6559150218963623,,,,,,,,0.3560450077056885,,,0.6753630638122559,,,,,,,,,,,,,,,,0.3850250244140625,,,0.35295891761779785,,,,,,,,,,,,,,,,,,,
4416,1.9322068691253662,,,,,,,,0.37392306327819824,,,0.7048740386962891,,,,,,,,,,,,,,,,0.38300299644470215,,,0.7003898620605469,,,,,,,,,,,,,,,,,,,
4417,1.9101471900939941,,,,,,,,0.36780595779418945,,,1.2206919193267822,,,,,,,,,,,,,,,,0.404360294342041,,,0.7130460739135742,,,,,,,,,,,,,,,,,,,
4418,0.6859409809112549,,,,,,,,0.35202670097351074,,,1.3311669826507568,,,,,,,,,,,,,,,,0.4248387813568115,,,0.3136122226715088,,,,,,,,,,,,,,,,,,,
4419,0.7758629322052002,,,,,,,,0.39787888526916504,,,2.5204999446868896,,,,,,,,,,,,,,,,0.3934309482574463,,,0.38030195236206055,,,,,,,,,,,,,,,,,,,
4420,0.7559549808502197,,,,,,,,0.35842370986938477,,,1.5081980228424072,,,,,,,,,,,,,,,,0.38036513328552246,,,0.7006452083587646,,,,,,,,,,,,,,,,,,,
4421,1.1479320526123047,,,,,,,,0.3724222183227539,,,1.5892107486724854,,,,,,,,,,,,,,,,0.3646230697631836,,,0.33728814125061035,,,,,,,,,,,,,,,,,,,
4422,1.5090696811676025,,,,,,,,0.36751699447631836,,,1.5036213397979736,,,,,,,,,,,,,,,,0.3832707405090332,,,0.6897809505462646,,,,,,,,,,,,,,,,,,,
4423,2.349061965942383,,,,,,,,0.3665647506713867,,,1.490736961364746,,,,,,,,,,,,,,,,0.4180917739868164,,,0.379871129989624,,,,,,,,,,,,,,,,,,,
4424,0.6824381351470947,,,,,,,,0.40241098403930664,,,1.4818990230560303,,,,,,,,,,,,,,,,0.3936939239501953,,,0.34991002082824707,,,,,,,,,,,,,,,,,,,
4425,2.3519091606140137,,,,,,,,0.3521311283111572,,,1.515807867050171,,,,,,,,,,,,,,,,0.39672088623046875,,,0.32208704948425293,,,,,,,,,,,,,,,,,,,
4426,3.9900081157684326,,,,,,,,0.38083910942077637,,,1.5379250049591064,,,,,,,,,,,,,,,,0.3757319450378418,,,0.678246259689331,,,,,,,,,,,,,,,,,,,
4427,1.9216539859771729,,,,,,,,0.36792922019958496,,,0.7589020729064941,,,,,,,,,,,,,,,,0.4042999744415283,,,0.7339179515838623,,,,,,,,,,,,,,,,,,,
4428,0.6898300647735596,,,,,,,,0.3853456974029541,,,0.6974029541015625,,,,,,,,,,,,,,,,0.4085700511932373,,,0.3619561195373535,,,,,,,,,,,,,,,,,,,
4429,0.6320970058441162,,,,,,,,0.39053797721862793,,,1.5167219638824463,,,,,,,,,,,,,,,,0.36458897590637207,,,0.8528540134429932,,,,,,,,,,,,,,,,,,,
4430,0.6112723350524902,,,,,,,,0.37011289596557617,,,1.500763177871704,,,,,,,,,,,,,,,,0.37270092964172363,,,0.4597208499908447,,,,,,,,,,,,,,,,,,,
4431,1.1351242065429688,,,,,,,,0.35501599311828613,,,1.5275330543518066,,,,,,,,,,,,,,,,0.3727133274078369,,,0.28867292404174805,,,,,,,,,,,,,,,,,,,
4432,0.6292181015014648,,,,,,,,0.3574697971343994,,,0.668895959854126,,,,,,,,,,,,,,,,0.38715481758117676,,,0.33020687103271484,,,,,,,,,,,,,,,,,,,
4433,1.9390580654144287,,,,,,,,0.37828493118286133,,,1.5590088367462158,,,,,,,,,,,,,,,,0.410658597946167,,,0.3549528121948242,,,,,,,,,,,,,,,,,,,
4434,1.5133562088012695,,,,,,,,0.3791496753692627,,,1.5121588706970215,,,,,,,,,,,,,,,,0.37078094482421875,,,1.0042119026184082,,,,,,,,,,,,,,,,,,,
4435,0.6859607696533203,,,,,,,,0.3586399555206299,,,1.5003879070281982,,,,,,,,,,,,,,,,0.38628602027893066,,,0.6462399959564209,,,,,,,,,,,,,,,,,,,
4436,0.6010291576385498,,,,,,,,0.3681328296661377,,,0.6600451469421387,,,,,,,,,,,,,,,,0.3706040382385254,,,0.6712987422943115,,,,,,,,,,,,,,,,,,,
4437,1.1482620239257812,,,,,,,,0.37621593475341797,,,1.5240557193756104,,,,,,,,,,,,,,,,0.37368130683898926,,,0.6761331558227539,,,,,,,,,,,,,,,,,,,
4438,1.1055669784545898,,,,,,,,0.38198184967041016,,,2.563535213470459,,,,,,,,,,,,,,,,0.4153590202331543,,,0.6513519287109375,,,,,,,,,,,,,,,,,,,
4439,1.1010301113128662,,,,,,,,0.3894309997558594,,,7.608505725860596,,,,,,,,,,,,,,,,0.37500905990600586,,,0.8060741424560547,,,,,,,,,,,,,,,,,,,
4440,0.672515869140625,,,,,,,,0.3505370616912842,,,0.7220590114593506,,,,,,,,,,,,,,,,0.38524317741394043,,,0.6581990718841553,,,,,,,,,,,,,,,,,,,
4441,0.6492788791656494,,,,,,,,0.37215590476989746,,,0.6898901462554932,,,,,,,,,,,,,,,,0.3908519744873047,,,0.6374289989471436,,,,,,,,,,,,,,,,,,,
4442,1.1091408729553223,,,,,,,,0.357741117477417,,,0.6948380470275879,,,,,,,,,,,,,,,,0.3955841064453125,,,0.654911994934082,,,,,,,,,,,,,,,,,,,
4443,0.6648390293121338,,,,,,,,0.3811819553375244,,,1.5407609939575195,,,,,,,,,,,,,,,,0.39063405990600586,,,0.2913320064544678,,,,,,,,,,,,,,,,,,,
4444,2.359560966491699,,,,,,,,0.39977502822875977,,,1.5152461528778076,,,,,,,,,,,,,,,,0.3756530284881592,,,0.3159778118133545,,,,,,,,,,,,,,,,,,,
4445,1.1359302997589111,,,,,,,,0.37472105026245117,,,1.560920000076294,,,,,,,,,,,,,,,,0.39502906799316406,,,0.29586195945739746,,,,,,,,,,,,,,,,,,,
4446,0.612454891204834,,,,,,,,0.35706400871276855,,,0.6843001842498779,,,,,,,,,,,,,,,,0.36500096321105957,,,0.33095312118530273,,,,,,,,,,,,,,,,,,,
4447,1.1284680366516113,,,,,,,,0.35106420516967773,,,1.5435850620269775,,,,,,,,,,,,,,,,0.37072110176086426,,,0.4073143005371094,,,,,,,,,,,,,,,,,,,
4448,0.6951768398284912,,,,,,,,0.3714909553527832,,,0.6787919998168945,,,,,,,,,,,,,,,,0.41181397438049316,,,0.6557197570800781,,,,,,,,,,,,,,,,,,,
4449,1.9662909507751465,,,,,,,,0.4024989604949951,,,1.500568151473999,,,,,,,,,,,,,,,,0.38053417205810547,,,0.2887120246887207,,,,,,,,,,,,,,,,,,,
4450,0.31151509284973145,,,,,,,,0.35479307174682617,,,1.542285680770874,,,,,,,,,,,,,,,,0.3818848133087158,,,0.29928016662597656,,,,,,,,,,,,,,,,,,,
4451,0.6892740726470947,,,,,,,,0.3563697338104248,,,0.6609599590301514,,,,,,,,,,,,,,,,0.3625760078430176,,,0.6754050254821777,,,,,,,,,,,,,,,,,,,
4452,1.1095938682556152,,,,,,,,0.37352776527404785,,,0.3522648811340332,,,,,,,,,,,,,,,,0.3825700283050537,,,0.3307309150695801,,,,,,,,,,,,,,,,,,,
4453,0.6334939002990723,,,,,,,,0.36763525009155273,,,0.7057299613952637,,,,,,,,,,,,,,,,0.4173140525817871,,,0.3046550750732422,,,,,,,,,,,,,,,,,,,
4454,0.6016666889190674,,,,,,,,0.4072120189666748,,,1.7800090312957764,,,,,,,,,,,,,,,,0.3691411018371582,,,0.471052885055542,,,,,,,,,,,,,,,,,,,
4455,1.1119999885559082,,,,,,,,0.3560600280761719,,,1.5163660049438477,,,,,,,,,,,,,,,,0.3723478317260742,,,0.28228306770324707,,,,,,,,,,,,,,,,,,,
4456,0.6626267433166504,,,,,,,,0.37687015533447266,,,0.6741256713867188,,,,,,,,,,,,,,,,0.38610219955444336,,,0.31192898750305176,,,,,,,,,,,,,,,,,,,
4457,0.6623880863189697,,,,,,,,0.3733081817626953,,,0.6810991764068604,,,,,,,,,,,,,,,,0.3851161003112793,,,0.31555914878845215,,,,,,,,,,,,,,,,,,,
4458,1.1194088459014893,,,,,,,,0.3577561378479004,,,1.5325989723205566,,,,,,,,,,,,,,,,0.39220714569091797,,,0.6745028495788574,,,,,,,,,,,,,,,,,,,
4459,0.6475040912628174,,,,,,,,0.3867509365081787,,,1.5225462913513184,,,,,,,,,,,,,,,,0.3675839900970459,,,0.6734352111816406,,,,,,,,,,,,,,,,,,,
4460,0.623939037322998,,,,,,,,0.35732293128967285,,,1.5110299587249756,,,,,,,,,,,,,,,,0.38817310333251953,,,0.6497647762298584,,,,,,,,,,,,,,,,,,,
4461,1.9064881801605225,,,,,,,,0.3572258949279785,,,1.5199429988861084,,,,,,,,,,,,,,,,0.3912529945373535,,,0.708441972732544,,,,,,,,,,,,,,,,,,,
4462,0.6417999267578125,,,,,,,,0.34919118881225586,,,0.6689620018005371,,,,,,,,,,,,,,,,0.36887407302856445,,,0.6429040431976318,,,,,,,,,,,,,,,,,,,
4463,1.956615924835205,,,,,,,,0.37693071365356445,,,0.6588280200958252,,,,,,,,,,,,,,,,0.4192209243774414,,,0.31289219856262207,,,,,,,,,,,,,,,,,,,
4464,0.6597492694854736,,,,,,,,0.3900938034057617,,,0.6776258945465088,,,,,,,,,,,,,,,,0.3715367317199707,,,0.648857831954956,,,,,,,,,,,,,,,,,,,
4465,0.6514079570770264,,,,,,,,0.36986804008483887,,,1.5237910747528076,,,,,,,,,,,,,,,,0.36515283584594727,,,0.35149073600769043,,,,,,,,,,,,,,,,,,,
4466,0.6239538192749023,,,,,,,,0.35923099517822266,,,1.559117078781128,,,,,,,,,,,,,,,,0.37023305892944336,,,0.6497249603271484,,,,,,,,,,,,,,,,,,,
4467,2.287447929382324,,,,,,,,0.3798661231994629,,,1.6698331832885742,,,,,,,,,,,,,,,,0.39040088653564453,,,0.6304099559783936,,,,,,,,,,,,,,,,,,,
4468,0.6465170383453369,,,,,,,,0.35491418838500977,,,1.5222492218017578,,,,,,,,,,,,,,,,0.4001140594482422,,,0.29569292068481445,,,,,,,,,,,,,,,,,,,
4469,1.9666948318481445,,,,,,,,0.3809998035430908,,,0.6769237518310547,,,,,,,,,,,,,,,,0.3916201591491699,,,0.6358380317687988,,,,,,,,,,,,,,,,,,,
4470,1.4467442035675049,,,,,,,,0.3731708526611328,,,1.5440802574157715,,,,,,,,,,,,,,,,0.3946542739868164,,,0.6765842437744141,,,,,,,,,,,,,,,,,,,
4471,0.4187188148498535,,,,,,,,0.36371397972106934,,,1.4763240814208984,,,,,,,,,,,,,,,,0.39782214164733887,,,0.30553603172302246,,,,,,,,,,,,,,,,,,,
4472,1.8976349830627441,,,,,,,,0.377561092376709,,,0.6810503005981445,,,,,,,,,,,,,,,,0.41637396812438965,,,0.6701681613922119,,,,,,,,,,,,,,,,,,,
4473,0.9736170768737793,,,,,,,,0.3619236946105957,,,0.687593936920166,,,,,,,,,,,,,,,,0.41629910469055176,,,0.29689884185791016,,,,,,,,,,,,,,,,,,,
4474,0.30390191078186035,,,,,,,,0.4013218879699707,,,0.6743359565734863,,,,,,,,,,,,,,,,0.41457295417785645,,,0.29048991203308105,,,,,,,,,,,,,,,,,,,
4475,1.098891019821167,,,,,,,,0.35706400871276855,,,1.508476972579956,,,,,,,,,,,,,,,,0.40920019149780273,,,0.31725597381591797,,,,,,,,,,,,,,,,,,,
4476,0.4040389060974121,,,,,,,,0.3649790287017822,,,0.7226719856262207,,,,,,,,,,,,,,,,0.4131777286529541,,,0.29248476028442383,,,,,,,,,,,,,,,,,,,
4477,0.6525850296020508,,,,,,,,0.35408473014831543,,,0.6422488689422607,,,,,,,,,,,,,,,,0.4077751636505127,,,0.31179070472717285,,,,,,,,,,,,,,,,,,,
4478,2.294609308242798,,,,,,,,0.37450695037841797,,,1.520043134689331,,,,,,,,,,,,,,,,0.4200458526611328,,,0.2963740825653076,,,,,,,,,,,,,,,,,,,
4479,0.658519983291626,,,,,,,,0.3832082748413086,,,1.5469188690185547,,,,,,,,,,,,,,,,0.3931419849395752,,,0.3111259937286377,,,,,,,,,,,,,,,,,,,
4480,0.6665749549865723,,,,,,,,0.35598206520080566,,,0.6573050022125244,,,,,,,,,,,,,,,,0.3917701244354248,,,0.32187676429748535,,,,,,,,,,,,,,,,,,,
4481,0.6596879959106445,,,,,,,,0.36617088317871094,,,0.6623151302337646,,,,,,,,,,,,,,,,0.4163777828216553,,,0.288301944732666,,,,,,,,,,,,,,,,,,,
4482,0.346663236618042,,,,,,,,0.3779299259185791,,,1.584752082824707,,,,,,,,,,,,,,,,0.4070718288421631,,,0.2830171585083008,,,,,,,,,,,,,,,,,,,
4483,0.6651451587677002,,,,,,,,0.35689711570739746,,,1.565608024597168,,,,,,,,,,,,,,,,0.4033830165863037,,,0.2931680679321289,,,,,,,,,,,,,,,,,,,
4484,0.6612429618835449,,,,,,,,0.37687182426452637,,,0.662787914276123,,,,,,,,,,,,,,,,0.3948972225189209,,,0.3153510093688965,,,,,,,,,,,,,,,,,,,
4485,1.9464037418365479,,,,,,,,0.37329626083374023,,,0.6578259468078613,,,,,,,,,,,,,,,,0.39533519744873047,,,0.3152430057525635,,,,,,,,,,,,,,,,,,,
4486,1.9482941627502441,,,,,,,,0.3721909523010254,,,1.5182068347930908,,,,,,,,,,,,,,,,0.3746311664581299,,,0.31073498725891113,,,,,,,,,,,,,,,,,,,
4487,1.3526372909545898,,,,,,,,0.35463404655456543,,,0.6791090965270996,,,,,,,,,,,,,,,,0.37545013427734375,,,0.3026001453399658,,,,,,,,,,,,,,,,,,,
4488,0.6441700458526611,,,,,,,,0.35671210289001465,,,0.6777117252349854,,,,,,,,,,,,,,,,0.4024679660797119,,,0.6734189987182617,,,,,,,,,,,,,,,,,,,
4489,0.6466050148010254,,,,,,,,0.40001678466796875,,,2.37467098236084,,,,,,,,,,,,,,,,0.37961602210998535,,,0.6432650089263916,,,,,,,,,,,,,,,,,,,
4490,0.3138301372528076,,,,,,,,0.3617210388183594,,,0.6911091804504395,,,,,,,,,,,,,,,,0.3903927803039551,,,0.6082868576049805,,,,,,,,,,,,,,,,,,,
4491,0.6498732566833496,,,,,,,,0.35228490829467773,,,0.6736252307891846,,,,,,,,,,,,,,,,0.39557409286499023,,,0.6825368404388428,,,,,,,,,,,,,,,,,,,
4492,1.100466012954712,,,,,,,,0.37279486656188965,,,0.6941769123077393,,,,,,,,,,,,,,,,0.3778822422027588,,,0.3415517807006836,,,,,,,,,,,,,,,,,,,
4493,1.1277179718017578,,,,,,,,0.35631704330444336,,,0.6519742012023926,,,,,,,,,,,,,,,,0.40171289443969727,,,0.2725691795349121,,,,,,,,,,,,,,,,,,,
4494,1.4253411293029785,,,,,,,,0.3802459239959717,,,0.65097975730896,,,,,,,,,,,,,,,,0.39486193656921387,,,0.32819485664367676,,,,,,,,,,,,,,,,,,,
4495,1.1022329330444336,,,,,,,,0.37361621856689453,,,1.5440700054168701,,,,,,,,,,,,,,,,0.3715240955352783,,,0.6203210353851318,,,,,,,,,,,,,,,,,,,
4496,0.6441230773925781,,,,,,,,0.36997509002685547,,,1.5156309604644775,,,,,,,,,,,,,,,,0.39084315299987793,,,0.34424901008605957,,,,,,,,,,,,,,,,,,,
4497,1.8488900661468506,,,,,,,,0.357680082321167,,,0.657228946685791,,,,,,,,,,,,,,,,0.39928126335144043,,,0.3319239616394043,,,,,,,,,,,,,,,,,,,
4498,2.2774550914764404,,,,,,,,0.3521111011505127,,,1.2659757137298584,,,,,,,,,,,,,,,,0.4116840362548828,,,0.3355107307434082,,,,,,,,,,,,,,,,,,,
4499,1.3405182361602783,,,,,,,,0.3795592784881592,,,0.6764509677886963,,,,,,,,,,,,,,,,0.40424609184265137,,,0.31850600242614746,,,,,,,,,,,,,,,,,,,
4500,2.3468048572540283,,,,,,,,0.37462592124938965,,,0.7068219184875488,,,,,,,,,,,,,,,,0.39303016662597656,,,0.6031720638275146,,,,,,,,,,,,,,,,,,,
4501,0.6480772495269775,,,,,,,,0.3537709712982178,,,0.680959939956665,,,,,,,,,,,,,,,,0.3958561420440674,,,0.3241877555847168,,,,,,,,,,,,,,,,,,,
4502,0.6979777812957764,,,,,,,,0.3597147464752197,,,1.517899751663208,,,,,,,,,,,,,,,,0.37062501907348633,,,0.33692383766174316,,,,,,,,,,,,,,,,,,,
4503,0.6572422981262207,,,,,,,,0.36328911781311035,,,0.6798908710479736,,,,,,,,,,,,,,,,0.4009132385253906,,,0.2885868549346924,,,,,,,,,,,,,,,,,,,
4504,0.6155881881713867,,,,,,,,0.38056302070617676,,,0.6894850730895996,,,,,,,,,,,,,,,,0.38559985160827637,,,0.2902250289916992,,,,,,,,,,,,,,,,,,,
4505,1.0913770198822021,,,,,,,,0.37313103675842285,,,2.036738872528076,,,,,,,,,,,,,,,,0.396989107131958,,,0.3170161247253418,,,,,,,,,,,,,,,,,,,
4506,1.108126163482666,,,,,,,,0.3513200283050537,,,0.6984889507293701,,,,,,,,,,,,,,,,0.3731520175933838,,,0.33490419387817383,,,,,,,,,,,,,,,,,,,
4507,0.6295111179351807,,,,,,,,0.3756380081176758,,,1.5868968963623047,,,,,,,,,,,,,,,,0.39061617851257324,,,0.6919870376586914,,,,,,,,,,,,,,,,,,,
4508,0.594451904296875,,,,,,,,0.37708377838134766,,,0.7346060276031494,,,,,,,,,,,,,,,,0.4110572338104248,,,0.28810977935791016,,,,,,,,,,,,,,,,,,,
4509,0.6193640232086182,,,,,,,,0.4018239974975586,,,1.5664360523223877,,,,,,,,,,,,,,,,0.36951708793640137,,,0.3210790157318115,,,,,,,,,,,,,,,,,,,
4510,0.6206789016723633,,,,,,,,0.37954282760620117,,,1.9769909381866455,,,,,,,,,,,,,,,,0.36861300468444824,,,0.3151559829711914,,,,,,,,,,,,,,,,,,,
4511,0.39903688430786133,,,,,,,,0.35382890701293945,,,1.5440051555633545,,,,,,,,,,,,,,,,0.4058718681335449,,,0.3393218517303467,,,,,,,,,,,,,,,,,,,
4512,1.5026440620422363,,,,,,,,0.35718584060668945,,,0.724008321762085,,,,,,,,,,,,,,,,0.41363978385925293,,,0.2896850109100342,,,,,,,,,,,,,,,,,,,
4513,1.074862003326416,,,,,,,,0.35336804389953613,,,0.6642539501190186,,,,,,,,,,,,,,,,0.416334867477417,,,0.3520052433013916,,,,,,,,,,,,,,,,,,,
4514,0.6481199264526367,,,,,,,,0.39177513122558594,,,1.5220959186553955,,,,,,,,,,,,,,,,0.39261698722839355,,,0.3134188652038574,,,,,,,,,,,,,,,,,,,
4515,1.9518358707427979,,,,,,,,0.37558984756469727,,,0.678865909576416,,,,,,,,,,,,,,,,0.392406702041626,,,0.31491613388061523,,,,,,,,,,,,,,,,,,,
4516,1.8783578872680664,,,,,,,,0.3588521480560303,,,1.564042091369629,,,,,,,,,,,,,,,,0.40912604331970215,,,0.3461482524871826,,,,,,,,,,,,,,,,,,,
4517,0.6664199829101562,,,,,,,,0.38231396675109863,,,1.5498926639556885,,,,,,,,,,,,,,,,0.38964200019836426,,,0.30071496963500977,,,,,,,,,,,,,,,,,,,
4518,0.6463313102722168,,,,,,,,0.3799149990081787,,,0.7247381210327148,,,,,,,,,,,,,,,,0.433290958404541,,,0.3074171543121338,,,,,,,,,,,,,,,,,,,
4519,1.1046440601348877,,,,,,,,0.39052796363830566,,,1.5262720584869385,,,,,,,,,,,,,,,,0.39183616638183594,,,0.3236579895019531,,,,,,,,,,,,,,,,,,,
4520,0.28272485733032227,,,,,,,,0.3712601661682129,,,1.6303842067718506,,,,,,,,,,,,,,,,0.41758298873901367,,,0.3112618923187256,,,,,,,,,,,,,,,,,,,
4521,0.6134161949157715,,,,,,,,0.35231995582580566,,,0.9184250831604004,,,,,,,,,,,,,,,,0.41394519805908203,,,0.6045727729797363,,,,,,,,,,,,,,,,,,,
4522,0.6125330924987793,,,,,,,,0.3542299270629883,,,0.6807467937469482,,,,,,,,,,,,,,,,0.40744805335998535,,,0.3150660991668701,,,,,,,,,,,,,,,,,,,
4523,0.644578218460083,,,,,,,,0.35808491706848145,,,0.6761460304260254,,,,,,,,,,,,,,,,0.4261159896850586,,,0.3127748966217041,,,,,,,,,,,,,,,,,,,
4524,0.4165520668029785,,,,,,,,0.3926689624786377,,,0.6840581893920898,,,,,,,,,,,,,,,,0.37763023376464844,,,0.6304070949554443,,,,,,,,,,,,,,,,,,,
4525,0.6247632503509521,,,,,,,,0.3719339370727539,,,0.6557180881500244,,,,,,,,,,,,,,,,0.3806760311126709,,,0.40653204917907715,,,,,,,,,,,,,,,,,,,
4526,0.5975711345672607,,,,,,,,0.3630862236022949,,,0.7371730804443359,,,,,,,,,,,,,,,,0.3816030025482178,,,0.3468441963195801,,,,,,,,,,,,,,,,,,,
4527,0.30672383308410645,,,,,,,,0.37714195251464844,,,0.6792919635772705,,,,,,,,,,,,,,,,0.3808438777923584,,,0.30413317680358887,,,,,,,,,,,,,,,,,,,
4528,1.1387410163879395,,,,,,,,0.35491394996643066,,,1.5197718143463135,,,,,,,,,,,,,,,,0.40812110900878906,,,0.32500290870666504,,,,,,,,,,,,,,,,,,,
4529,2.2772200107574463,,,,,,,,0.40285515785217285,,,1.1595690250396729,,,,,,,,,,,,,,,,0.3806030750274658,,,0.3329122066497803,,,,,,,,,,,,,,,,,,,
4530,1.8596789836883545,,,,,,,,0.3605630397796631,,,0.6831281185150146,,,,,,,,,,,,,,,,0.3790731430053711,,,0.6444082260131836,,,,,,,,,,,,,,,,,,,
4531,1.0885140895843506,,,,,,,,0.380615234375,,,0.6734521389007568,,,,,,,,,,,,,,,,0.37719082832336426,,,0.6638369560241699,,,,,,,,,,,,,,,,,,,
4532,0.7501099109649658,,,,,,,,0.37879323959350586,,,2.084181070327759,,,,,,,,,,,,,,,,0.3791170120239258,,,0.29668688774108887,,,,,,,,,,,,,,,,,,,
4533,1.078881025314331,,,,,,,,0.37322497367858887,,,1.5838139057159424,,,,,,,,,,,,,,,,0.4268641471862793,,,0.6615431308746338,,,,,,,,,,,,,,,,,,,
4534,1.5314838886260986,,,,,,,,0.4059567451477051,,,1.5141189098358154,,,,,,,,,,,,,,,,0.38602113723754883,,,0.3064281940460205,,,,,,,,,,,,,,,,,,,
4535,1.463007926940918,,,,,,,,0.35312390327453613,,,1.5051319599151611,,,,,,,,,,,,,,,,0.37951183319091797,,,0.2960169315338135,,,,,,,,,,,,,,,,,,,
4536,2.0028810501098633,,,,,,,,0.35923194885253906,,,0.7000079154968262,,,,,,,,,,,,,,,,0.40599608421325684,,,0.30979371070861816,,,,,,,,,,,,,,,,,,,
4537,0.6073489189147949,,,,,,,,0.3815929889678955,,,0.6764039993286133,,,,,,,,,,,,,,,,0.4027090072631836,,,0.32669997215270996,,,,,,,,,,,,,,,,,,,
4538,1.141247272491455,,,,,,,,0.38185811042785645,,,0.6825361251831055,,,,,,,,,,,,,,,,0.4096262454986572,,,0.2859971523284912,,,,,,,,,,,,,,,,,,,
4539,0.6307621002197266,,,,,,,,0.3941380977630615,,,1.5398058891296387,,,,,,,,,,,,,,,,0.3836989402770996,,,0.30738091468811035,,,,,,,,,,,,,,,,,,,
4540,0.6809659004211426,,,,,,,,0.35769200325012207,,,0.6792361736297607,,,,,,,,,,,,,,,,0.3979489803314209,,,0.6077768802642822,,,,,,,,,,,,,,,,,,,
4541,0.2644519805908203,,,,,,,,0.38261985778808594,,,0.678041934967041,,,,,,,,,,,,,,,,0.39998388290405273,,,0.6819291114807129,,,,,,,,,,,,,,,,,,,
4542,1.1185832023620605,,,,,,,,0.3803129196166992,,,1.1657769680023193,,,,,,,,,,,,,,,,0.3870370388031006,,,0.2930259704589844,,,,,,,,,,,,,,,,,,,
4543,0.639340877532959,,,,,,,,0.3527662754058838,,,2.9177112579345703,,,,,,,,,,,,,,,,0.43570518493652344,,,0.2933003902435303,,,,,,,,,,,,,,,,,,,
4544,0.6260390281677246,,,,,,,,0.39267611503601074,,,0.7089948654174805,,,,,,,,,,,,,,,,0.4090709686279297,,,0.2849130630493164,,,,,,,,,,,,,,,,,,,
4545,0.2932119369506836,,,,,,,,0.3608059883117676,,,0.681952953338623,,,,,,,,,,,,,,,,0.3961598873138428,,,0.3167271614074707,,,,,,,,,,,,,,,,,,,
4546,0.3302421569824219,,,,,,,,0.3689568042755127,,,0.6610169410705566,,,,,,,,,,,,,,,,0.38134288787841797,,,0.2932722568511963,,,,,,,,,,,,,,,,,,,
4547,0.7344241142272949,,,,,,,,0.3689157962799072,,,0.6763350963592529,,,,,,,,,,,,,,,,0.38577795028686523,,,0.33583498001098633,,,,,,,,,,,,,,,,,,,
4548,1.4726059436798096,,,,,,,,0.3667421340942383,,,0.673954963684082,,,,,,,,,,,,,,,,0.4160001277923584,,,0.29787588119506836,,,,,,,,,,,,,,,,,,,
4549,1.1011409759521484,,,,,,,,0.4022059440612793,,,0.6771252155303955,,,,,,,,,,,,,,,,0.4034881591796875,,,0.6596810817718506,,,,,,,,,,,,,,,,,,,
4550,1.5304338932037354,,,,,,,,0.3525731563568115,,,1.2707359790802002,,,,,,,,,,,,,,,,0.41135287284851074,,,0.31238698959350586,,,,,,,,,,,,,,,,,,,
4551,0.309812068939209,,,,,,,,0.3800849914550781,,,0.6747510433197021,,,,,,,,,,,,,,,,0.418593168258667,,,0.3027689456939697,,,,,,,,,,,,,,,,,,,
4552,0.7110836505889893,,,,,,,,0.37369823455810547,,,0.6819617748260498,,,,,,,,,,,,,,,,0.42356300354003906,,,0.30945897102355957,,,,,,,,,,,,,,,,,,,
4553,1.2089388370513916,,,,,,,,0.37835192680358887,,,0.6879420280456543,,,,,,,,,,,,,,,,0.4565889835357666,,,0.7086629867553711,,,,,,,,,,,,,,,,,,,
4554,0.623884916305542,,,,,,,,0.3926670551300049,,,0.6600220203399658,,,,,,,,,,,,,,,,0.4019467830657959,,,0.2923908233642578,,,,,,,,,,,,,,,,,,,
4555,0.6201152801513672,,,,,,,,0.3659539222717285,,,1.5622589588165283,,,,,,,,,,,,,,,,0.4171428680419922,,,0.30997204780578613,,,,,,,,,,,,,,,,,,,
4556,0.37290000915527344,,,,,,,,0.3609762191772461,,,0.6989250183105469,,,,,,,,,,,,,,,,0.40723299980163574,,,0.7132070064544678,,,,,,,,,,,,,,,,,,,
4557,0.5844419002532959,,,,,,,,0.3519721031188965,,,2.0449600219726562,,,,,,,,,,,,,,,,0.40591883659362793,,,0.2999391555786133,,,,,,,,,,,,,,,,,,,
4558,1.108407974243164,,,,,,,,0.3829021453857422,,,0.7075209617614746,,,,,,,,,,,,,,,,0.4524548053741455,,,0.31253504753112793,,,,,,,,,,,,,,,,,,,
4559,0.6620831489562988,,,,,,,,0.4010031223297119,,,0.6633579730987549,,,,,,,,,,,,,,,,0.42184996604919434,,,0.29845094680786133,,,,,,,,,,,,,,,,,,,
4560,1.116988182067871,,,,,,,,0.3713688850402832,,,0.6703007221221924,,,,,,,,,,,,,,,,0.3968827724456787,,,0.30939698219299316,,,,,,,,,,,,,,,,,,,
4561,0.48839592933654785,,,,,,,,0.3602581024169922,,,0.6938619613647461,,,,,,,,,,,,,,,,0.3904731273651123,,,0.7356116771697998,,,,,,,,,,,,,,,,,,,
4562,0.7087051868438721,,,,,,,,0.37956786155700684,,,1.578368902206421,,,,,,,,,,,,,,,,0.3982419967651367,,,0.7514331340789795,,,,,,,,,,,,,,,,,,,
4563,0.6444990634918213,,,,,,,,0.37180209159851074,,,0.65749192237854,,,,,,,,,,,,,,,,0.41731882095336914,,,0.29065585136413574,,,,,,,,,,,,,,,,,,,
4564,1.5119438171386719,,,,,,,,0.40625,,,0.6803731918334961,,,,,,,,,,,,,,,,0.4103720188140869,,,0.6895110607147217,,,,,,,,,,,,,,,,,,,
4565,1.1210119724273682,,,,,,,,0.3525712490081787,,,1.577782154083252,,,,,,,,,,,,,,,,0.4005868434906006,,,0.7179257869720459,,,,,,,,,,,,,,,,,,,
4566,1.8229038715362549,,,,,,,,0.3556809425354004,,,1.388678789138794,,,,,,,,,,,,,,,,0.3966832160949707,,,0.3106691837310791,,,,,,,,,,,,,,,,,,,
4567,1.532989263534546,,,,,,,,0.3722500801086426,,,0.6790947914123535,,,,,,,,,,,,,,,,0.41919803619384766,,,0.3191487789154053,,,,,,,,,,,,,,,,,,,
4568,1.4974939823150635,,,,,,,,0.37307310104370117,,,1.580207109451294,,,,,,,,,,,,,,,,0.41918206214904785,,,0.29425501823425293,,,,,,,,,,,,,,,,,,,
4569,0.6620428562164307,,,,,,,,0.38343191146850586,,,0.6876251697540283,,,,,,,,,,,,,,,,0.39618492126464844,,,0.3147568702697754,,,,,,,,,,,,,,,,,,,
4570,2.2732160091400146,,,,,,,,0.35446810722351074,,,0.6812281608581543,,,,,,,,,,,,,,,,0.4031548500061035,,,0.7162721157073975,,,,,,,,,,,,,,,,,,,
4571,0.2885870933532715,,,,,,,,0.37177085876464844,,,1.5381650924682617,,,,,,,,,,,,,,,,0.41161417961120605,,,0.7091639041900635,,,,,,,,,,,,,,,,,,,
4572,0.6197168827056885,,,,,,,,0.35098695755004883,,,0.6807451248168945,,,,,,,,,,,,,,,,0.40982913970947266,,,0.3023557662963867,,,,,,,,,,,,,,,,,,,
4573,0.657221794128418,,,,,,,,0.3566279411315918,,,1.6373379230499268,,,,,,,,,,,,,,,,0.4439101219177246,,,0.7093291282653809,,,,,,,,,,,,,,,,,,,
4574,0.6297409534454346,,,,,,,,0.3845980167388916,,,1.2408251762390137,,,,,,,,,,,,,,,,0.41496896743774414,,,0.32128190994262695,,,,,,,,,,,,,,,,,,,
4575,0.660538911819458,,,,,,,,0.3648860454559326,,,0.7026710510253906,,,,,,,,,,,,,,,,0.39858412742614746,,,0.296475887298584,,,,,,,,,,,,,,,,,,,
4576,1.1692008972167969,,,,,,,,0.37729883193969727,,,1.6017212867736816,,,,,,,,,,,,,,,,0.3909778594970703,,,0.31714487075805664,,,,,,,,,,,,,,,,,,,
4577,1.0984840393066406,,,,,,,,0.35634422302246094,,,0.6752467155456543,,,,,,,,,,,,,,,,0.40656495094299316,,,0.7533102035522461,,,,,,,,,,,,,,,,,,,
4578,1.3046231269836426,,,,,,,,0.3565940856933594,,,1.163564920425415,,,,,,,,,,,,,,,,0.43137097358703613,,,0.31076478958129883,,,,,,,,,,,,,,,,,,,
4579,1.937788724899292,,,,,,,,0.3960850238800049,,,1.5209829807281494,,,,,,,,,,,,,,,,0.40656518936157227,,,0.29012107849121094,,,,,,,,,,,,,,,,,,,
4580,0.33504486083984375,,,,,,,,0.35245800018310547,,,0.6848480701446533,,,,,,,,,,,,,,,,0.3972759246826172,,,0.29287290573120117,,,,,,,,,,,,,,,,,,,
4581,0.6237330436706543,,,,,,,,0.3613460063934326,,,0.6852068901062012,,,,,,,,,,,,,,,,0.38967323303222656,,,0.31226205825805664,,,,,,,,,,,,,,,,,,,
4582,1.5311462879180908,,,,,,,,0.37778592109680176,,,0.700120210647583,,,,,,,,,,,,,,,,0.4060680866241455,,,0.31586575508117676,,,,,,,,,,,,,,,,,,,
4583,1.132904052734375,,,,,,,,0.38106203079223633,,,0.700606107711792,,,,,,,,,,,,,,,,0.41086912155151367,,,0.2881951332092285,,,,,,,,,,,,,,,,,,,
4584,2.653993844985962,,,,,,,,0.3975510597229004,,,1.4932138919830322,,,,,,,,,,,,,,,,0.40814208984375,,,0.29310178756713867,,,,,,,,,,,,,,,,,,,
4585,0.6520919799804688,,,,,,,,0.38108110427856445,,,0.6642200946807861,,,,,,,,,,,,,,,,0.4091489315032959,,,0.420957088470459,,,,,,,,,,,,,,,,,,,
4586,0.6571440696716309,,,,,,,,0.3675570487976074,,,1.207404613494873,,,,,,,,,,,,,,,,0.39439916610717773,,,1.0627591609954834,,,,,,,,,,,,,,,,,,,
4587,0.6312830448150635,,,,,,,,0.35058093070983887,,,0.6649179458618164,,,,,,,,,,,,,,,,0.39093518257141113,,,0.29557037353515625,,,,,,,,,,,,,,,,,,,
4588,0.623729944229126,,,,,,,,0.37165307998657227,,,0.6851363182067871,,,,,,,,,,,,,,,,0.4365499019622803,,,0.2932858467102051,,,,,,,,,,,,,,,,,,,
4589,1.9221062660217285,,,,,,,,0.39440393447875977,,,0.6785340309143066,,,,,,,,,,,,,,,,0.38124608993530273,,,0.3367159366607666,,,,,,,,,,,,,,,,,,,
4590,1.4890010356903076,,,,,,,,0.359694242477417,,,0.6814250946044922,,,,,,,,,,,,,,,,0.3810570240020752,,,0.3148667812347412,,,,,,,,,,,,,,,,,,,
4591,1.121636152267456,,,,,,,,0.37218618392944336,,,0.6771047115325928,,,,,,,,,,,,,,,,0.37346601486206055,,,0.7026598453521729,,,,,,,,,,,,,,,,,,,
4592,1.1340539455413818,,,,,,,,0.3670070171356201,,,1.5033938884735107,,,,,,,,,,,,,,,,0.38118696212768555,,,0.3007090091705322,,,,,,,,,,,,,,,,,,,
4593,1.102971076965332,,,,,,,,0.36238884925842285,,,1.5223891735076904,,,,,,,,,,,,,,,,0.4188697338104248,,,0.2971620559692383,,,,,,,,,,,,,,,,,,,
4594,0.6821529865264893,,,,,,,,0.37664794921875,,,0.7003939151763916,,,,,,,,,,,,,,,,0.3954122066497803,,,0.3142268657684326,,,,,,,,,,,,,,,,,,,
4595,0.6401422023773193,,,,,,,,0.38152194023132324,,,0.6515300273895264,,,,,,,,,,,,,,,,0.39042186737060547,,,0.6898438930511475,,,,,,,,,,,,,,,,,,,
4596,0.6199800968170166,,,,,,,,0.3771629333496094,,,0.6933078765869141,,,,,,,,,,,,,,,,0.3877580165863037,,,0.32816505432128906,,,,,,,,,,,,,,,,,,,
4597,1.0756759643554688,,,,,,,,0.37511610984802246,,,1.571235179901123,,,,,,,,,,,,,,,,0.3697032928466797,,,0.29178595542907715,,,,,,,,,,,,,,,,,,,
4598,1.090385913848877,,,,,,,,0.37903475761413574,,,4.634527921676636,,,,,,,,,,,,,,,,0.391589879989624,,,0.3119628429412842,,,,,,,,,,,,,,,,,,,
4599,1.1436071395874023,,,,,,,,0.4009888172149658,,,0.704782247543335,,,,,,,,,,,,,,,,0.3751249313354492,,,0.2985708713531494,,,,,,,,,,,,,,,,,,,
4600,1.4740626811981201,,,,,,,,0.35379981994628906,,,0.6697399616241455,,,,,,,,,,,,,,,,0.3833329677581787,,,0.32796478271484375,,,,,,,,,,,,,,,,,,,
4601,1.1334240436553955,,,,,,,,0.3642549514770508,,,1.509605884552002,,,,,,,,,,,,,,,,0.3873579502105713,,,0.28470301628112793,,,,,,,,,,,,,,,,,,,
4602,0.6681520938873291,,,,,,,,0.35219693183898926,,,0.7217748165130615,,,,,,,,,,,,,,,,0.36995911598205566,,,0.3136420249938965,,,,,,,,,,,,,,,,,,,
4603,1.1040959358215332,,,,,,,,0.3583340644836426,,,1.6480789184570312,,,,,,,,,,,,,,,,0.39444398880004883,,,0.6927130222320557,,,,,,,,,,,,,,,,,,,
4604,0.6174981594085693,,,,,,,,0.3928670883178711,,,0.7129557132720947,,,,,,,,,,,,,,,,0.3880922794342041,,,0.6949727535247803,,,,,,,,,,,,,,,,,,,
4605,1.0917432308197021,,,,,,,,0.3753020763397217,,,0.6362309455871582,,,,,,,,,,,,,,,,0.3713231086730957,,,0.701117992401123,,,,,,,,,,,,,,,,,,,
4606,1.8567969799041748,,,,,,,,0.3820688724517822,,,2.040419101715088,,,,,,,,,,,,,,,,0.3999810218811035,,,0.7447810173034668,,,,,,,,,,,,,,,,,,,
4607,1.4610388278961182,,,,,,,,0.3721792697906494,,,0.68349289894104,,,,,,,,,,,,,,,,0.40006089210510254,,,0.7292239665985107,,,,,,,,,,,,,,,,,,,
4608,1.4456698894500732,,,,,,,,0.3796100616455078,,,1.5590479373931885,,,,,,,,,,,,,,,,0.41854000091552734,,,0.2971189022064209,,,,,,,,,,,,,,,,,,,
4609,1.5356171131134033,,,,,,,,0.3789699077606201,,,0.7059779167175293,,,,,,,,,,,,,,,,0.375460147857666,,,0.7403028011322021,,,,,,,,,,,,,,,,,,,
4610,1.100170373916626,,,,,,,,0.3826301097869873,,,0.6728699207305908,,,,,,,,,,,,,,,,0.3788590431213379,,,0.7282419204711914,,,,,,,,,,,,,,,,,,,
4611,1.93760085105896,,,,,,,,0.36866164207458496,,,0.6719381809234619,,,,,,,,,,,,,,,,0.3941991329193115,,,0.2890939712524414,,,,,,,,,,,,,,,,,,,
4612,1.110990047454834,,,,,,,,0.3571009635925293,,,1.5182321071624756,,,,,,,,,,,,,,,,0.37302303314208984,,,0.3017408847808838,,,,,,,,,,,,,,,,,,,
4613,1.0694539546966553,,,,,,,,0.3591890335083008,,,1.5287292003631592,,,,,,,,,,,,,,,,0.40970492362976074,,,0.7114548683166504,,,,,,,,,,,,,,,,,,,
4614,0.6212508678436279,,,,,,,,0.3876521587371826,,,1.5599510669708252,,,,,,,,,,,,,,,,0.375791072845459,,,0.31887221336364746,,,,,,,,,,,,,,,,,,,
4615,0.6279141902923584,,,,,,,,0.3796846866607666,,,1.5456678867340088,,,,,,,,,,,,,,,,0.3967709541320801,,,0.7441511154174805,,,,,,,,,,,,,,,,,,,
4616,1.9132299423217773,,,,,,,,0.34991979598999023,,,0.7043828964233398,,,,,,,,,,,,,,,,0.39314985275268555,,,1.1190369129180908,,,,,,,,,,,,,,,,,,,
4617,1.45542573928833,,,,,,,,0.36040496826171875,,,1.5660581588745117,,,,,,,,,,,,,,,,0.3793189525604248,,,1.9166219234466553,,,,,,,,,,,,,,,,,,,
4618,1.3910479545593262,,,,,,,,0.3683898448944092,,,0.7071750164031982,,,,,,,,,,,,,,,,0.4057338237762451,,,0.649010181427002,,,,,,,,,,,,,,,,,,,
4619,1.9118802547454834,,,,,,,,0.400130033493042,,,3.375570774078369,,,,,,,,,,,,,,,,0.3913700580596924,,,0.6666512489318848,,,,,,,,,,,,,,,,,,,
4620,2.3300540447235107,,,,,,,,0.3841838836669922,,,0.7266139984130859,,,,,,,,,,,,,,,,0.3824491500854492,,,0.6726758480072021,,,,,,,,,,,,,,,,,,,
4621,1.896150827407837,,,,,,,,0.3664970397949219,,,0.7016458511352539,,,,,,,,,,,,,,,,0.39337801933288574,,,1.456441879272461,,,,,,,,,,,,,,,,,,,
4622,1.111825704574585,,,,,,,,0.3592801094055176,,,0.6711797714233398,,,,,,,,,,,,,,,,0.4175386428833008,,,0.27666592597961426,,,,,,,,,,,,,,,,,,,
4623,1.8902781009674072,,,,,,,,0.35697293281555176,,,0.6761009693145752,,,,,,,,,,,,,,,,0.43976712226867676,,,0.6577060222625732,,,,,,,,,,,,,,,,,,,
4624,2.2598981857299805,,,,,,,,0.40157079696655273,,,0.6961908340454102,,,,,,,,,,,,,,,,0.40245604515075684,,,1.0627479553222656,,,,,,,,,,,,,,,,,,,
4625,0.62129807472229,,,,,,,,0.354478120803833,,,1.5196969509124756,,,,,,,,,,,,,,,,0.3962900638580322,,,0.679102897644043,,,,,,,,,,,,,,,,,,,
4626,2.2936439514160156,,,,,,,,0.37540698051452637,,,1.517566204071045,,,,,,,,,,,,,,,,0.41666102409362793,,,0.6704850196838379,,,,,,,,,,,,,,,,,,,
4627,1.1047260761260986,,,,,,,,0.36841487884521484,,,0.703193187713623,,,,,,,,,,,,,,,,0.3934950828552246,,,0.634631872177124,,,,,,,,,,,,,,,,,,,
4628,0.6879041194915771,,,,,,,,0.3645601272583008,,,1.3885791301727295,,,,,,,,,,,,,,,,0.4422140121459961,,,0.30605173110961914,,,,,,,,,,,,,,,,,,,
4629,1.84440016746521,,,,,,,,0.3928971290588379,,,0.6526529788970947,,,,,,,,,,,,,,,,0.39863133430480957,,,0.6564679145812988,,,,,,,,,,,,,,,,,,,
4630,1.5064079761505127,,,,,,,,0.36305809020996094,,,0.6995539665222168,,,,,,,,,,,,,,,,0.416546106338501,,,0.6509730815887451,,,,,,,,,,,,,,,,,,,
4631,0.6339550018310547,,,,,,,,0.35768818855285645,,,0.7044098377227783,,,,,,,,,,,,,,,,0.40247488021850586,,,0.6069788932800293,,,,,,,,,,,,,,,,,,,
4632,0.7002701759338379,,,,,,,,0.37607622146606445,,,0.6575889587402344,,,,,,,,,,,,,,,,0.4004359245300293,,,0.6612331867218018,,,,,,,,,,,,,,,,,,,
4633,0.619581937789917,,,,,,,,0.3573629856109619,,,1.4547090530395508,,,,,,,,,,,,,,,,0.4276289939880371,,,0.6663501262664795,,,,,,,,,,,,,,,,,,,
4634,0.6218187808990479,,,,,,,,0.40398383140563965,,,2.8941328525543213,,,,,,,,,,,,,,,,0.3833799362182617,,,0.6272368431091309,,,,,,,,,,,,,,,,,,,
4635,0.6207740306854248,,,,,,,,0.35776519775390625,,,0.6826081275939941,,,,,,,,,,,,,,,,0.3805677890777588,,,0.6924662590026855,,,,,,,,,,,,,,,,,,,
4636,1.5367710590362549,,,,,,,,0.36930203437805176,,,1.5177030563354492,,,,,,,,,,,,,,,,0.38109374046325684,,,0.6720669269561768,,,,,,,,,,,,,,,,,,,
4637,1.0681278705596924,,,,,,,,0.37276196479797363,,,0.6787309646606445,,,,,,,,,,,,,,,,0.40674901008605957,,,0.6719100475311279,,,,,,,,,,,,,,,,,,,
4638,1.1024587154388428,,,,,,,,0.3539280891418457,,,1.2281420230865479,,,,,,,,,,,,,,,,0.41992807388305664,,,0.6018328666687012,,,,,,,,,,,,,,,,,,,
4639,0.6496281623840332,,,,,,,,0.40613818168640137,,,1.5164127349853516,,,,,,,,,,,,,,,,0.3969857692718506,,,0.3137500286102295,,,,,,,,,,,,,,,,,,,
4640,1.5212440490722656,,,,,,,,0.3749518394470215,,,0.6761989593505859,,,,,,,,,,,,,,,,0.3889496326446533,,,0.8790099620819092,,,,,,,,,,,,,,,,,,,
4641,0.6458649635314941,,,,,,,,0.3785409927368164,,,0.6822421550750732,,,,,,,,,,,,,,,,0.4057929515838623,,,0.6783838272094727,,,,,,,,,,,,,,,,,,,
4642,0.6234638690948486,,,,,,,,0.3726010322570801,,,1.5149059295654297,,,,,,,,,,,,,,,,0.37818288803100586,,,0.33625292778015137,,,,,,,,,,,,,,,,,,,
4643,0.6191971302032471,,,,,,,,0.3755497932434082,,,0.6752209663391113,,,,,,,,,,,,,,,,0.41758108139038086,,,0.28562307357788086,,,,,,,,,,,,,,,,,,,
4644,1.1202988624572754,,,,,,,,0.401569128036499,,,0.6884572505950928,,,,,,,,,,,,,,,,0.40906190872192383,,,1.422888994216919,,,,,,,,,,,,,,,,,,,
4645,2.2904059886932373,,,,,,,,0.3787248134613037,,,0.6869409084320068,,,,,,,,,,,,,,,,0.406261682510376,,,0.6203479766845703,,,,,,,,,,,,,,,,,,,
4646,0.6155610084533691,,,,,,,,0.3557429313659668,,,0.6631557941436768,,,,,,,,,,,,,,,,0.39856886863708496,,,1.419625997543335,,,,,,,,,,,,,,,,,,,
4647,1.4778270721435547,,,,,,,,0.38498520851135254,,,1.6124296188354492,,,,,,,,,,,,,,,,0.38547205924987793,,,0.621973991394043,,,,,,,,,,,,,,,,,,,
4648,0.6357619762420654,,,,,,,,0.38520073890686035,,,0.6862411499023438,,,,,,,,,,,,,,,,0.43875885009765625,,,0.6308960914611816,,,,,,,,,,,,,,,,,,,
4649,0.6097609996795654,,,,,,,,0.4049851894378662,,,0.6570479869842529,,,,,,,,,,,,,,,,0.3825557231903076,,,0.679502010345459,,,,,,,,,,,,,,,,,,,
4650,1.146430253982544,,,,,,,,0.364105224609375,,,0.6774499416351318,,,,,,,,,,,,,,,,0.4065821170806885,,,0.6398978233337402,,,,,,,,,,,,,,,,,,,
4651,0.5968551635742188,,,,,,,,0.3722240924835205,,,1.5233569145202637,,,,,,,,,,,,,,,,0.3796050548553467,,,2.165684938430786,,,,,,,,,,,,,,,,,,,
4652,2.7069849967956543,,,,,,,,0.3652622699737549,,,4.003843069076538,,,,,,,,,,,,,,,,0.38549089431762695,,,1.4009158611297607,,,,,,,,,,,,,,,,,,,
4653,1.1117041110992432,,,,,,,,0.3545501232147217,,,0.6556668281555176,,,,,,,,,,,,,,,,0.42736315727233887,,,1.111454963684082,,,,,,,,,,,,,,,,,,,
4654,1.0944559574127197,,,,,,,,0.386549711227417,,,0.6900830268859863,,,,,,,,,,,,,,,,0.40479588508605957,,,0.29098010063171387,,,,,,,,,,,,,,,,,,,
4655,1.0835299491882324,,,,,,,,0.3744819164276123,,,0.6762170791625977,,,,,,,,,,,,,,,,0.38392019271850586,,,0.31516385078430176,,,,,,,,,,,,,,,,,,,
4656,0.48496413230895996,,,,,,,,0.3664071559906006,,,0.700451135635376,,,,,,,,,,,,,,,,0.3797450065612793,,,0.9149999618530273,,,,,,,,,,,,,,,,,,,
4657,0.6180908679962158,,,,,,,,0.36724090576171875,,,1.515136957168579,,,,,,,,,,,,,,,,0.382720947265625,,,0.6548199653625488,,,,,,,,,,,,,,,,,,,
4658,1.4841680526733398,,,,,,,,0.3755362033843994,,,1.4362521171569824,,,,,,,,,,,,,,,,0.42713093757629395,,,0.6289589405059814,,,,,,,,,,,,,,,,,,,
4659,0.41628098487854004,,,,,,,,0.39607691764831543,,,2.075822114944458,,,,,,,,,,,,,,,,0.38520312309265137,,,0.6613688468933105,,,,,,,,,,,,,,,,,,,
4660,0.6493799686431885,,,,,,,,0.35085177421569824,,,1.4571959972381592,,,,,,,,,,,,,,,,0.40698981285095215,,,0.6680128574371338,,,,,,,,,,,,,,,,,,,
4661,0.6200120449066162,,,,,,,,0.35325098037719727,,,0.6838908195495605,,,,,,,,,,,,,,,,0.38356781005859375,,,0.3156001567840576,,,,,,,,,,,,,,,,,,,
4662,1.0317540168762207,,,,,,,,0.36806583404541016,,,0.6782741546630859,,,,,,,,,,,,,,,,0.3852407932281494,,,0.6715939044952393,,,,,,,,,,,,,,,,,,,
4663,0.6196362972259521,,,,,,,,0.36229705810546875,,,0.7258710861206055,,,,,,,,,,,,,,,,0.4294250011444092,,,0.29592299461364746,,,,,,,,,,,,,,,,,,,
4664,1.4101910591125488,,,,,,,,0.40627098083496094,,,0.679764986038208,,,,,,,,,,,,,,,,0.39215588569641113,,,0.6634879112243652,,,,,,,,,,,,,,,,,,,
4665,0.5881400108337402,,,,,,,,0.3796858787536621,,,1.5233259201049805,,,,,,,,,,,,,,,,0.4059000015258789,,,0.6530702114105225,,,,,,,,,,,,,,,,,,,
4666,1.4908440113067627,,,,,,,,0.37200117111206055,,,2.6692910194396973,,,,,,,,,,,,,,,,0.42087674140930176,,,0.669835090637207,,,,,,,,,,,,,,,,,,,
4667,1.8860747814178467,,,,,,,,0.3814718723297119,,,0.7104599475860596,,,,,,,,,,,,,,,,0.4269111156463623,,,0.6730906963348389,,,,,,,,,,,,,,,,,,,
4668,2.6449790000915527,,,,,,,,0.35648202896118164,,,0.678002119064331,,,,,,,,,,,,,,,,0.459043025970459,,,0.2993597984313965,,,,,,,,,,,,,,,,,,,
4669,0.6323409080505371,,,,,,,,0.3871917724609375,,,0.6925890445709229,,,,,,,,,,,,,,,,0.42288994789123535,,,0.6817569732666016,,,,,,,,,,,,,,,,,,,
4670,1.102212905883789,,,,,,,,0.3617877960205078,,,0.688237190246582,,,,,,,,,,,,,,,,0.42870211601257324,,,0.6632771492004395,,,,,,,,,,,,,,,,,,,
4671,1.1541359424591064,,,,,,,,0.3722498416900635,,,1.6010839939117432,,,,,,,,,,,,,,,,0.40169310569763184,,,0.6744999885559082,,,,,,,,,,,,,,,,,,,
4672,0.6195468902587891,,,,,,,,0.36356401443481445,,,2.2605340480804443,,,,,,,,,,,,,,,,0.42186808586120605,,,0.6331210136413574,,,,,,,,,,,,,,,,,,,
4673,1.5159249305725098,,,,,,,,0.3678619861602783,,,0.7248163223266602,,,,,,,,,,,,,,,,0.4292330741882324,,,0.31087684631347656,,,,,,,,,,,,,,,,,,,
4674,1.481226921081543,,,,,,,,0.40245676040649414,,,0.6549570560455322,,,,,,,,,,,,,,,,0.41084909439086914,,,0.2942039966583252,,,,,,,,,,,,,,,,,,,
4675,1.0657289028167725,,,,,,,,0.3509061336517334,,,0.6737589836120605,,,,,,,,,,,,,,,,0.4003288745880127,,,0.33636903762817383,,,,,,,,,,,,,,,,,,,
4676,1.9513959884643555,,,,,,,,0.35681605339050293,,,1.2538118362426758,,,,,,,,,,,,,,,,0.39425086975097656,,,1.1259899139404297,,,,,,,,,,,,,,,,,,,
4677,0.621938943862915,,,,,,,,0.38457584381103516,,,0.6689200401306152,,,,,,,,,,,,,,,,0.3944358825683594,,,0.6720590591430664,,,,,,,,,,,,,,,,,,,
4678,1.1006321907043457,,,,,,,,0.3828260898590088,,,0.700092077255249,,,,,,,,,,,,,,,,0.43291807174682617,,,0.3132600784301758,,,,,,,,,,,,,,,,,,,
4679,0.6307780742645264,,,,,,,,0.3864269256591797,,,0.2826271057128906,,,,,,,,,,,,,,,,0.3891739845275879,,,1.1101131439208984,,,,,,,,,,,,,,,,,,,
4680,1.099729061126709,,,,,,,,0.3625600337982178,,,0.6882991790771484,,,,,,,,,,,,,,,,0.41303133964538574,,,0.33797192573547363,,,,,,,,,,,,,,,,,,,
4681,2.643669843673706,,,,,,,,0.3734610080718994,,,0.6845800876617432,,,,,,,,,,,,,,,,0.4052259922027588,,,0.3398149013519287,,,,,,,,,,,,,,,,,,,
4682,1.3863739967346191,,,,,,,,0.35385704040527344,,,1.1833741664886475,,,,,,,,,,,,,,,,0.38538599014282227,,,0.29547691345214844,,,,,,,,,,,,,,,,,,,
4683,0.6324810981750488,,,,,,,,0.3680419921875,,,0.6580700874328613,,,,,,,,,,,,,,,,0.4100329875946045,,,0.6350810527801514,,,,,,,,,,,,,,,,,,,
4684,1.0628371238708496,,,,,,,,0.3848567008972168,,,0.6948368549346924,,,,,,,,,,,,,,,,0.4031791687011719,,,0.31069016456604004,,,,,,,,,,,,,,,,,,,
4685,0.6057429313659668,,,,,,,,0.3842308521270752,,,1.4209110736846924,,,,,,,,,,,,,,,,0.3839738368988037,,,0.30871081352233887,,,,,,,,,,,,,,,,,,,
4686,1.8524558544158936,,,,,,,,0.37497401237487793,,,0.6900129318237305,,,,,,,,,,,,,,,,0.3780548572540283,,,0.6228559017181396,,,,,,,,,,,,,,,,,,,
4687,0.6458299160003662,,,,,,,,0.3741610050201416,,,0.7089700698852539,,,,,,,,,,,,,,,,0.3848841190338135,,,0.28812074661254883,,,,,,,,,,,,,,,,,,,
4688,0.6237530708312988,,,,,,,,0.37219786643981934,,,0.6709270477294922,,,,,,,,,,,,,,,,0.43251776695251465,,,0.2897648811340332,,,,,,,,,,,,,,,,,,,
4689,0.6110131740570068,,,,,,,,0.405397891998291,,,0.7377572059631348,,,,,,,,,,,,,,,,0.390430212020874,,,0.6779799461364746,,,,,,,,,,,,,,,,,,,
4690,0.6305580139160156,,,,,,,,0.35434484481811523,,,1.5384891033172607,,,,,,,,,,,,,,,,0.4005868434906006,,,0.7023420333862305,,,,,,,,,,,,,,,,,,,
4691,1.125135898590088,,,,,,,,0.3808310031890869,,,0.6842601299285889,,,,,,,,,,,,,,,,0.40015101432800293,,,0.28905701637268066,,,,,,,,,,,,,,,,,,,
4692,0.617563009262085,,,,,,,,0.3825559616088867,,,0.6890699863433838,,,,,,,,,,,,,,,,0.3871312141418457,,,0.6728830337524414,,,,,,,,,,,,,,,,,,,
4693,1.7699768543243408,,,,,,,,0.36579418182373047,,,0.6876521110534668,,,,,,,,,,,,,,,,0.40993595123291016,,,0.6333081722259521,,,,,,,,,,,,,,,,,,,
4694,0.638934850692749,,,,,,,,0.38594770431518555,,,0.7026269435882568,,,,,,,,,,,,,,,,0.391826868057251,,,1.4698469638824463,,,,,,,,,,,,,,,,,,,
4695,1.782439947128296,,,,,,,,0.3824613094329834,,,0.7083950042724609,,,,,,,,,,,,,,,,0.4024660587310791,,,0.31390905380249023,,,,,,,,,,,,,,,,,,,
4696,3.9235880374908447,,,,,,,,0.37694811820983887,,,0.7040281295776367,,,,,,,,,,,,,,,,0.3897058963775635,,,0.34140801429748535,,,,,,,,,,,,,,,,,,,
4697,0.6479249000549316,,,,,,,,0.35440993309020996,,,0.7033529281616211,,,,,,,,,,,,,,,,0.4005570411682129,,,0.3335990905761719,,,,,,,,,,,,,,,,,,,
4698,1.171234130859375,,,,,,,,0.3829331398010254,,,0.717750072479248,,,,,,,,,,,,,,,,0.4212942123413086,,,0.32585883140563965,,,,,,,,,,,,,,,,,,,
4699,0.6523401737213135,,,,,,,,0.39090418815612793,,,1.4375698566436768,,,,,,,,,,,,,,,,0.40231776237487793,,,0.6380648612976074,,,,,,,,,,,,,,,,,,,
4700,0.644171953201294,,,,,,,,0.36150312423706055,,,0.7133293151855469,,,,,,,,,,,,,,,,0.39945483207702637,,,0.3082771301269531,,,,,,,,,,,,,,,,,,,
4701,2.2933192253112793,,,,,,,,0.3800640106201172,,,0.7153840065002441,,,,,,,,,,,,,,,,0.38515710830688477,,,0.6658320426940918,,,,,,,,,,,,,,,,,,,
4702,0.641211986541748,,,,,,,,0.3831980228424072,,,0.6902830600738525,,,,,,,,,,,,,,,,0.4076399803161621,,,0.6666591167449951,,,,,,,,,,,,,,,,,,,
4703,0.6185462474822998,,,,,,,,0.3619499206542969,,,1.592540979385376,,,,,,,,,,,,,,,,0.417072057723999,,,0.3140227794647217,,,,,,,,,,,,,,,,,,,
4704,1.466963768005371,,,,,,,,0.3988001346588135,,,0.8012101650238037,,,,,,,,,,,,,,,,0.39943814277648926,,,1.1028671264648438,,,,,,,,,,,,,,,,,,,
4705,1.861318826675415,,,,,,,,0.3540799617767334,,,0.678889274597168,,,,,,,,,,,,,,,,0.40437984466552734,,,1.4163908958435059,,,,,,,,,,,,,,,,,,,
4706,1.826016902923584,,,,,,,,0.37717199325561523,,,1.6558940410614014,,,,,,,,,,,,,,,,0.4051358699798584,,,0.6278541088104248,,,,,,,,,,,,,,,,,,,
4707,0.6217038631439209,,,,,,,,0.3742351531982422,,,0.6938161849975586,,,,,,,,,,,,,,,,0.40048980712890625,,,0.7123870849609375,,,,,,,,,,,,,,,,,,,
4708,0.7366230487823486,,,,,,,,0.38188624382019043,,,0.7579269409179688,,,,,,,,,,,,,,,,0.4079718589782715,,,1.4626829624176025,,,,,,,,,,,,,,,,,,,
4709,1.0811021327972412,,,,,,,,0.38573694229125977,,,0.8294868469238281,,,,,,,,,,,,,,,,0.38774895668029785,,,0.6549291610717773,,,,,,,,,,,,,,,,,,,
4710,0.6580560207366943,,,,,,,,0.37425684928894043,,,1.5348618030548096,,,,,,,,,,,,,,,,0.4032559394836426,,,0.6471517086029053,,,,,,,,,,,,,,,,,,,
4711,1.7580440044403076,,,,,,,,0.37256407737731934,,,0.7024078369140625,,,,,,,,,,,,,,,,0.38789892196655273,,,0.6410210132598877,,,,,,,,,,,,,,,,,,,
4712,1.8642590045928955,,,,,,,,0.353377103805542,,,0.7224712371826172,,,,,,,,,,,,,,,,0.40006208419799805,,,0.5930497646331787,,,,,,,,,,,,,,,,,,,
4713,0.6484050750732422,,,,,,,,0.3772873878479004,,,0.6901190280914307,,,,,,,,,,,,,,,,0.4308903217315674,,,0.6629250049591064,,,,,,,,,,,,,,,,,,,
4714,0.6314709186553955,,,,,,,,0.3982548713684082,,,0.6813931465148926,,,,,,,,,,,,,,,,0.3824779987335205,,,0.6424930095672607,,,,,,,,,,,,,,,,,,,
4715,0.6504049301147461,,,,,,,,0.3587052822113037,,,0.7513899803161621,,,,,,,,,,,,,,,,0.37137269973754883,,,0.33722496032714844,,,,,,,,,,,,,,,,,,,
4716,1.1445047855377197,,,,,,,,0.36972594261169434,,,0.6597650051116943,,,,,,,,,,,,,,,,0.38431692123413086,,,0.33504295349121094,,,,,,,,,,,,,,,,,,,
4717,0.6422648429870605,,,,,,,,0.37403392791748047,,,2.911252975463867,,,,,,,,,,,,,,,,0.37108302116394043,,,2.8881027698516846,,,,,,,,,,,,,,,,,,,
4718,1.0492730140686035,,,,,,,,0.3812429904937744,,,3.369993209838867,,,,,,,,,,,,,,,,0.39919614791870117,,,0.6545178890228271,,,,,,,,,,,,,,,,,,,
4719,0.6282927989959717,,,,,,,,0.3778390884399414,,,0.6891140937805176,,,,,,,,,,,,,,,,0.38431787490844727,,,0.634835958480835,,,,,,,,,,,,,,,,,,,
4720,0.6448450088500977,,,,,,,,0.37088680267333984,,,0.6737780570983887,,,,,,,,,,,,,,,,0.36867284774780273,,,0.6305770874023438,,,,,,,,,,,,,,,,,,,
4721,3.1279358863830566,,,,,,,,0.35700082778930664,,,0.7600100040435791,,,,,,,,,,,,,,,,0.3740980625152588,,,0.6552419662475586,,,,,,,,,,,,,,,,,,,
4722,1.928652048110962,,,,,,,,0.35709404945373535,,,1.2021839618682861,,,,,,,,,,,,,,,,0.38675999641418457,,,0.6431379318237305,,,,,,,,,,,,,,,,,,,
4723,0.7507219314575195,,,,,,,,0.3665018081665039,,,0.72763991355896,,,,,,,,,,,,,,,,0.39554595947265625,,,1.0439260005950928,,,,,,,,,,,,,,,,,,,
4724,0.8323278427124023,,,,,,,,0.4035658836364746,,,1.5117628574371338,,,,,,,,,,,,,,,,0.37201499938964844,,,0.6491398811340332,,,,,,,,,,,,,,,,,,,
4725,1.65342116355896,,,,,,,,0.3811469078063965,,,0.7290959358215332,,,,,,,,,,,,,,,,0.3879401683807373,,,0.6542007923126221,,,,,,,,,,,,,,,,,,,
4726,1.107877254486084,,,,,,,,0.3800990581512451,,,1.5168359279632568,,,,,,,,,,,,,,,,0.385638952255249,,,0.6525566577911377,,,,,,,,,,,,,,,,,,,
4727,0.8516089916229248,,,,,,,,0.3557097911834717,,,0.6816182136535645,,,,,,,,,,,,,,,,0.37116479873657227,,,1.4662280082702637,,,,,,,,,,,,,,,,,,,
4728,1.9410319328308105,,,,,,,,0.36470484733581543,,,0.7108731269836426,,,,,,,,,,,,,,,,0.3964979648590088,,,0.28997802734375,,,,,,,,,,,,,,,,,,,
4729,1.427738904953003,,,,,,,,0.3878641128540039,,,0.7138948440551758,,,,,,,,,,,,,,,,0.3836672306060791,,,0.6430060863494873,,,,,,,,,,,,,,,,,,,
4730,0.5953989028930664,,,,,,,,0.3754899501800537,,,0.6648650169372559,,,,,,,,,,,,,,,,0.3663899898529053,,,0.32979512214660645,,,,,,,,,,,,,,,,,,,
4731,0.614910364151001,,,,,,,,0.361814022064209,,,1.6175498962402344,,,,,,,,,,,,,,,,0.37527918815612793,,,0.2910001277923584,,,,,,,,,,,,,,,,,,,
4732,1.1793079376220703,,,,,,,,0.3773989677429199,,,0.6965501308441162,,,,,,,,,,,,,,,,0.39597415924072266,,,0.3099510669708252,,,,,,,,,,,,,,,,,,,
4733,1.358029842376709,,,,,,,,0.3554410934448242,,,1.5214991569519043,,,,,,,,,,,,,,,,0.4187939167022705,,,1.4005622863769531,,,,,,,,,,,,,,,,,,,
4734,1.1292481422424316,,,,,,,,0.378342866897583,,,0.7105212211608887,,,,,,,,,,,,,,,,0.3843231201171875,,,0.6575610637664795,,,,,,,,,,,,,,,,,,,
4735,1.0970799922943115,,,,,,,,0.3730599880218506,,,0.6630229949951172,,,,,,,,,,,,,,,,0.3702206611633301,,,0.6468939781188965,,,,,,,,,,,,,,,,,,,
4736,4.281946182250977,,,,,,,,0.373121976852417,,,0.6768100261688232,,,,,,,,,,,,,,,,0.37145018577575684,,,0.6405110359191895,,,,,,,,,,,,,,,,,,,
4737,1.1286799907684326,,,,,,,,0.3830270767211914,,,1.6683731079101562,,,,,,,,,,,,,,,,0.3679180145263672,,,0.6933238506317139,,,,,,,,,,,,,,,,,,,
4738,1.3918299674987793,,,,,,,,0.3659040927886963,,,0.6754610538482666,,,,,,,,,,,,,,,,0.4147372245788574,,,0.6274538040161133,,,,,,,,,,,,,,,,,,,
4739,2.8218801021575928,,,,,,,,0.3850710391998291,,,4.4206342697143555,,,,,,,,,,,,,,,,0.39708805084228516,,,1.9881577491760254,,,,,,,,,,,,,,,,,,,
4740,2.64784574508667,,,,,,,,0.3826580047607422,,,0.6862268447875977,,,,,,,,,,,,,,,,0.37665772438049316,,,0.6428277492523193,,,,,,,,,,,,,,,,,,,
4741,4.876693964004517,,,,,,,,0.3517630100250244,,,0.6807780265808105,,,,,,,,,,,,,,,,0.3768279552459717,,,0.6245720386505127,,,,,,,,,,,,,,,,,,,
4742,0.6453299522399902,,,,,,,,0.38086605072021484,,,0.7311587333679199,,,,,,,,,,,,,,,,0.3971519470214844,,,0.6607270240783691,,,,,,,,,,,,,,,,,,,
4743,0.6239838600158691,,,,,,,,0.3835299015045166,,,0.689755916595459,,,,,,,,,,,,,,,,0.4236478805541992,,,0.63590407371521,,,,,,,,,,,,,,,,,,,
4744,1.1225621700286865,,,,,,,,0.39107823371887207,,,0.7089390754699707,,,,,,,,,,,,,,,,0.39091992378234863,,,0.6528189182281494,,,,,,,,,,,,,,,,,,,
4745,1.1597418785095215,,,,,,,,0.36040210723876953,,,0.6803758144378662,,,,,,,,,,,,,,,,0.39501190185546875,,,1.1636388301849365,,,,,,,,,,,,,,,,,,,
4746,0.7945871353149414,,,,,,,,0.37894701957702637,,,0.9889609813690186,,,,,,,,,,,,,,,,0.40732383728027344,,,1.8473119735717773,,,,,,,,,,,,,,,,,,,
4747,1.7957861423492432,,,,,,,,0.3804798126220703,,,0.6742761135101318,,,,,,,,,,,,,,,,0.41684508323669434,,,0.6731839179992676,,,,,,,,,,,,,,,,,,,
4748,0.8300631046295166,,,,,,,,0.3517317771911621,,,0.6859190464019775,,,,,,,,,,,,,,,,0.440554141998291,,,0.6548938751220703,,,,,,,,,,,,,,,,,,,
4749,1.7651822566986084,,,,,,,,0.4002110958099365,,,0.6671607494354248,,,,,,,,,,,,,,,,0.3986649513244629,,,0.6494050025939941,,,,,,,,,,,,,,,,,,,
4750,1.0778849124908447,,,,,,,,0.3863229751586914,,,0.676807165145874,,,,,,,,,,,,,,,,0.39705491065979004,,,0.6746311187744141,,,,,,,,,,,,,,,,,,,
4751,1.4917922019958496,,,,,,,,0.37854909896850586,,,1.1876919269561768,,,,,,,,,,,,,,,,0.3928110599517822,,,0.6527390480041504,,,,,,,,,,,,,,,,,,,
4752,0.6891458034515381,,,,,,,,0.3710179328918457,,,1.556689977645874,,,,,,,,,,,,,,,,0.39220094680786133,,,1.0444679260253906,,,,,,,,,,,,,,,,,,,
4753,1.1423029899597168,,,,,,,,0.36899304389953613,,,0.6694920063018799,,,,,,,,,,,,,,,,0.42694997787475586,,,0.6554551124572754,,,,,,,,,,,,,,,,,,,
4754,0.6040351390838623,,,,,,,,0.4065580368041992,,,0.6795358657836914,,,,,,,,,,,,,,,,0.41389894485473633,,,0.6634521484375,,,,,,,,,,,,,,,,,,,
4755,0.6640880107879639,,,,,,,,0.38282084465026855,,,0.709446907043457,,,,,,,,,,,,,,,,0.40558791160583496,,,0.32805418968200684,,,,,,,,,,,,,,,,,,,
4756,1.1228740215301514,,,,,,,,0.3534531593322754,,,0.6861250400543213,,,,,,,,,,,,,,,,0.3891611099243164,,,0.6281793117523193,,,,,,,,,,,,,,,,,,,
4757,1.1121208667755127,,,,,,,,0.3657801151275635,,,0.703495979309082,,,,,,,,,,,,,,,,0.4042930603027344,,,1.1243500709533691,,,,,,,,,,,,,,,,,,,
4758,0.6473100185394287,,,,,,,,0.36400723457336426,,,0.7023172378540039,,,,,,,,,,,,,,,,0.41571927070617676,,,2.7734978199005127,,,,,,,,,,,,,,,,,,,
4759,1.1026771068572998,,,,,,,,0.4036400318145752,,,1.3846170902252197,,,,,,,,,,,,,,,,0.4028301239013672,,,1.6911327838897705,,,,,,,,,,,,,,,,,,,
4760,6.330934762954712,,,,,,,,0.37891101837158203,,,0.6809489727020264,,,,,,,,,,,,,,,,0.38603901863098145,,,2.189122200012207,,,,,,,,,,,,,,,,,,,
4761,1.0813870429992676,,,,,,,,0.38202691078186035,,,0.6778459548950195,,,,,,,,,,,,,,,,0.3832120895385742,,,1.2390551567077637,,,,,,,,,,,,,,,,,,,
4762,1.0748610496520996,,,,,,,,0.36260199546813965,,,1.832502841949463,,,,,,,,,,,,,,,,0.40441203117370605,,,2.746569871902466,,,,,,,,,,,,,,,,,,,
4763,0.6243391036987305,,,,,,,,0.3555872440338135,,,1.602365255355835,,,,,,,,,,,,,,,,0.41918182373046875,,,1.4816389083862305,,,,,,,,,,,,,,,,,,,
4764,1.503575086593628,,,,,,,,0.38921022415161133,,,1.5448617935180664,,,,,,,,,,,,,,,,0.38977718353271484,,,2.255324125289917,,,,,,,,,,,,,,,,,,,
4765,1.0681850910186768,,,,,,,,0.3798847198486328,,,0.6729929447174072,,,,,,,,,,,,,,,,0.3720078468322754,,,1.0160412788391113,,,,,,,,,,,,,,,,,,,
4766,1.4835808277130127,,,,,,,,0.3854520320892334,,,1.3789420127868652,,,,,,,,,,,,,,,,0.3721010684967041,,,0.6686429977416992,,,,,,,,,,,,,,,,,,,
4767,0.6729233264923096,,,,,,,,0.3614058494567871,,,1.524811029434204,,,,,,,,,,,,,,,,0.36916232109069824,,,3.5377650260925293,,,,,,,,,,,,,,,,,,,
4768,0.6584446430206299,,,,,,,,0.36589789390563965,,,1.3660759925842285,,,,,,,,,,,,,,,,0.407437801361084,,,0.33278322219848633,,,,,,,,,,,,,,,,,,,
4769,1.4475719928741455,,,,,,,,0.40085721015930176,,,2.293653964996338,,,,,,,,,,,,,,,,0.3888239860534668,,,1.116894006729126,,,,,,,,,,,,,,,,,,,
4770,1.456836223602295,,,,,,,,0.38254594802856445,,,0.7027468681335449,,,,,,,,,,,,,,,,0.37015795707702637,,,0.6779460906982422,,,,,,,,,,,,,,,,,,,
4771,1.1793062686920166,,,,,,,,0.35587000846862793,,,1.5388259887695312,,,,,,,,,,,,,,,,0.37084388732910156,,,2.8235881328582764,,,,,,,,,,,,,,,,,,,
4772,1.4426288604736328,,,,,,,,0.38031888008117676,,,0.6697509288787842,,,,,,,,,,,,,,,,0.3926270008087158,,,2.560141086578369,,,,,,,,,,,,,,,,,,,
4773,1.113347053527832,,,,,,,,0.36513686180114746,,,1.4083971977233887,,,,,,,,,,,,,,,,0.39870381355285645,,,1.4957139492034912,,,,,,,,,,,,,,,,,,,
4774,1.1421267986297607,,,,,,,,0.38660097122192383,,,1.4309239387512207,,,,,,,,,,,,,,,,0.36678004264831543,,,1.0855376720428467,,,,,,,,,,,,,,,,,,,
4775,1.9084217548370361,,,,,,,,0.37465596199035645,,,0.6556689739227295,,,,,,,,,,,,,,,,0.3880929946899414,,,0.7709372043609619,,,,,,,,,,,,,,,,,,,
4776,0.6772589683532715,,,,,,,,0.36209893226623535,,,1.3917508125305176,,,,,,,,,,,,,,,,0.3697972297668457,,,1.0486388206481934,,,,,,,,,,,,,,,,,,,
4777,5.97528076171875,,,,,,,,0.37811803817749023,,,2.2915029525756836,,,,,,,,,,,,,,,,0.39523911476135254,,,0.6979870796203613,,,,,,,,,,,,,,,,,,,
4778,1.902163028717041,,,,,,,,0.356762170791626,,,1.380481243133545,,,,,,,,,,,,,,,,0.416780948638916,,,1.5534040927886963,,,,,,,,,,,,,,,,,,,
4779,0.7622101306915283,,,,,,,,0.4051840305328369,,,0.6818780899047852,,,,,,,,,,,,,,,,0.38889312744140625,,,1.1702890396118164,,,,,,,,,,,,,,,,,,,
4780,2.293574094772339,,,,,,,,0.3829050064086914,,,1.5206341743469238,,,,,,,,,,,,,,,,0.3704710006713867,,,1.4001410007476807,,,,,,,,,,,,,,,,,,,
4781,0.9175312519073486,,,,,,,,0.3652150630950928,,,1.7905759811401367,,,,,,,,,,,,,,,,0.37176990509033203,,,0.6274471282958984,,,,,,,,,,,,,,,,,,,
4782,0.6237051486968994,,,,,,,,0.36159324645996094,,,2.454172134399414,,,,,,,,,,,,,,,,0.3782219886779785,,,0.6839208602905273,,,,,,,,,,,,,,,,,,,
4783,1.100498914718628,,,,,,,,0.37810206413269043,,,1.448671817779541,,,,,,,,,,,,,,,,0.41725707054138184,,,0.6665349006652832,,,,,,,,,,,,,,,,,,,
4784,1.4345719814300537,,,,,,,,0.40720486640930176,,,0.6776289939880371,,,,,,,,,,,,,,,,0.3687927722930908,,,0.7214798927307129,,,,,,,,,,,,,,,,,,,
4785,0.6354639530181885,,,,,,,,0.3567359447479248,,,1.5506548881530762,,,,,,,,,,,,,,,,0.397320032119751,,,0.695404052734375,,,,,,,,,,,,,,,,,,,
4786,0.6601271629333496,,,,,,,,0.35834431648254395,,,4.4334797859191895,,,,,,,,,,,,,,,,0.3929710388183594,,,1.285904884338379,,,,,,,,,,,,,,,,,,,
4787,0.6430449485778809,,,,,,,,0.3591592311859131,,,1.7734107971191406,,,,,,,,,,,,,,,,0.38590312004089355,,,0.6996736526489258,,,,,,,,,,,,,,,,,,,
4788,0.6447532176971436,,,,,,,,0.36664414405822754,,,2.5010581016540527,,,,,,,,,,,,,,,,0.39786314964294434,,,0.9945333003997803,,,,,,,,,,,,,,,,,,,
4789,5.791071891784668,,,,,,,,0.40291380882263184,,,0.6763057708740234,,,,,,,,,,,,,,,,0.3694009780883789,,,0.6307163238525391,,,,,,,,,,,,,,,,,,,
4790,1.1572778224945068,,,,,,,,0.3766798973083496,,,1.4412457942962646,,,,,,,,,,,,,,,,0.37961483001708984,,,0.7828118801116943,,,,,,,,,,,,,,,,,,,
4791,0.619459867477417,,,,,,,,0.3754448890686035,,,1.4264612197875977,,,,,,,,,,,,,,,,0.3955409526824951,,,0.7222161293029785,,,,,,,,,,,,,,,,,,,
4792,0.6633388996124268,,,,,,,,0.38094496726989746,,,4.326528072357178,,,,,,,,,,,,,,,,0.3929789066314697,,,1.111396312713623,,,,,,,,,,,,,,,,,,,
4793,1.047719955444336,,,,,,,,0.35979175567626953,,,0.6769249439239502,,,,,,,,,,,,,,,,0.43762707710266113,,,0.7157797813415527,,,,,,,,,,,,,,,,,,,
4794,1.435180902481079,,,,,,,,0.3878960609436035,,,0.6815860271453857,,,,,,,,,,,,,,,,0.4067878723144531,,,1.5032141208648682,,,,,,,,,,,,,,,,,,,
4795,0.6726577281951904,,,,,,,,0.3650949001312256,,,1.7947959899902344,,,,,,,,,,,,,,,,0.4106450080871582,,,1.5688371658325195,,,,,,,,,,,,,,,,,,,
4796,1.5752570629119873,,,,,,,,0.36290407180786133,,,0.6601517200469971,,,,,,,,,,,,,,,,0.41266894340515137,,,3.0427510738372803,,,,,,,,,,,,,,,,,,,
4797,1.101510763168335,,,,,,,,0.37003231048583984,,,1.4954838752746582,,,,,,,,,,,,,,,,0.4255681037902832,,,0.3165900707244873,,,,,,,,,,,,,,,,,,,
4798,0.6484377384185791,,,,,,,,0.3622250556945801,,,1.7836971282958984,,,,,,,,,,,,,,,,0.4535181522369385,,,2.153964042663574,,,,,,,,,,,,,,,,,,,
4799,0.616225004196167,,,,,,,,0.4072389602661133,,,0.680405855178833,,,,,,,,,,,,,,,,0.3821728229522705,,,1.4651908874511719,,,,,,,,,,,,,,,,,,,
4800,0.6499912738800049,,,,,,,,0.3580789566040039,,,0.7028939723968506,,,,,,,,,,,,,,,,0.40223193168640137,,,0.6739139556884766,,,,,,,,,,,,,,,,,,,
4801,1.1212260723114014,,,,,,,,0.3764610290527344,,,0.6989760398864746,,,,,,,,,,,,,,,,0.39144301414489746,,,0.6597979068756104,,,,,,,,,,,,,,,,,,,
4802,4.574189901351929,,,,,,,,0.36656808853149414,,,5.4591779708862305,,,,,,,,,,,,,,,,0.4031963348388672,,,1.159593105316162,,,,,,,,,,,,,,,,,,,
4803,1.419267177581787,,,,,,,,0.36504101753234863,,,8.234436273574829,,,,,,,,,,,,,,,,0.4260737895965576,,,0.3146071434020996,,,,,,,,,,,,,,,,,,,
4804,0.633303165435791,,,,,,,,0.3936960697174072,,,0.7164647579193115,,,,,,,,,,,,,,,,0.3810281753540039,,,0.6852960586547852,,,,,,,,,,,,,,,,,,,
4805,1.4477620124816895,,,,,,,,0.36597204208374023,,,7.352698802947998,,,,,,,,,,,,,,,,0.37957096099853516,,,1.3392388820648193,,,,,,,,,,,,,,,,,,,
4806,0.6483860015869141,,,,,,,,0.38692498207092285,,,0.6806468963623047,,,,,,,,,,,,,,,,0.3853580951690674,,,0.7203559875488281,,,,,,,,,,,,,,,,,,,
4807,3.148179054260254,,,,,,,,0.3558499813079834,,,0.6914961338043213,,,,,,,,,,,,,,,,0.40161681175231934,,,1.1166636943817139,,,,,,,,,,,,,,,,,,,
4808,1.1545031070709229,,,,,,,,0.36177825927734375,,,1.4319109916687012,,,,,,,,,,,,,,,,0.4286479949951172,,,1.153994083404541,,,,,,,,,,,,,,,,,,,
4809,1.2138068675994873,,,,,,,,0.3983001708984375,,,0.6728639602661133,,,,,,,,,,,,,,,,0.3946850299835205,,,1.0576272010803223,,,,,,,,,,,,,,,,,,,
4810,1.4881651401519775,,,,,,,,0.36719274520874023,,,0.6762852668762207,,,,,,,,,,,,,,,,0.3869500160217285,,,0.6525876522064209,,,,,,,,,,,,,,,,,,,
4811,0.6537809371948242,,,,,,,,0.36059021949768066,,,0.6820578575134277,,,,,,,,,,,,,,,,0.37535786628723145,,,1.4241080284118652,,,,,,,,,,,,,,,,,,,
4812,1.4717450141906738,,,,,,,,0.37996697425842285,,,2.4678447246551514,,,,,,,,,,,,,,,,0.3809061050415039,,,2.497844934463501,,,,,,,,,,,,,,,,,,,
4813,1.1844210624694824,,,,,,,,0.38292622566223145,,,0.676058292388916,,,,,,,,,,,,,,,,0.4046938419342041,,,1.3014600276947021,,,,,,,,,,,,,,,,,,,
4814,1.10172700881958,,,,,,,,0.3861241340637207,,,0.6918060779571533,,,,,,,,,,,,,,,,0.39226222038269043,,,0.701016902923584,,,,,,,,,,,,,,,,,,,
4815,1.4542059898376465,,,,,,,,0.3573911190032959,,,1.4328029155731201,,,,,,,,,,,,,,,,0.3962979316711426,,,3.5699827671051025,,,,,,,,,,,,,,,,,,,
4816,1.4729526042938232,,,,,,,,0.36159491539001465,,,0.6679730415344238,,,,,,,,,,,,,,,,0.40245580673217773,,,1.4894330501556396,,,,,,,,,,,,,,,,,,,
4817,0.6541850566864014,,,,,,,,0.3638288974761963,,,0.6873159408569336,,,,,,,,,,,,,,,,0.393007755279541,,,0.6560609340667725,,,,,,,,,,,,,,,,,,,
4818,0.6545522212982178,,,,,,,,0.3815310001373291,,,0.6939680576324463,,,,,,,,,,,,,,,,0.4049661159515381,,,0.7229571342468262,,,,,,,,,,,,,,,,,,,
4819,0.6268601417541504,,,,,,,,0.40425872802734375,,,0.7045390605926514,,,,,,,,,,,,,,,,0.3834090232849121,,,1.4770722389221191,,,,,,,,,,,,,,,,,,,
4820,1.1335082054138184,,,,,,,,0.3643627166748047,,,17.759145975112915,,,,,,,,,,,,,,,,0.3854861259460449,,,0.6701300144195557,,,,,,,,,,,,,,,,,,,
4821,1.0943169593811035,,,,,,,,0.3632330894470215,,,0.674360990524292,,,,,,,,,,,,,,,,0.3987729549407959,,,1.9694690704345703,,,,,,,,,,,,,,,,,,,
4822,1.423771858215332,,,,,,,,0.3557591438293457,,,0.6968791484832764,,,,,,,,,,,,,,,,0.40141820907592773,,,0.6738870143890381,,,,,,,,,,,,,,,,,,,
4823,1.4167962074279785,,,,,,,,0.3624849319458008,,,0.6855001449584961,,,,,,,,,,,,,,,,0.42186903953552246,,,1.1853251457214355,,,,,,,,,,,,,,,,,,,
4824,0.6185488700866699,,,,,,,,0.4095478057861328,,,4.41142201423645,,,,,,,,,,,,,,,,0.3760969638824463,,,1.6627461910247803,,,,,,,,,,,,,,,,,,,
4825,1.1480040550231934,,,,,,,,0.3796679973602295,,,0.8201329708099365,,,,,,,,,,,,,,,,0.3778088092803955,,,1.341991901397705,,,,,,,,,,,,,,,,,,,
4826,1.4488940238952637,,,,,,,,0.3636648654937744,,,0.673598051071167,,,,,,,,,,,,,,,,0.37556910514831543,,,0.644711971282959,,,,,,,,,,,,,,,,,,,
4827,1.1436882019042969,,,,,,,,0.38385009765625,,,1.4372081756591797,,,,,,,,,,,,,,,,0.401123046875,,,1.9941811561584473,,,,,,,,,,,,,,,,,,,
4828,1.9818477630615234,,,,,,,,0.3652958869934082,,,1.562121868133545,,,,,,,,,,,,,,,,0.4266090393066406,,,2.0071589946746826,,,,,,,,,,,,,,,,,,,
4829,4.244658946990967,,,,,,,,0.388751745223999,,,0.6783947944641113,,,,,,,,,,,,,,,,0.39434385299682617,,,11.4636549949646,,,,,,,,,,,,,,,,,,,
4830,3.5593090057373047,,,,,,,,0.3559272289276123,,,0.6784887313842773,,,,,,,,,,,,,,,,0.37757301330566406,,,4.510340929031372,,,,,,,,,,,,,,,,,,,
4831,0.6223230361938477,,,,,,,,0.3694179058074951,,,0.8111107349395752,,,,,,,,,,,,,,,,0.39478206634521484,,,3.0749781131744385,,,,,,,,,,,,,,,,,,,
4832,0.6153430938720703,,,,,,,,0.3749568462371826,,,3.273665189743042,,,,,,,,,,,,,,,,0.39113616943359375,,,2.3218841552734375,,,,,,,,,,,,,,,,,,,
4833,0.6259748935699463,,,,,,,,0.3826889991760254,,,1.9934730529785156,,,,,,,,,,,,,,,,0.40314388275146484,,,2.70755672454834,,,,,,,,,,,,,,,,,,,
4834,1.8572869300842285,,,,,,,,0.3889169692993164,,,1.884660005569458,,,,,,,,,,,,,,,,0.3946690559387207,,,2.5593740940093994,,,,,,,,,,,,,,,,,,,
4835,1.5220999717712402,,,,,,,,0.36244726181030273,,,2.313163995742798,,,,,,,,,,,,,,,,0.3852260112762451,,,5.44144082069397,,,,,,,,,,,,,,,,,,,
4836,1.1441798210144043,,,,,,,,0.38045597076416016,,,1.3968839645385742,,,,,,,,,,,,,,,,0.3881990909576416,,,21.820886850357056,,,,,,,,,,,,,,,,,,,
4837,1.4537830352783203,,,,,,,,0.3565230369567871,,,1.5754809379577637,,,,,,,,,,,,,,,,0.39864492416381836,,,1.2058601379394531,,,,,,,,,,,,,,,,,,,
4838,1.132045030593872,,,,,,,,0.37853097915649414,,,0.6530060768127441,,,,,,,,,,,,,,,,0.42888784408569336,,,21.702498197555542,,,,,,,,,,,,,,,,,,,
4839,2.1538150310516357,,,,,,,,0.39171886444091797,,,0.6988332271575928,,,,,,,,,,,,,,,,0.39357590675354004,,,1.1889116764068604,,,,,,,,,,,,,,,,,,,
4840,0.628821849822998,,,,,,,,0.36412477493286133,,,2.62738037109375,,,,,,,,,,,,,,,,0.3717920780181885,,,1.9318947792053223,,,,,,,,,,,,,,,,,,,
4841,1.8814599514007568,,,,,,,,0.36260509490966797,,,1.5152091979980469,,,,,,,,,,,,,,,,0.3743619918823242,,,7.667755126953125,,,,,,,,,,,,,,,,,,,
4842,0.6515038013458252,,,,,,,,0.3768467903137207,,,1.5577330589294434,,,,,,,,,,,,,,,,0.3818931579589844,,,0.6796910762786865,,,,,,,,,,,,,,,,,,,
4843,1.9875688552856445,,,,,,,,0.38303112983703613,,,1.5196809768676758,,,,,,,,,,,,,,,,0.4154820442199707,,,2.6791841983795166,,,,,,,,,,,,,,,,,,,
4844,1.8581290245056152,,,,,,,,0.3829991817474365,,,1.407886028289795,,,,,,,,,,,,,,,,0.39775896072387695,,,6.665408134460449,,,,,,,,,,,,,,,,,,,
4845,1.164660930633545,,,,,,,,0.3654642105102539,,,1.5215768814086914,,,,,,,,,,,,,,,,0.3948650360107422,,,7.805103063583374,,,,,,,,,,,,,,,,,,,
4846,1.7705769538879395,,,,,,,,0.3882472515106201,,,1.4006879329681396,,,,,,,,,,,,,,,,0.40438199043273926,,,1.1065311431884766,,,,,,,,,,,,,,,,,,,
4847,1.9302659034729004,,,,,,,,0.3619389533996582,,,0.690230131149292,,,,,,,,,,,,,,,,0.38722991943359375,,,21.692060947418213,,,,,,,,,,,,,,,,,,,
4848,1.862917184829712,,,,,,,,0.3843808174133301,,,0.6573741436004639,,,,,,,,,,,,,,,,0.40436387062072754,,,1.2461142539978027,,,,,,,,,,,,,,,,,,,
4849,1.0920040607452393,,,,,,,,0.3908209800720215,,,0.3511340618133545,,,,,,,,,,,,,,,,0.3774580955505371,,,1.645618200302124,,,,,,,,,,,,,,,,,,,
4850,0.6249988079071045,,,,,,,,0.3669853210449219,,,0.6581530570983887,,,,,,,,,,,,,,,,0.3779919147491455,,,1.4884350299835205,,,,,,,,,,,,,,,,,,,
4851,6.198157787322998,,,,,,,,0.38515496253967285,,,0.7494289875030518,,,,,,,,,,,,,,,,0.3884108066558838,,,1.1329903602600098,,,,,,,,,,,,,,,,,,,
4852,1.1171550750732422,,,,,,,,0.3576390743255615,,,1.77205491065979,,,,,,,,,,,,,,,,0.40543699264526367,,,1.49924898147583,,,,,,,,,,,,,,,,,,,
4853,2.1739819049835205,,,,,,,,0.36119794845581055,,,0.6618640422821045,,,,,,,,,,,,,,,,0.4469611644744873,,,2.666301965713501,,,,,,,,,,,,,,,,,,,
4854,0.912621021270752,,,,,,,,0.3892228603363037,,,0.8454408645629883,,,,,,,,,,,,,,,,0.41951894760131836,,,0.6638619899749756,,,,,,,,,,,,,,,,,,,
4855,1.478518009185791,,,,,,,,0.3825862407684326,,,0.6299228668212891,,,,,,,,,,,,,,,,0.40744709968566895,,,0.679542064666748,,,,,,,,,,,,,,,,,,,
4856,1.0479259490966797,,,,,,,,0.37132811546325684,,,0.6879920959472656,,,,,,,,,,,,,,,,0.42255210876464844,,,0.708899736404419,,,,,,,,,,,,,,,,,,,
4857,0.6387441158294678,,,,,,,,0.3720681667327881,,,0.6973068714141846,,,,,,,,,,,,,,,,0.4302327632904053,,,0.6614170074462891,,,,,,,,,,,,,,,,,,,
4858,1.3205318450927734,,,,,,,,0.36288881301879883,,,1.3792388439178467,,,,,,,,,,,,,,,,0.4448521137237549,,,0.6518700122833252,,,,,,,,,,,,,,,,,,,
4859,1.4244651794433594,,,,,,,,0.382004976272583,,,1.5180518627166748,,,,,,,,,,,,,,,,0.43658900260925293,,,0.630760908126831,,,,,,,,,,,,,,,,,,,
4860,0.3702206611633301,,,,,,,,0.36382579803466797,,,0.6883299350738525,,,,,,,,,,,,,,,,0.41501402854919434,,,0.6771759986877441,,,,,,,,,,,,,,,,,,,
4861,6.429460048675537,,,,,,,,0.3799018859863281,,,0.7020280361175537,,,,,,,,,,,,,,,,0.43845486640930176,,,1.4570870399475098,,,,,,,,,,,,,,,,,,,
4862,1.8927202224731445,,,,,,,,0.3796660900115967,,,0.6464481353759766,,,,,,,,,,,,,,,,0.40604424476623535,,,1.1608409881591797,,,,,,,,,,,,,,,,,,,
4863,1.3788669109344482,,,,,,,,0.36356306076049805,,,0.7250173091888428,,,,,,,,,,,,,,,,0.4341111183166504,,,1.1667661666870117,,,,,,,,,,,,,,,,,,,
4864,1.8701648712158203,,,,,,,,0.38608312606811523,,,1.401460886001587,,,,,,,,,,,,,,,,0.3931539058685303,,,0.644036054611206,,,,,,,,,,,,,,,,,,,
4865,1.0883400440216064,,,,,,,,0.383012056350708,,,0.32715392112731934,,,,,,,,,,,,,,,,0.4001479148864746,,,0.6531338691711426,,,,,,,,,,,,,,,,,,,
4866,1.0670709609985352,,,,,,,,0.3584859371185303,,,0.3436429500579834,,,,,,,,,,,,,,,,0.3916890621185303,,,0.6716411113739014,,,,,,,,,,,,,,,,,,,
4867,1.0978648662567139,,,,,,,,0.37844014167785645,,,0.7214641571044922,,,,,,,,,,,,,,,,0.40761899948120117,,,0.6503539085388184,,,,,,,,,,,,,,,,,,,
4868,2.7335948944091797,,,,,,,,0.376223087310791,,,0.7148799896240234,,,,,,,,,,,,,,,,0.4371609687805176,,,0.6538901329040527,,,,,,,,,,,,,,,,,,,
4869,1.4782161712646484,,,,,,,,0.39981627464294434,,,1.572740077972412,,,,,,,,,,,,,,,,0.3892548084259033,,,1.4728128910064697,,,,,,,,,,,,,,,,,,,
4870,1.8534438610076904,,,,,,,,0.3828611373901367,,,0.6373541355133057,,,,,,,,,,,,,,,,0.38150668144226074,,,0.6709988117218018,,,,,,,,,,,,,,,,,,,
4871,3.419830799102783,,,,,,,,0.361436128616333,,,18.441006660461426,,,,,,,,,,,,,,,,0.397799015045166,,,1.3808119297027588,,,,,,,,,,,,,,,,,,,
4872,1.1171329021453857,,,,,,,,0.36583876609802246,,,1.3783528804779053,,,,,,,,,,,,,,,,0.38417696952819824,,,0.6401803493499756,,,,,,,,,,,,,,,,,,,
4873,4.312716007232666,,,,,,,,0.35793304443359375,,,22.609162092208862,,,,,,,,,,,,,,,,0.4124469757080078,,,0.6717450618743896,,,,,,,,,,,,,,,,,,,
4874,1.8896980285644531,,,,,,,,0.39838600158691406,,,22.554561853408813,,,,,,,,,,,,,,,,0.39730310440063477,,,0.7007973194122314,,,,,,,,,,,,,,,,,,,
4875,1.096297025680542,,,,,,,,0.3868749141693115,,,0.7574062347412109,,,,,,,,,,,,,,,,0.3810431957244873,,,0.6469681262969971,,,,,,,,,,,,,,,,,,,
4876,1.879850149154663,,,,,,,,0.3753490447998047,,,0.7012250423431396,,,,,,,,,,,,,,,,0.40099191665649414,,,0.6523971557617188,,,,,,,,,,,,,,,,,,,
4877,2.692758083343506,,,,,,,,0.3689110279083252,,,0.6841628551483154,,,,,,,,,,,,,,,,0.3717770576477051,,,0.6934330463409424,,,,,,,,,,,,,,,,,,,
4878,0.6224310398101807,,,,,,,,0.36185288429260254,,,0.6896519660949707,,,,,,,,,,,,,,,,0.39649391174316406,,,0.6291940212249756,,,,,,,,,,,,,,,,,,,
4879,0.5447812080383301,,,,,,,,0.40398287773132324,,,2.8211071491241455,,,,,,,,,,,,,,,,0.3909871578216553,,,0.6415197849273682,,,,,,,,,,,,,,,,,,,
4880,1.083820104598999,,,,,,,,0.3820219039916992,,,22.57613730430603,,,,,,,,,,,,,,,,0.39455223083496094,,,0.6478309631347656,,,,,,,,,,,,,,,,,,,
4881,2.6958298683166504,,,,,,,,0.3570539951324463,,,1.724923849105835,,,,,,,,,,,,,,,,0.38245368003845215,,,0.6747100353240967,,,,,,,,,,,,,,,,,,,
4882,1.0809597969055176,,,,,,,,0.3638877868652344,,,22.575052976608276,,,,,,,,,,,,,,,,0.3716239929199219,,,0.6800251007080078,,,,,,,,,,,,,,,,,,,
4883,2.6548657417297363,,,,,,,,0.3622598648071289,,,22.61422610282898,,,,,,,,,,,,,,,,0.3959050178527832,,,0.6277658939361572,,,,,,,,,,,,,,,,,,,
4884,0.693378210067749,,,,,,,,0.4054751396179199,,,22.46676516532898,,,,,,,,,,,,,,,,0.38851475715637207,,,0.6607329845428467,,,,,,,,,,,,,,,,,,,
4885,2.661530017852783,,,,,,,,0.38060903549194336,,,2.8663580417633057,,,,,,,,,,,,,,,,0.3683171272277832,,,0.7806401252746582,,,,,,,,,,,,,,,,,,,
4886,3.895341634750366,,,,,,,,0.38057613372802734,,,0.6755728721618652,,,,,,,,,,,,,,,,0.37900424003601074,,,0.6461300849914551,,,,,,,,,,,,,,,,,,,
4887,1.1125051975250244,,,,,,,,0.38963818550109863,,,2.022878885269165,,,,,,,,,,,,,,,,0.3769526481628418,,,0.680537223815918,,,,,,,,,,,,,,,,,,,
4888,1.1663999557495117,,,,,,,,0.358335018157959,,,22.661518096923828,,,,,,,,,,,,,,,,0.41831398010253906,,,0.6830108165740967,,,,,,,,,,,,,,,,,,,
4889,2.7246830463409424,,,,,,,,0.39750194549560547,,,0.5253350734710693,,,,,,,,,,,,,,,,0.39679694175720215,,,1.4446730613708496,,,,,,,,,,,,,,,,,,,
4890,1.0479872226715088,,,,,,,,0.37552309036254883,,,0.9985949993133545,,,,,,,,,,,,,,,,0.3969101905822754,,,0.6527812480926514,,,,,,,,,,,,,,,,,,,
4891,1.1051959991455078,,,,,,,,0.38292980194091797,,,0.6587498188018799,,,,,,,,,,,,,,,,0.3763389587402344,,,1.373272180557251,,,,,,,,,,,,,,,,,,,
4892,5.812124013900757,,,,,,,,0.36429286003112793,,,1.5160748958587646,,,,,,,,,,,,,,,,0.36928796768188477,,,1.44045090675354,,,,,,,,,,,,,,,,,,,
4893,3.156771183013916,,,,,,,,0.3868379592895508,,,1.465512752532959,,,,,,,,,,,,,,,,0.4033691883087158,,,0.6617059707641602,,,,,,,,,,,,,,,,,,,
4894,0.3498082160949707,,,,,,,,0.41424083709716797,,,1.5241179466247559,,,,,,,,,,,,,,,,0.39308905601501465,,,1.4779260158538818,,,,,,,,,,,,,,,,,,,
4895,6.253943204879761,,,,,,,,0.37804102897644043,,,0.6568236351013184,,,,,,,,,,,,,,,,0.3957052230834961,,,0.6488490104675293,,,,,,,,,,,,,,,,,,,
4896,5.062027931213379,,,,,,,,0.35955286026000977,,,2.296302080154419,,,,,,,,,,,,,,,,0.378460168838501,,,1.4570307731628418,,,,,,,,,,,,,,,,,,,
4897,1.4544389247894287,,,,,,,,0.3790712356567383,,,22.654283046722412,,,,,,,,,,,,,,,,0.38918519020080566,,,1.4519321918487549,,,,,,,,,,,,,,,,,,,
4898,1.711378812789917,,,,,,,,0.3626890182495117,,,22.38115882873535,,,,,,,,,,,,,,,,0.40404796600341797,,,0.6372160911560059,,,,,,,,,,,,,,,,,,,
4899,20.815670013427734,,,,,,,,0.39078569412231445,,,1.5009148120880127,,,,,,,,,,,,,,,,0.36960625648498535,,,0.6391761302947998,,,,,,,,,,,,,,,,,,,
4900,0.5514211654663086,,,,,,,,0.37104201316833496,,,1.522110939025879,,,,,,,,,,,,,,,,0.37264323234558105,,,0.6776111125946045,,,,,,,,,,,,,,,,,,,
4901,3.510521173477173,,,,,,,,0.361083984375,,,1.482978105545044,,,,,,,,,,,,,,,,0.3909928798675537,,,1.4493048191070557,,,,,,,,,,,,,,,,,,,
4902,1.210310935974121,,,,,,,,0.381821870803833,,,1.5163698196411133,,,,,,,,,,,,,,,,0.3735480308532715,,,0.6762781143188477,,,,,,,,,,,,,,,,,,,
4903,1.4588890075683594,,,,,,,,0.3611640930175781,,,1.492901086807251,,,,,,,,,,,,,,,,0.4134531021118164,,,0.6652960777282715,,,,,,,,,,,,,,,,,,,
4904,3.4064671993255615,,,,,,,,0.3980748653411865,,,22.490747690200806,,,,,,,,,,,,,,,,0.40805506706237793,,,3.1089320182800293,,,,,,,,,,,,,,,,,,,
4905,20.70565128326416,,,,,,,,0.38437795639038086,,,22.536627054214478,,,,,,,,,,,,,,,,0.38240790367126465,,,3.091608762741089,,,,,,,,,,,,,,,,,,,
4906,0.07857918739318848,,,,,,,,0.3622720241546631,,,22.61753487586975,,,,,,,,,,,,,,,,0.3793950080871582,,,2.307860851287842,,,,,,,,,,,,,,,,,,,
4907,2.710108995437622,,,,,,,,0.3646252155303955,,,22.5716872215271,,,,,,,,,,,,,,,,0.37625598907470703,,,0.6417791843414307,,,,,,,,,,,,,,,,,,,
4908,8.964116096496582,,,,,,,,0.37903499603271484,,,,,,,,,,,,,,,,,,,0.43230700492858887,,,1.4649901390075684,,,,,,,,,,,,,,,,,,,
4909,5.756334066390991,,,,,,,,0.4054417610168457,,,,,,,,,,,,,,,,,,,0.3778059482574463,,,1.4670817852020264,,,,,,,,,,,,,,,,,,,
4910,4.622935771942139,,,,,,,,0.35929417610168457,,,,,,,,,,,,,,,,,,,0.3991727828979492,,,1.1262249946594238,,,,,,,,,,,,,,,,,,,
4911,3.7786688804626465,,,,,,,,0.3602571487426758,,,,,,,,,,,,,,,,,,,0.3846430778503418,,,1.4696640968322754,,,,,,,,,,,,,,,,,,,
4912,2.00274920463562,,,,,,,,0.360933780670166,,,,,,,,,,,,,,,,,,,0.3837146759033203,,,0.6410038471221924,,,,,,,,,,,,,,,,,,,
4913,3.4295899868011475,,,,,,,,0.3641059398651123,,,,,,,,,,,,,,,,,,,0.4322640895843506,,,0.6769671440124512,,,,,,,,,,,,,,,,,,,
4914,0.6196672916412354,,,,,,,,0.4046788215637207,,,,,,,,,,,,,,,,,,,0.3781716823577881,,,0.652803897857666,,,,,,,,,,,,,,,,,,,
4915,0.6199500560760498,,,,,,,,0.374500036239624,,,,,,,,,,,,,,,,,,,0.37790393829345703,,,2.3462860584259033,,,,,,,,,,,,,,,,,,,
4916,6.986095190048218,,,,,,,,0.37781500816345215,,,,,,,,,,,,,,,,,,,0.38524484634399414,,,1.1423161029815674,,,,,,,,,,,,,,,,,,,
4917,7.374511003494263,,,,,,,,0.3814661502838135,,,,,,,,,,,,,,,,,,,0.3753960132598877,,,0.6520347595214844,,,,,,,,,,,,,,,,,,,
4918,9.715030193328857,,,,,,,,0.3598363399505615,,,,,,,,,,,,,,,,,,,0.42021894454956055,,,0.628338098526001,,,,,,,,,,,,,,,,,,,
4919,20.326688051223755,,,,,,,,0.40876197814941406,,,,,,,,,,,,,,,,,,,0.3962082862854004,,,0.6852359771728516,,,,,,,,,,,,,,,,,,,
4920,8.929762125015259,,,,,,,,0.38231611251831055,,,,,,,,,,,,,,,,,,,0.4000210762023926,,,0.6449449062347412,,,,,,,,,,,,,,,,,,,
4921,5.717461109161377,,,,,,,,0.3785867691040039,,,,,,,,,,,,,,,,,,,0.37470579147338867,,,0.6485600471496582,,,,,,,,,,,,,,,,,,,
4922,12.827502965927124,,,,,,,,0.3646230697631836,,,,,,,,,,,,,,,,,,,0.3931090831756592,,,0.679858922958374,,,,,,,,,,,,,,,,,,,
4923,2.8407158851623535,,,,,,,,0.38758397102355957,,,,,,,,,,,,,,,,,,,0.4043090343475342,,,0.6435749530792236,,,,,,,,,,,,,,,,,,,
4924,10.06813097000122,,,,,,,,0.3890547752380371,,,,,,,,,,,,,,,,,,,0.3753988742828369,,,1.4657108783721924,,,,,,,,,,,,,,,,,,,
4925,20.70544195175171,,,,,,,,0.3582801818847656,,,,,,,,,,,,,,,,,,,0.37640810012817383,,,1.4762020111083984,,,,,,,,,,,,,,,,,,,
4926,0.09429097175598145,,,,,,,,0.363983154296875,,,,,,,,,,,,,,,,,,,0.39795923233032227,,,1.9327571392059326,,,,,,,,,,,,,,,,,,,
4927,1.8446688652038574,,,,,,,,0.3723490238189697,,,,,,,,,,,,,,,,,,,0.39407801628112793,,,1.0557267665863037,,,,,,,,,,,,,,,,,,,
4928,20.57924509048462,,,,,,,,0.36299705505371094,,,,,,,,,,,,,,,,,,,0.4268369674682617,,,1.4382989406585693,,,,,,,,,,,,,,,,,,,
4929,0.09666299819946289,,,,,,,,0.3972902297973633,,,,,,,,,,,,,,,,,,,0.37532591819763184,,,0.664384126663208,,,,,,,,,,,,,,,,,,,
4930,10.082533836364746,,,,,,,,0.38707399368286133,,,,,,,,,,,,,,,,,,,0.39403510093688965,,,0.6470420360565186,,,,,,,,,,,,,,,,,,,
4931,18.897777795791626,,,,,,,,0.3797788619995117,,,,,,,,,,,,,,,,,,,0.40199875831604004,,,1.4181230068206787,,,,,,,,,,,,,,,,,,,
4932,3.96803617477417,,,,,,,,0.3582777976989746,,,,,,,,,,,,,,,,,,,0.3926539421081543,,,0.6472787857055664,,,,,,,,,,,,,,,,,,,
4933,20.610772848129272,,,,,,,,0.3642239570617676,,,,,,,,,,,,,,,,,,,0.4307520389556885,,,0.6360960006713867,,,,,,,,,,,,,,,,,,,
4934,1.304319143295288,,,,,,,,0.39026403427124023,,,,,,,,,,,,,,,,,,,0.3882441520690918,,,1.1106359958648682,,,,,,,,,,,,,,,,,,,
4935,7.564530849456787,,,,,,,,0.38022589683532715,,,,,,,,,,,,,,,,,,,0.3995969295501709,,,0.6254568099975586,,,,,,,,,,,,,,,,,,,
4936,4.226044178009033,,,,,,,,0.3748338222503662,,,,,,,,,,,,,,,,,,,0.3745088577270508,,,1.4378600120544434,,,,,,,,,,,,,,,,,,,
4937,19.17160201072693,,,,,,,,0.36371397972106934,,,,,,,,,,,,,,,,,,,0.40134406089782715,,,1.497795820236206,,,,,,,,,,,,,,,,,,,
4938,,,,,,,,,0.36452388763427734,,,,,,,,,,,,,,,,,,,0.41489315032958984,,,1.4593169689178467,,,,,,,,,,,,,,,,,,,
4939,,,,,,,,,0.4063539505004883,,,,,,,,,,,,,,,,,,,0.3763740062713623,,,21.435190200805664,,,,,,,,,,,,,,,,,,,
4940,,,,,,,,,0.3617987632751465,,,,,,,,,,,,,,,,,,,0.3789029121398926,,,3.3475630283355713,,,,,,,,,,,,,,,,,,,
4941,,,,,,,,,0.36797308921813965,,,,,,,,,,,,,,,,,,,0.3978250026702881,,,1.4694621562957764,,,,,,,,,,,,,,,,,,,
4942,,,,,,,,,0.3638651371002197,,,,,,,,,,,,,,,,,,,0.3885498046875,,,1.9189279079437256,,,,,,,,,,,,,,,,,,,
4943,,,,,,,,,0.37740612030029297,,,,,,,,,,,,,,,,,,,0.4137101173400879,,,1.477510929107666,,,,,,,,,,,,,,,,,,,
4944,,,,,,,,,0.3988509178161621,,,,,,,,,,,,,,,,,,,0.4143359661102295,,,1.5469791889190674,,,,,,,,,,,,,,,,,,,
4945,,,,,,,,,0.3774993419647217,,,,,,,,,,,,,,,,,,,0.41704297065734863,,,0.6603541374206543,,,,,,,,,,,,,,,,,,,
4946,,,,,,,,,0.3831942081451416,,,,,,,,,,,,,,,,,,,0.42322802543640137,,,0.7999708652496338,,,,,,,,,,,,,,,,,,,
4947,,,,,,,,,0.36044812202453613,,,,,,,,,,,,,,,,,,,0.4350590705871582,,,0.6036679744720459,,,,,,,,,,,,,,,,,,,
4948,,,,,,,,,0.3751108646392822,,,,,,,,,,,,,,,,,,,0.4408137798309326,,,0.6668601036071777,,,,,,,,,,,,,,,,,,,
4949,,,,,,,,,0.39181995391845703,,,,,,,,,,,,,,,,,,,0.4345991611480713,,,0.6931989192962646,,,,,,,,,,,,,,,,,,,
4950,,,,,,,,,0.3609659671783447,,,,,,,,,,,,,,,,,,,0.4161810874938965,,,0.6684601306915283,,,,,,,,,,,,,,,,,,,
4951,,,,,,,,,0.3801388740539551,,,,,,,,,,,,,,,,,,,0.4111318588256836,,,1.437272071838379,,,,,,,,,,,,,,,,,,,
4952,,,,,,,,,0.3816819190979004,,,,,,,,,,,,,,,,,,,0.4240450859069824,,,0.6482410430908203,,,,,,,,,,,,,,,,,,,
4953,,,,,,,,,0.38738322257995605,,,,,,,,,,,,,,,,,,,0.45908498764038086,,,3.4402058124542236,,,,,,,,,,,,,,,,,,,
4954,,,,,,,,,0.4062168598175049,,,,,,,,,,,,,,,,,,,0.407991886138916,,,1.1389451026916504,,,,,,,,,,,,,,,,,,,
4955,,,,,,,,,0.36008286476135254,,,,,,,,,,,,,,,,,,,0.4217050075531006,,,3.0558300018310547,,,,,,,,,,,,,,,,,,,
4956,,,,,,,,,0.3757922649383545,,,,,,,,,,,,,,,,,,,0.3964550495147705,,,1.861699104309082,,,,,,,,,,,,,,,,,,,
4957,,,,,,,,,0.36536598205566406,,,,,,,,,,,,,,,,,,,0.3969380855560303,,,1.5105271339416504,,,,,,,,,,,,,,,,,,,
4958,,,,,,,,,0.3630819320678711,,,,,,,,,,,,,,,,,,,0.4194908142089844,,,0.6247110366821289,,,,,,,,,,,,,,,,,,,
4959,,,,,,,,,0.4063260555267334,,,,,,,,,,,,,,,,,,,0.4197568893432617,,,0.6662988662719727,,,,,,,,,,,,,,,,,,,
4960,,,,,,,,,0.37108516693115234,,,,,,,,,,,,,,,,,,,0.3999941349029541,,,0.6507811546325684,,,,,,,,,,,,,,,,,,,
4961,,,,,,,,,0.3779630661010742,,,,,,,,,,,,,,,,,,,0.4193727970123291,,,0.6641778945922852,,,,,,,,,,,,,,,,,,,
4962,,,,,,,,,0.36254096031188965,,,,,,,,,,,,,,,,,,,0.4044468402862549,,,0.6663811206817627,,,,,,,,,,,,,,,,,,,
4963,,,,,,,,,0.3729090690612793,,,,,,,,,,,,,,,,,,,0.42141270637512207,,,0.6989939212799072,,,,,,,,,,,,,,,,,,,
4964,,,,,,,,,0.3940470218658447,,,,,,,,,,,,,,,,,,,0.41704607009887695,,,0.6498682498931885,,,,,,,,,,,,,,,,,,,
4965,,,,,,,,,0.3613262176513672,,,,,,,,,,,,,,,,,,,0.3928952217102051,,,0.6593489646911621,,,,,,,,,,,,,,,,,,,
4966,,,,,,,,,0.36553502082824707,,,,,,,,,,,,,,,,,,,0.4131288528442383,,,1.9178431034088135,,,,,,,,,,,,,,,,,,,
4967,,,,,,,,,0.3744781017303467,,,,,,,,,,,,,,,,,,,0.4091029167175293,,,0.6516590118408203,,,,,,,,,,,,,,,,,,,
4968,,,,,,,,,0.3804621696472168,,,,,,,,,,,,,,,,,,,0.44380736351013184,,,0.646475076675415,,,,,,,,,,,,,,,,,,,
4969,,,,,,,,,0.3885660171508789,,,,,,,,,,,,,,,,,,,0.39939093589782715,,,0.6552572250366211,,,,,,,,,,,,,,,,,,,
4970,,,,,,,,,0.38959693908691406,,,,,,,,,,,,,,,,,,,0.4162001609802246,,,0.6444509029388428,,,,,,,,,,,,,,,,,,,
4971,,,,,,,,,0.3743720054626465,,,,,,,,,,,,,,,,,,,0.4166898727416992,,,0.6975538730621338,,,,,,,,,,,,,,,,,,,
4972,,,,,,,,,0.3675053119659424,,,,,,,,,,,,,,,,,,,0.3978109359741211,,,0.6943759918212891,,,,,,,,,,,,,,,,,,,
4973,,,,,,,,,0.3904860019683838,,,,,,,,,,,,,,,,,,,0.41860389709472656,,,0.6764190196990967,,,,,,,,,,,,,,,,,,,
4974,,,,,,,,,0.4096388816833496,,,,,,,,,,,,,,,,,,,0.39840102195739746,,,0.6496319770812988,,,,,,,,,,,,,,,,,,,
4975,,,,,,,,,0.3788306713104248,,,,,,,,,,,,,,,,,,,0.4174630641937256,,,0.7165050506591797,,,,,,,,,,,,,,,,,,,
4976,,,,,,,,,0.37740015983581543,,,,,,,,,,,,,,,,,,,0.4143068790435791,,,0.6693229675292969,,,,,,,,,,,,,,,,,,,
4977,,,,,,,,,0.36307311058044434,,,,,,,,,,,,,,,,,,,0.40187883377075195,,,1.119797945022583,,,,,,,,,,,,,,,,,,,
4978,,,,,,,,,0.36569786071777344,,,,,,,,,,,,,,,,,,,0.44959306716918945,,,0.6376399993896484,,,,,,,,,,,,,,,,,,,
4979,,,,,,,,,0.41373515129089355,,,,,,,,,,,,,,,,,,,0.4000530242919922,,,0.6420810222625732,,,,,,,,,,,,,,,,,,,
4980,,,,,,,,,0.38740015029907227,,,,,,,,,,,,,,,,,,,0.3910820484161377,,,0.6595220565795898,,,,,,,,,,,,,,,,,,,
4981,,,,,,,,,0.37141919136047363,,,,,,,,,,,,,,,,,,,0.42081403732299805,,,0.7045857906341553,,,,,,,,,,,,,,,,,,,
4982,,,,,,,,,0.3678309917449951,,,,,,,,,,,,,,,,,,,0.4078400135040283,,,0.7089619636535645,,,,,,,,,,,,,,,,,,,
4983,,,,,,,,,0.3637199401855469,,,,,,,,,,,,,,,,,,,0.437028169631958,,,0.6898970603942871,,,,,,,,,,,,,,,,,,,
4984,,,,,,,,,0.3858327865600586,,,,,,,,,,,,,,,,,,,0.3802199363708496,,,0.6194429397583008,,,,,,,,,,,,,,,,,,,
4985,,,,,,,,,0.3909292221069336,,,,,,,,,,,,,,,,,,,0.3786032199859619,,,0.6981041431427002,,,,,,,,,,,,,,,,,,,
4986,,,,,,,,,0.3873720169067383,,,,,,,,,,,,,,,,,,,0.3937969207763672,,,0.7195699214935303,,,,,,,,,,,,,,,,,,,
4987,,,,,,,,,0.3728909492492676,,,,,,,,,,,,,,,,,,,0.37500715255737305,,,0.6442568302154541,,,,,,,,,,,,,,,,,,,
4988,,,,,,,,,0.3674139976501465,,,,,,,,,,,,,,,,,,,0.42188286781311035,,,0.7089650630950928,,,,,,,,,,,,,,,,,,,
4989,,,,,,,,,0.4145350456237793,,,,,,,,,,,,,,,,,,,0.3913388252258301,,,0.6901102066040039,,,,,,,,,,,,,,,,,,,
4990,,,,,,,,,0.3894309997558594,,,,,,,,,,,,,,,,,,,0.37804198265075684,,,0.6906681060791016,,,,,,,,,,,,,,,,,,,
4991,,,,,,,,,0.36078572273254395,,,,,,,,,,,,,,,,,,,0.4055969715118408,,,0.6666579246520996,,,,,,,,,,,,,,,,,,,
4992,,,,,,,,,0.37067699432373047,,,,,,,,,,,,,,,,,,,0.4003751277923584,,,1.510024070739746,,,,,,,,,,,,,,,,,,,
4993,,,,,,,,,0.388796329498291,,,,,,,,,,,,,,,,,,,0.4080829620361328,,,0.6431820392608643,,,,,,,,,,,,,,,,,,,
4994,,,,,,,,,0.40985918045043945,,,,,,,,,,,,,,,,,,,0.39469385147094727,,,0.6279187202453613,,,,,,,,,,,,,,,,,,,
4995,,,,,,,,,0.3821749687194824,,,,,,,,,,,,,,,,,,,0.3746929168701172,,,0.6897220611572266,,,,,,,,,,,,,,,,,,,
4996,,,,,,,,,0.380828857421875,,,,,,,,,,,,,,,,,,,0.395571231842041,,,0.6878430843353271,,,,,,,,,,,,,,,,,,,
4997,,,,,,,,,0.38163089752197266,,,,,,,,,,,,,,,,,,,0.39219212532043457,,,0.6387336254119873,,,,,,,,,,,,,,,,,,,
4998,,,,,,,,,0.36780810356140137,,,,,,,,,,,,,,,,,,,0.40428590774536133,,,0.7220261096954346,,,,,,,,,,,,,,,,,,,
4999,,,,,,,,,0.41301393508911133,,,,,,,,,,,,,,,,,,,0.40022778511047363,,,0.697711706161499,,,,,,,,,,,,,,,,,,,
